0,0,-3.037470e+003
0,1,-3.352802e+003
0,2,-3.457725e+003
0,3,-3.485338e+003
0,4,-3.513817e+003
0,5,-3.537625e+003
0,6,-3.556105e+003
0,7,-3.563029e+003
0,8,-3.575407e+003
0,9,-3.584979e+003
0,10,-3.592698e+003
0,11,-3.596514e+003
0,12,-3.602657e+003
0,13,-3.609474e+003
0,14,-3.613265e+003
0,15,-3.615025e+003
0,16,-3.618643e+003
0,17,-3.622496e+003
0,18,-3.625378e+003
0,19,-3.627053e+003
0,20,-3.628441e+003
0,21,-3.630099e+003
0,22,-3.631109e+003
0,23,-3.631630e+003
0,24,-3.632004e+003
0,25,-3.633174e+003
0,26,-3.633887e+003
0,27,-3.634572e+003
0,28,-3.635202e+003
0,29,-3.636036e+003
0,30,-3.636758e+003
0,31,-3.637316e+003
0,32,-3.637534e+003
0,33,-3.638020e+003
0,34,-3.638413e+003
0,35,-3.638789e+003
0,36,-3.639185e+003
0,37,-3.639621e+003
0,38,-3.639947e+003
0,39,-3.640275e+003
0,40,-3.640532e+003
0,41,-3.640856e+003
0,42,-3.641557e+003
0,43,-3.642061e+003
0,44,-3.642240e+003
0,45,-3.642777e+003
0,46,-3.643612e+003
0,47,-3.644169e+003
0,48,-3.644551e+003
0,49,-3.645261e+003
0,50,-3.646298e+003
0,51,-3.647021e+003
0,52,-3.647658e+003
0,53,-3.648922e+003
0,54,-3.650176e+003
0,55,-3.651263e+003
0,56,-3.652507e+003
0,57,-3.654952e+003
0,58,-3.656959e+003
0,59,-3.658388e+003
0,60,-3.658678e+003
0,61,-3.659541e+003
0,62,-3.661096e+003
0,63,-3.661721e+003
0,64,-3.661925e+003
0,65,-3.663321e+003
0,66,-3.664469e+003
0,67,-3.665083e+003
0,68,-3.666335e+003
0,69,-3.667428e+003
0,70,-3.668724e+003
0,71,-3.669656e+003
0,72,-3.670905e+003
0,73,-3.671686e+003
0,74,-3.672406e+003
0,75,-3.673673e+003
0,76,-3.675281e+003
0,77,-3.675875e+003
0,78,-3.676778e+003
0,79,-3.677594e+003
0,80,-3.678756e+003
0,81,-3.678832e+003
0,82,-3.679515e+003
0,83,-3.679955e+003
0,84,-3.680167e+003
0,85,-3.680409e+003
0,86,-3.681409e+003
0,87,-3.681728e+003
0,88,-3.682024e+003
0,89,-3.682418e+003
0,90,-3.682520e+003
0,91,-3.682715e+003
0,92,-3.683093e+003
0,93,-3.683332e+003
0,94,-3.683449e+003
0,95,-3.683645e+003
0,96,-3.683738e+003
0,97,-3.684026e+003
0,98,-3.684301e+003
0,99,-3.684287e+003
0,100,-3.684436e+003
0,101,-3.684588e+003
0,102,-3.684664e+003
0,103,-3.684647e+003
0,104,-3.684863e+003
0,105,-3.684890e+003
0,106,-3.684814e+003
0,107,-3.684861e+003
0,108,-3.684859e+003
0,109,-3.684924e+003
0,110,-3.684966e+003
0,111,-3.684988e+003
0,112,-3.685005e+003
0,113,-3.685024e+003
0,114,-3.685037e+003
0,115,-3.685045e+003
0,116,-3.685050e+003
0,117,-3.685055e+003
0,118,-3.685062e+003
0,119,-3.685069e+003
0,120,-3.685004e+003
0,121,-3.685008e+003
0,122,-3.685011e+003
0,123,-3.684876e+003
0,124,-3.684880e+003
0,125,-3.684885e+003
0,126,-3.684887e+003
0,127,-3.684815e+003
0,128,-3.684750e+003
0,129,-3.684684e+003
0,130,-3.684757e+003
0,131,-3.684760e+003
0,132,-3.684765e+003
0,133,-3.684769e+003
0,134,-3.684772e+003
0,135,-3.684775e+003
0,136,-3.684710e+003
0,137,-3.684647e+003
0,138,-3.684651e+003
0,139,-3.684658e+003
0,140,-3.684666e+003
0,141,-3.684673e+003
0,142,-3.684677e+003
0,143,-3.684614e+003
0,144,-3.684622e+003
0,145,-3.684629e+003
0,146,-3.684633e+003
0,147,-3.684712e+003
0,148,-3.684722e+003
0,149,-3.684588e+003
0,150,-3.684593e+003
0,151,-3.684606e+003
0,152,-3.684619e+003
0,153,-3.684704e+003
0,154,-3.684712e+003
0,155,-3.684656e+003
0,156,-3.684669e+003
0,157,-3.684687e+003
0,158,-3.684699e+003
0,159,-3.684713e+003
0,160,-3.684740e+003
0,161,-3.684771e+003
0,162,-3.684717e+003
0,163,-3.684742e+003
0,164,-3.684790e+003
0,165,-3.685130e+003
0,166,-3.685194e+003
0,167,-3.685227e+003
0,168,-3.685337e+003
0,169,-3.685527e+003
0,170,-3.685641e+003
0,171,-3.685686e+003
0,172,-3.685702e+003
0,173,-3.685884e+003
0,174,-3.685855e+003
0,175,-3.686039e+003
0,176,-3.686073e+003
0,177,-3.686029e+003
0,178,-3.686113e+003
0,179,-3.686140e+003
0,180,-3.686233e+003
0,181,-3.686392e+003
0,182,-3.686412e+003
0,183,-3.686421e+003
0,184,-3.686436e+003
0,185,-3.686449e+003
0,186,-3.686459e+003
0,187,-3.686464e+003
0,188,-3.686472e+003
0,189,-3.686555e+003
0,190,-3.686562e+003
0,191,-3.686565e+003
0,192,-3.686501e+003
0,193,-3.686509e+003
0,194,-3.686587e+003
0,195,-3.686662e+003
0,196,-3.686670e+003
0,197,-3.686678e+003
0,198,-3.686685e+003
0,199,-3.686619e+003
0,200,-3.686621e+003
0,201,-3.686695e+003
0,202,-3.686700e+003
0,203,-3.686634e+003
0,204,-3.686639e+003
0,205,-3.686644e+003
0,206,-3.686647e+003
0,207,-3.686650e+003
0,208,-3.686655e+003
0,209,-3.686732e+003
0,210,-3.686737e+003
0,211,-3.686673e+003
0,212,-3.686680e+003
0,213,-3.686687e+003
0,214,-3.686691e+003
0,215,-3.686696e+003
0,216,-3.686704e+003
0,217,-3.686635e+003
0,218,-3.686644e+003
0,219,-3.686726e+003
0,220,-3.686743e+003
0,221,-3.686826e+003
0,222,-3.686911e+003
0,223,-3.687069e+003
0,224,-3.687086e+003
0,225,-3.687103e+003
0,226,-3.687184e+003
0,227,-3.687344e+003
0,228,-3.687365e+003
0,229,-3.687323e+003
0,230,-3.687432e+003
0,231,-3.687452e+003
0,232,-3.687550e+003
0,233,-3.687579e+003
0,234,-3.687663e+003
0,235,-3.687685e+003
0,236,-3.687640e+003
0,237,-3.687588e+003
0,238,-3.687670e+003
0,239,-3.687694e+003
0,240,-3.687860e+003
0,241,-3.687951e+003
0,242,-3.687894e+003
0,243,-3.687998e+003
0,244,-3.688108e+003
0,245,-3.688064e+003
0,246,-3.688156e+003
0,247,-3.688188e+003
0,248,-3.688228e+003
0,249,-3.688329e+003
0,250,-3.688356e+003
0,251,-3.688469e+003
0,252,-3.688434e+003
0,253,-3.688463e+003
0,254,-3.688560e+003
0,255,-3.688531e+003
0,256,-3.688500e+003
0,257,-3.688543e+003
0,258,-3.688562e+003
0,259,-3.688591e+003
0,260,-3.688626e+003
0,261,-3.688646e+003
0,262,-3.688596e+003
0,263,-3.688604e+003
0,264,-3.688616e+003
0,265,-3.688629e+003
0,266,-3.688570e+003
0,267,-3.688579e+003
0,268,-3.688584e+003
0,269,-3.688594e+003
0,270,-3.688597e+003
0,271,-3.688605e+003
0,272,-3.688602e+003
0,273,-3.688685e+003
0,274,-3.688699e+003
0,275,-3.688704e+003
0,276,-3.688708e+003
0,277,-3.688782e+003
0,278,-3.688787e+003
0,279,-3.688791e+003
0,280,-3.688798e+003
0,281,-3.688799e+003
0,282,-3.688873e+003
0,283,-3.688875e+003
0,284,-3.688872e+003
0,285,-3.688874e+003
0,286,-3.688876e+003
0,287,-3.688878e+003
0,288,-3.688881e+003
0,289,-3.688882e+003
0,290,-3.688884e+003
0,291,-3.688886e+003
0,292,-3.688958e+003
0,293,-3.688960e+003
0,294,-3.688961e+003
0,295,-3.688962e+003
0,296,-3.688963e+003
0,297,-3.688964e+003
0,298,-3.688964e+003
0,299,-3.688966e+003
0,300,-3.688967e+003
0,301,-3.688967e+003
0,302,-3.688967e+003
0,303,-3.689039e+003
0,304,-3.689040e+003
0,305,-3.689041e+003
0,306,-3.689042e+003
0,307,-3.689043e+003
0,308,-3.689050e+003
0,309,-3.689051e+003
0,310,-3.689053e+003
0,311,-3.689049e+003
0,312,-3.689051e+003
0,313,-3.689054e+003
0,314,-3.689055e+003
0,315,-3.688986e+003
0,316,-3.688996e+003
0,317,-3.689001e+003
0,318,-3.689006e+003
0,319,-3.689009e+003
0,320,-3.688944e+003
0,321,-3.688952e+003
0,322,-3.689026e+003
0,323,-3.689037e+003
0,324,-3.688983e+003
0,325,-3.688988e+003
0,326,-3.688997e+003
0,327,-3.688938e+003
0,328,-3.688949e+003
0,329,-3.689029e+003
0,330,-3.689033e+003
0,331,-3.688969e+003
0,332,-3.688982e+003
0,333,-3.688988e+003
0,334,-3.689063e+003
0,335,-3.689065e+003
0,336,-3.689068e+003
0,337,-3.689072e+003
0,338,-3.689075e+003
0,339,-3.689077e+003
0,340,-3.689078e+003
0,341,-3.689079e+003
0,342,-3.689081e+003
0,343,-3.689082e+003
0,344,-3.689011e+003
0,345,-3.689012e+003
0,346,-3.689012e+003
0,347,-3.689013e+003
0,348,-3.689013e+003
0,349,-3.689014e+003
0,350,-3.689014e+003
0,351,-3.689014e+003
0,352,-3.689008e+003
0,353,-3.689008e+003
0,354,-3.689008e+003
0,355,-3.689009e+003
1,0,-3.689034e+003
1,1,-3.689034e+003
1,2,-3.689034e+003
1,3,-3.689034e+003
1,4,-3.689035e+003
1,5,-3.689035e+003
1,6,-3.689035e+003
1,7,-3.689035e+003
1,8,-3.689036e+003
1,9,-3.689036e+003
1,10,-3.689036e+003
1,11,-3.689036e+003
1,12,-3.689036e+003
1,13,-3.689037e+003
1,14,-3.689037e+003
1,15,-3.689037e+003
1,16,-3.689037e+003
1,17,-3.689037e+003
1,18,-3.689037e+003
1,19,-3.689037e+003
1,20,-3.689038e+003
1,21,-3.689038e+003
1,22,-3.689038e+003
1,23,-3.689038e+003
1,24,-3.689038e+003
1,25,-3.689038e+003
1,26,-3.689039e+003
1,27,-3.689039e+003
2,0,-3.688968e+003
2,1,-3.688968e+003
2,2,-3.688969e+003
2,3,-3.688969e+003
2,4,-3.688969e+003
2,5,-3.688969e+003
2,6,-3.688969e+003
3,0,-3.687771e+003
3,1,-3.687771e+003
3,2,-3.687771e+003
3,3,-3.687771e+003
3,4,-3.687771e+003
3,5,-3.687772e+003
3,6,-3.687772e+003
3,7,-3.687772e+003
3,8,-3.687772e+003
3,9,-3.687775e+003
3,10,-3.687777e+003
3,11,-3.687782e+003
3,12,-3.687783e+003
3,13,-3.687784e+003
3,14,-3.687785e+003
3,15,-3.687786e+003
3,16,-3.687786e+003
3,17,-3.687786e+003
3,18,-3.687787e+003
3,19,-3.687787e+003
3,20,-3.687788e+003
3,21,-3.687788e+003
3,22,-3.687788e+003
3,23,-3.687789e+003
3,24,-3.687789e+003
3,25,-3.687789e+003
3,26,-3.687789e+003
3,27,-3.687789e+003
3,28,-3.687789e+003
4,0,-3.686330e+003
4,1,-3.686330e+003
4,2,-3.686331e+003
4,3,-3.686331e+003
4,4,-3.686331e+003
4,5,-3.686331e+003
4,6,-3.686261e+003
4,7,-3.686261e+003
4,8,-3.686261e+003
4,9,-3.686261e+003
4,10,-3.686261e+003
4,11,-3.686268e+003
4,12,-3.686268e+003
4,13,-3.686268e+003
4,14,-3.686268e+003
4,15,-3.686268e+003
4,16,-3.686268e+003
4,17,-3.686269e+003
4,18,-3.686269e+003
4,19,-3.686269e+003
4,20,-3.686269e+003
4,21,-3.686269e+003
4,22,-3.686269e+003
5,0,-3.685916e+003
5,1,-3.685916e+003
5,2,-3.685917e+003
5,3,-3.685917e+003
5,4,-3.685917e+003
5,5,-3.685917e+003
5,6,-3.685917e+003
5,7,-3.685847e+003
5,8,-3.685847e+003
5,9,-3.685847e+003
5,10,-3.685847e+003
5,11,-3.685847e+003
5,12,-3.685847e+003
5,13,-3.685847e+003
5,14,-3.685777e+003
5,15,-3.685777e+003
5,16,-3.685777e+003
5,17,-3.685777e+003
5,18,-3.685777e+003
5,19,-3.685777e+003
6,0,-3.685644e+003
6,1,-3.685644e+003
6,2,-3.685644e+003
6,3,-3.685644e+003
6,4,-3.685644e+003
6,5,-3.685644e+003
6,6,-3.685644e+003
6,7,-3.685645e+003
6,8,-3.685638e+003
6,9,-3.685639e+003
6,10,-3.685639e+003
6,11,-3.685639e+003
6,12,-3.685639e+003
6,13,-3.685639e+003
6,14,-3.685639e+003
6,15,-3.685639e+003
6,16,-3.685639e+003
6,17,-3.685640e+003
6,18,-3.685640e+003
6,19,-3.685640e+003
6,20,-3.685640e+003
6,21,-3.685640e+003
6,22,-3.685640e+003
7,0,-3.686024e+003
7,1,-3.686024e+003
7,2,-3.686024e+003
7,3,-3.686024e+003
7,4,-3.686024e+003
7,5,-3.686024e+003
7,6,-3.686024e+003
8,0,-3.686170e+003
8,1,-3.686170e+003
8,2,-3.686170e+003
8,3,-3.686170e+003
8,4,-3.686170e+003
8,5,-3.686170e+003
8,6,-3.686170e+003
8,7,-3.686173e+003
8,8,-3.686175e+003
8,9,-3.686176e+003
8,10,-3.686177e+003
8,11,-3.686177e+003
8,12,-3.686177e+003
8,13,-3.686177e+003
8,14,-3.686177e+003
8,15,-3.686178e+003
8,16,-3.686178e+003
8,17,-3.686178e+003
8,18,-3.686178e+003
9,0,-3.685585e+003
9,1,-3.685585e+003
9,2,-3.685585e+003
9,3,-3.685585e+003
9,4,-3.685586e+003
9,5,-3.685586e+003
9,6,-3.685586e+003
9,7,-3.685586e+003
9,8,-3.685586e+003
9,9,-3.685586e+003
9,10,-3.685587e+003
9,11,-3.685587e+003
10,0,-3.686447e+003
10,1,-3.686447e+003
10,2,-3.686447e+003
10,3,-3.686447e+003
10,4,-3.686448e+003
10,5,-3.686448e+003
10,6,-3.686448e+003
10,7,-3.686448e+003
10,8,-3.686448e+003
10,9,-3.686448e+003
10,10,-3.686448e+003
11,0,-3.687593e+003
11,1,-3.687593e+003
11,2,-3.687593e+003
11,3,-3.687593e+003
11,4,-3.687593e+003
11,5,-3.687593e+003
11,6,-3.687593e+003
12,0,-3.688015e+003
12,1,-3.688015e+003
12,2,-3.688015e+003
12,3,-3.688015e+003
12,4,-3.688016e+003
12,5,-3.688016e+003
12,6,-3.688016e+003
12,7,-3.688016e+003
13,0,-3.689103e+003
13,1,-3.689103e+003
13,2,-3.689103e+003
13,3,-3.689103e+003
13,4,-3.689104e+003
13,5,-3.689104e+003
13,6,-3.689175e+003
13,7,-3.689175e+003
13,8,-3.689175e+003
14,0,-3.690181e+003
14,1,-3.690182e+003
14,2,-3.690182e+003
14,3,-3.690182e+003
14,4,-3.690182e+003
14,5,-3.690182e+003
14,6,-3.690182e+003
14,7,-3.690112e+003
14,8,-3.690112e+003
14,9,-3.690112e+003
15,0,-3.691125e+003
15,1,-3.691125e+003
15,2,-3.691125e+003
15,3,-3.691125e+003
15,4,-3.691125e+003
15,5,-3.691126e+003
15,6,-3.691126e+003
15,7,-3.691126e+003
15,8,-3.691126e+003
16,0,-3.691552e+003
16,1,-3.691622e+003
16,2,-3.691623e+003
16,3,-3.691623e+003
16,4,-3.691623e+003
16,5,-3.691623e+003
16,6,-3.691623e+003
16,7,-3.691623e+003
16,8,-3.691623e+003
16,9,-3.691624e+003
17,0,-3.692568e+003
17,1,-3.692568e+003
17,2,-3.692568e+003
17,3,-3.692568e+003
17,4,-3.692568e+003
17,5,-3.692569e+003
17,6,-3.692569e+003
17,7,-3.692569e+003
18,0,-3.693190e+003
18,1,-3.693191e+003
18,2,-3.693191e+003
18,3,-3.693191e+003
18,4,-3.693192e+003
18,5,-3.693194e+003
18,6,-3.693194e+003
18,7,-3.693196e+003
18,8,-3.693197e+003
18,9,-3.693268e+003
18,10,-3.693269e+003
18,11,-3.693270e+003
18,12,-3.693270e+003
18,13,-3.693272e+003
18,14,-3.693272e+003
18,15,-3.693272e+003
18,16,-3.693273e+003
18,17,-3.693273e+003
18,18,-3.693274e+003
18,19,-3.693274e+003
18,20,-3.693274e+003
18,21,-3.693275e+003
18,22,-3.693275e+003
18,23,-3.693275e+003
18,24,-3.693275e+003
19,0,-3.693071e+003
19,1,-3.693071e+003
19,2,-3.693072e+003
19,3,-3.693072e+003
19,4,-3.693072e+003
19,5,-3.693072e+003
19,6,-3.693073e+003
19,7,-3.693073e+003
19,8,-3.693073e+003
19,9,-3.693073e+003
19,10,-3.693073e+003
20,0,-3.692248e+003
20,1,-3.692249e+003
20,2,-3.692249e+003
20,3,-3.692249e+003
20,4,-3.692249e+003
20,5,-3.692320e+003
20,6,-3.692320e+003
20,7,-3.692320e+003
20,8,-3.692321e+003
20,9,-3.692321e+003
20,10,-3.692321e+003
20,11,-3.692321e+003
20,12,-3.692321e+003
20,13,-3.692321e+003
21,0,-3.691465e+003
21,1,-3.691465e+003
21,2,-3.691465e+003
21,3,-3.691465e+003
21,4,-3.691465e+003
21,5,-3.691465e+003
21,6,-3.691465e+003
22,0,-3.691530e+003
22,1,-3.691531e+003
22,2,-3.691531e+003
22,3,-3.691531e+003
22,4,-3.691531e+003
22,5,-3.691531e+003
22,6,-3.691531e+003
22,7,-3.691532e+003
22,8,-3.691532e+003
23,0,-3.691317e+003
23,1,-3.691317e+003
23,2,-3.691388e+003
23,3,-3.691388e+003
23,4,-3.691459e+003
23,5,-3.691459e+003
23,6,-3.691460e+003
23,7,-3.691460e+003
23,8,-3.691460e+003
23,9,-3.691460e+003
23,10,-3.691460e+003
23,11,-3.691461e+003
23,12,-3.691461e+003
23,13,-3.691461e+003
23,14,-3.691461e+003
23,15,-3.691390e+003
23,16,-3.691390e+003
23,17,-3.691390e+003
23,18,-3.691461e+003
23,19,-3.691462e+003
23,20,-3.691462e+003
23,21,-3.691462e+003
23,22,-3.691462e+003
24,0,-3.690900e+003
24,1,-3.690901e+003
24,2,-3.690901e+003
24,3,-3.690901e+003
24,4,-3.690901e+003
24,5,-3.690901e+003
24,6,-3.690902e+003
24,7,-3.690831e+003
24,8,-3.690831e+003
24,9,-3.690832e+003
24,10,-3.690832e+003
24,11,-3.690832e+003
24,12,-3.690832e+003
24,13,-3.690833e+003
24,14,-3.690762e+003
24,15,-3.690773e+003
24,16,-3.690847e+003
24,17,-3.690851e+003
24,18,-3.690857e+003
24,19,-3.690790e+003
24,20,-3.690791e+003
24,21,-3.690795e+003
24,22,-3.690797e+003
24,23,-3.690799e+003
24,24,-3.690800e+003
24,25,-3.690801e+003
24,26,-3.690802e+003
24,27,-3.690733e+003
24,28,-3.690733e+003
24,29,-3.690733e+003
24,30,-3.690663e+003
24,31,-3.690664e+003
24,32,-3.690664e+003
24,33,-3.690665e+003
24,34,-3.690666e+003
24,35,-3.690667e+003
24,36,-3.690667e+003
24,37,-3.690667e+003
24,38,-3.690667e+003
24,39,-3.690668e+003
24,40,-3.690668e+003
24,41,-3.690668e+003
24,42,-3.690668e+003
24,43,-3.690669e+003
24,44,-3.690598e+003
24,45,-3.690598e+003
24,46,-3.690598e+003
24,47,-3.690598e+003
24,48,-3.690598e+003
25,0,-3.688300e+003
25,1,-3.688300e+003
25,2,-3.688300e+003
25,3,-3.688300e+003
25,4,-3.688300e+003
25,5,-3.688301e+003
25,6,-3.688297e+003
25,7,-3.688297e+003
25,8,-3.688297e+003
25,9,-3.688227e+003
25,10,-3.688227e+003
25,11,-3.688228e+003
25,12,-3.688228e+003
25,13,-3.688228e+003
25,14,-3.688228e+003
25,15,-3.688229e+003
25,16,-3.688229e+003
25,17,-3.688229e+003
25,18,-3.688230e+003
25,19,-3.688224e+003
25,20,-3.688224e+003
25,21,-3.688224e+003
25,22,-3.688225e+003
25,23,-3.688225e+003
25,24,-3.688225e+003
25,25,-3.688226e+003
25,26,-3.688226e+003
25,27,-3.688226e+003
25,28,-3.688226e+003
25,29,-3.688156e+003
25,30,-3.688156e+003
25,31,-3.688156e+003
25,32,-3.688157e+003
25,33,-3.688157e+003
25,34,-3.688157e+003
25,35,-3.688157e+003
25,36,-3.688157e+003
25,37,-3.688158e+003
25,38,-3.688158e+003
25,39,-3.688158e+003
25,40,-3.688158e+003
25,41,-3.688158e+003
25,42,-3.688159e+003
25,43,-3.688159e+003
25,44,-3.688159e+003
25,45,-3.688159e+003
25,46,-3.688089e+003
25,47,-3.688089e+003
25,48,-3.688089e+003
25,49,-3.688089e+003
25,50,-3.688089e+003
25,51,-3.688089e+003
25,52,-3.688089e+003
25,53,-3.688090e+003
26,0,-3.684381e+003
26,1,-3.684381e+003
26,2,-3.684381e+003
26,3,-3.684381e+003
26,4,-3.684381e+003
26,5,-3.684381e+003
26,6,-3.684382e+003
26,7,-3.684453e+003
26,8,-3.684453e+003
26,9,-3.684453e+003
26,10,-3.684453e+003
26,11,-3.684453e+003
26,12,-3.684474e+003
26,13,-3.684493e+003
26,14,-3.684511e+003
26,15,-3.684526e+003
26,16,-3.684540e+003
26,17,-3.684481e+003
26,18,-3.684398e+003
26,19,-3.684405e+003
26,20,-3.684694e+003
26,21,-3.684796e+003
26,22,-3.684804e+003
26,23,-3.684717e+003
26,24,-3.684726e+003
26,25,-3.684800e+003
26,26,-3.684803e+003
26,27,-3.684805e+003
26,28,-3.684877e+003
26,29,-3.684880e+003
26,30,-3.684882e+003
26,31,-3.684884e+003
26,32,-3.684886e+003
26,33,-3.684980e+003
26,34,-3.684982e+003
26,35,-3.684983e+003
26,36,-3.684984e+003
26,37,-3.684985e+003
26,38,-3.684985e+003
26,39,-3.684986e+003
26,40,-3.684986e+003
26,41,-3.684987e+003
26,42,-3.684988e+003
26,43,-3.684988e+003
26,44,-3.684989e+003
26,45,-3.684989e+003
26,46,-3.684989e+003
26,47,-3.684990e+003
26,48,-3.684990e+003
26,49,-3.684990e+003
26,50,-3.684991e+003
26,51,-3.684991e+003
26,52,-3.684991e+003
27,0,-3.682117e+003
27,1,-3.682117e+003
27,2,-3.682117e+003
27,3,-3.682117e+003
27,4,-3.682117e+003
27,5,-3.682117e+003
27,6,-3.682118e+003
27,7,-3.682118e+003
27,8,-3.682118e+003
27,9,-3.682118e+003
27,10,-3.682119e+003
27,11,-3.682119e+003
27,12,-3.682119e+003
27,13,-3.682120e+003
27,14,-3.682120e+003
27,15,-3.682120e+003
27,16,-3.682120e+003
27,17,-3.682120e+003
27,18,-3.682121e+003
27,19,-3.682121e+003
27,20,-3.682121e+003
27,21,-3.682121e+003
27,22,-3.682122e+003
27,23,-3.682122e+003
27,24,-3.682122e+003
27,25,-3.682122e+003
27,26,-3.682123e+003
27,27,-3.682123e+003
27,28,-3.682123e+003
27,29,-3.682194e+003
27,30,-3.682195e+003
27,31,-3.682195e+003
27,32,-3.682266e+003
27,33,-3.682266e+003
27,34,-3.682337e+003
27,35,-3.682337e+003
27,36,-3.682337e+003
27,37,-3.682337e+003
27,38,-3.682338e+003
27,39,-3.682338e+003
27,40,-3.682338e+003
27,41,-3.682338e+003
27,42,-3.682339e+003
27,43,-3.682339e+003
27,44,-3.682340e+003
27,45,-3.682340e+003
27,46,-3.682340e+003
27,47,-3.682341e+003
27,48,-3.682341e+003
27,49,-3.682341e+003
27,50,-3.682341e+003
27,51,-3.682341e+003
27,52,-3.682342e+003
27,53,-3.682342e+003
27,54,-3.682342e+003
27,55,-3.682342e+003
27,56,-3.682343e+003
27,57,-3.682343e+003
27,58,-3.682343e+003
27,59,-3.682354e+003
27,60,-3.682387e+003
27,61,-3.682325e+003
27,62,-3.682497e+003
27,63,-3.682519e+003
27,64,-3.682537e+003
27,65,-3.682482e+003
27,66,-3.682512e+003
27,67,-3.682530e+003
27,68,-3.682475e+003
27,69,-3.682485e+003
27,70,-3.682492e+003
27,71,-3.682501e+003
27,72,-3.682509e+003
27,73,-3.682514e+003
27,74,-3.682517e+003
27,75,-3.682518e+003
27,76,-3.682519e+003
27,77,-3.682450e+003
27,78,-3.682451e+003
27,79,-3.682452e+003
27,80,-3.682452e+003
27,81,-3.682452e+003
27,82,-3.682382e+003
27,83,-3.682383e+003
27,84,-3.682383e+003
27,85,-3.682384e+003
27,86,-3.682385e+003
27,87,-3.682385e+003
27,88,-3.682315e+003
27,89,-3.682316e+003
27,90,-3.682316e+003
27,91,-3.682316e+003
27,92,-3.682317e+003
27,93,-3.682317e+003
27,94,-3.682317e+003
27,95,-3.682317e+003
27,96,-3.682317e+003
27,97,-3.682317e+003
28,0,-3.677330e+003
28,1,-3.677330e+003
28,2,-3.677330e+003
28,3,-3.677330e+003
28,4,-3.677330e+003
28,5,-3.677330e+003
28,6,-3.677330e+003
28,7,-3.677331e+003
28,8,-3.677331e+003
28,9,-3.677331e+003
28,10,-3.677331e+003
28,11,-3.677331e+003
28,12,-3.677331e+003
28,13,-3.677332e+003
28,14,-3.677332e+003
28,15,-3.677332e+003
28,16,-3.677332e+003
28,17,-3.677333e+003
28,18,-3.677333e+003
28,19,-3.677333e+003
28,20,-3.677334e+003
28,21,-3.677334e+003
28,22,-3.677334e+003
28,23,-3.677334e+003
28,24,-3.677335e+003
28,25,-3.677335e+003
28,26,-3.677335e+003
28,27,-3.677335e+003
28,28,-3.677265e+003
28,29,-3.677265e+003
28,30,-3.677265e+003
28,31,-3.677259e+003
28,32,-3.677259e+003
28,33,-3.677259e+003
28,34,-3.677259e+003
28,35,-3.677260e+003
28,36,-3.677260e+003
28,37,-3.677331e+003
28,38,-3.677260e+003
28,39,-3.677260e+003
28,40,-3.677261e+003
28,41,-3.677261e+003
28,42,-3.677261e+003
28,43,-3.677261e+003
28,44,-3.677262e+003
28,45,-3.677262e+003
28,46,-3.677262e+003
28,47,-3.677262e+003
28,48,-3.677263e+003
28,49,-3.677263e+003
28,50,-3.677263e+003
28,51,-3.677264e+003
28,52,-3.677264e+003
28,53,-3.677264e+003
28,54,-3.677264e+003
28,55,-3.677194e+003
28,56,-3.677194e+003
28,57,-3.677194e+003
28,58,-3.677194e+003
28,59,-3.677194e+003
28,60,-3.677195e+003
28,61,-3.677328e+003
28,62,-3.677380e+003
28,63,-3.677456e+003
28,64,-3.677517e+003
28,65,-3.677596e+003
28,66,-3.677625e+003
28,67,-3.677660e+003
28,68,-3.677697e+003
28,69,-3.677799e+003
28,70,-3.677816e+003
28,71,-3.677827e+003
28,72,-3.677774e+003
28,73,-3.677789e+003
28,74,-3.677727e+003
28,75,-3.677731e+003
28,76,-3.677739e+003
28,77,-3.678098e+003
28,78,-3.678104e+003
28,79,-3.678106e+003
28,80,-3.678109e+003
28,81,-3.678184e+003
28,82,-3.678193e+003
28,83,-3.678194e+003
28,84,-3.678196e+003
28,85,-3.678197e+003
28,86,-3.678198e+003
28,87,-3.678199e+003
28,88,-3.678129e+003
28,89,-3.678200e+003
28,90,-3.678200e+003
28,91,-3.678201e+003
28,92,-3.678201e+003
28,93,-3.678202e+003
28,94,-3.678202e+003
28,95,-3.678202e+003
28,96,-3.678203e+003
28,97,-3.678274e+003
28,98,-3.678274e+003
28,99,-3.678275e+003
28,100,-3.678276e+003
28,101,-3.678276e+003
28,102,-3.678276e+003
28,103,-3.678276e+003
28,104,-3.678277e+003
28,105,-3.678277e+003
28,106,-3.678277e+003
28,107,-3.678277e+003
28,108,-3.678277e+003
29,0,-3.670028e+003
29,1,-3.670028e+003
29,2,-3.670028e+003
29,3,-3.670028e+003
29,4,-3.670028e+003
29,5,-3.670029e+003
29,6,-3.670029e+003
30,0,-3.657017e+003
30,1,-3.657017e+003
30,2,-3.657017e+003
30,3,-3.657017e+003
30,4,-3.657017e+003
30,5,-3.657017e+003
30,6,-3.657011e+003
31,0,-3.636847e+003
31,1,-3.636847e+003
31,2,-3.636847e+003
31,3,-3.636847e+003
31,4,-3.636847e+003
31,5,-3.636835e+003
31,6,-3.636835e+003
31,7,-3.636835e+003
31,8,-3.636835e+003
31,9,-3.636835e+003
31,10,-3.636835e+003
31,11,-3.636835e+003
31,12,-3.636835e+003
31,13,-3.636835e+003
31,14,-3.636836e+003
31,15,-3.636836e+003
31,16,-3.636836e+003
31,17,-3.636836e+003
31,18,-3.636836e+003
31,19,-3.636836e+003
31,20,-3.636836e+003
31,21,-3.636836e+003
31,22,-3.636837e+003
31,23,-3.636837e+003
31,24,-3.636837e+003
31,25,-3.636837e+003
31,26,-3.636837e+003
31,27,-3.636837e+003
31,28,-3.636837e+003
31,29,-3.636838e+003
31,30,-3.636838e+003
31,31,-3.636838e+003
31,32,-3.636838e+003
31,33,-3.636838e+003
31,34,-3.636838e+003
31,35,-3.636838e+003
31,36,-3.636839e+003
31,37,-3.636839e+003
31,38,-3.637603e+003
31,39,-3.640372e+003
31,40,-3.642152e+003
31,41,-3.643497e+003
31,42,-3.644484e+003
31,43,-3.644860e+003
31,44,-3.645137e+003
31,45,-3.645348e+003
31,46,-3.645531e+003
31,47,-3.645750e+003
31,48,-3.645866e+003
31,49,-3.645994e+003
31,50,-3.646136e+003
31,51,-3.646196e+003
31,52,-3.646167e+003
31,53,-3.646131e+003
31,54,-3.646151e+003
31,55,-3.646161e+003
31,56,-3.646177e+003
31,57,-3.646118e+003
31,58,-3.646128e+003
31,59,-3.646136e+003
31,60,-3.646143e+003
31,61,-3.646146e+003
31,62,-3.646153e+003
31,63,-3.646160e+003
31,64,-3.646168e+003
31,65,-3.646173e+003
31,66,-3.646177e+003
31,67,-3.646249e+003
31,68,-3.646277e+003
31,69,-3.646212e+003
31,70,-3.646218e+003
31,71,-3.646294e+003
31,72,-3.646228e+003
31,73,-3.646232e+003
31,74,-3.646164e+003
31,75,-3.646168e+003
31,76,-3.646174e+003
31,77,-3.646107e+003
31,78,-3.646110e+003
31,79,-3.646112e+003
31,80,-3.646114e+003
31,81,-3.646116e+003
31,82,-3.646118e+003
31,83,-3.646119e+003
31,84,-3.646120e+003
31,85,-3.646115e+003
31,86,-3.646186e+003
31,87,-3.646187e+003
31,88,-3.646188e+003
31,89,-3.646188e+003
31,90,-3.646188e+003
31,91,-3.646188e+003
31,92,-3.646189e+003
31,93,-3.646189e+003
31,94,-3.646189e+003
31,95,-3.646189e+003
31,96,-3.646189e+003
31,97,-3.646189e+003
32,0,-3.620669e+003
32,1,-3.620669e+003
32,2,-3.620670e+003
32,3,-3.620670e+003
32,4,-3.620670e+003
32,5,-3.620670e+003
32,6,-3.620670e+003
33,0,-3.585761e+003
33,1,-3.585762e+003
33,2,-3.585762e+003
33,3,-3.585762e+003
33,4,-3.585762e+003
33,5,-3.585762e+003
33,6,-3.585762e+003
34,0,-3.531748e+003
34,1,-3.531748e+003
34,2,-3.531748e+003
34,3,-3.531748e+003
34,4,-3.531749e+003
34,5,-3.531819e+003
34,6,-3.531819e+003
34,7,-3.531820e+003
35,0,-3.447930e+003
35,1,-3.447930e+003
35,2,-3.447930e+003
35,3,-3.448001e+003
35,4,-3.448001e+003
35,5,-3.448001e+003
35,6,-3.448001e+003
36,0,-3.316558e+003
36,1,-3.316558e+003
36,2,-3.316558e+003
36,3,-3.316558e+003
36,4,-3.316558e+003
36,5,-3.316558e+003
36,6,-3.316558e+003
37,0,-3.113079e+003
37,1,-3.113079e+003
37,2,-3.113079e+003
37,3,-3.113079e+003
37,4,-3.325380e+003
37,5,-3.358096e+003
37,6,-3.371401e+003
37,7,-3.379774e+003
37,8,-3.388969e+003
37,9,-3.397671e+003
37,10,-3.400158e+003
37,11,-3.403302e+003
37,12,-3.406298e+003
37,13,-3.408323e+003
37,14,-3.408965e+003
37,15,-3.409890e+003
37,16,-3.410909e+003
37,17,-3.411330e+003
37,18,-3.411583e+003
37,19,-3.411911e+003
37,20,-3.412220e+003
37,21,-3.412350e+003
37,22,-3.412453e+003
37,23,-3.412348e+003
37,24,-3.412163e+003
37,25,-3.412528e+003
37,26,-3.412608e+003
37,27,-3.412806e+003
37,28,-3.412903e+003
37,29,-3.413044e+003
37,30,-3.413120e+003
37,31,-3.413221e+003
37,32,-3.413229e+003
37,33,-3.413335e+003
37,34,-3.413378e+003
37,35,-3.413383e+003
37,36,-3.413346e+003
37,37,-3.413362e+003
37,38,-3.413124e+003
37,39,-3.413208e+003
37,40,-3.413247e+003
37,41,-3.413273e+003
37,42,-3.413470e+003
37,43,-3.413521e+003
37,44,-3.413287e+003
37,45,-3.413312e+003
37,46,-3.413277e+003
37,47,-3.413425e+003
37,48,-3.413442e+003
37,49,-3.413454e+003
37,50,-3.413473e+003
37,51,-3.413421e+003
37,52,-3.413433e+003
37,53,-3.413442e+003
37,54,-3.413503e+003
37,55,-3.413445e+003
37,56,-3.413453e+003
37,57,-3.413457e+003
37,58,-3.413463e+003
37,59,-3.413468e+003
37,60,-3.413472e+003
37,61,-3.413474e+003
37,62,-3.413477e+003
37,63,-3.413480e+003
37,64,-3.413483e+003
37,65,-3.413484e+003
37,66,-3.413486e+003
37,67,-3.413488e+003
37,68,-3.413490e+003
37,69,-3.413491e+003
37,70,-3.413493e+003
37,71,-3.413495e+003
37,72,-3.413497e+003
37,73,-3.413498e+003
37,74,-3.413500e+003
37,75,-3.413502e+003
37,76,-3.413504e+003
37,77,-3.413505e+003
37,78,-3.413506e+003
37,79,-3.413509e+003
37,80,-3.413511e+003
37,81,-3.413513e+003
37,82,-3.413514e+003
37,83,-3.413588e+003
37,84,-3.413590e+003
37,85,-3.413663e+003
37,86,-3.413664e+003
37,87,-3.413738e+003
37,88,-3.413740e+003
37,89,-3.413742e+003
37,90,-3.413744e+003
37,91,-3.413747e+003
37,92,-3.413755e+003
37,93,-3.413686e+003
37,94,-3.413688e+003
37,95,-3.413691e+003
37,96,-3.413694e+003
37,97,-3.413695e+003
37,98,-3.413692e+003
37,99,-3.413694e+003
37,100,-3.414043e+003
37,101,-3.414046e+003
37,102,-3.414121e+003
37,103,-3.414126e+003
37,104,-3.414129e+003
37,105,-3.414132e+003
37,106,-3.414133e+003
37,107,-3.414136e+003
37,108,-3.414139e+003
37,109,-3.414142e+003
37,110,-3.414144e+003
37,111,-3.414147e+003
37,112,-3.414148e+003
37,113,-3.414150e+003
37,114,-3.414152e+003
37,115,-3.414154e+003
37,116,-3.413881e+003
37,117,-3.413883e+003
37,118,-3.413814e+003
37,119,-3.413816e+003
37,120,-3.413816e+003
37,121,-3.413818e+003
37,122,-3.413820e+003
37,123,-3.413821e+003
37,124,-3.413822e+003
37,125,-3.413752e+003
37,126,-3.413754e+003
37,127,-3.413755e+003
37,128,-3.413756e+003
37,129,-3.413757e+003
37,130,-3.413758e+003
37,131,-3.413759e+003
37,132,-3.413760e+003
37,133,-3.413760e+003
37,134,-3.413761e+003
37,135,-3.413762e+003
37,136,-3.413763e+003
37,137,-3.413764e+003
37,138,-3.413764e+003
37,139,-3.413765e+003
37,140,-3.413767e+003
37,141,-3.413768e+003
37,142,-3.413769e+003
37,143,-3.413770e+003
37,144,-3.413771e+003
37,145,-3.413772e+003
37,146,-3.413774e+003
37,147,-3.413775e+003
37,148,-3.413777e+003
37,149,-3.413779e+003
37,150,-3.413782e+003
37,151,-3.413785e+003
37,152,-3.413787e+003
37,153,-3.413792e+003
37,154,-3.413796e+003
37,155,-3.413799e+003
37,156,-3.413801e+003
37,157,-3.413804e+003
37,158,-3.413809e+003
37,159,-3.413886e+003
37,160,-3.413889e+003
37,161,-3.413893e+003
37,162,-3.413969e+003
37,163,-3.413973e+003
37,164,-3.413976e+003
37,165,-3.413979e+003
37,166,-3.413982e+003
37,167,-3.413984e+003
37,168,-3.413985e+003
37,169,-3.414058e+003
37,170,-3.414060e+003
37,171,-3.414062e+003
37,172,-3.414063e+003
37,173,-3.414065e+003
37,174,-3.414067e+003
37,175,-3.414069e+003
37,176,-3.414070e+003
37,177,-3.414071e+003
37,178,-3.414002e+003
37,179,-3.414003e+003
37,180,-3.414005e+003
37,181,-3.414005e+003
37,182,-3.414007e+003
37,183,-3.414009e+003
37,184,-3.414010e+003
37,185,-3.414011e+003
37,186,-3.414012e+003
37,187,-3.414013e+003
37,188,-3.414015e+003
37,189,-3.414015e+003
37,190,-3.414016e+003
37,191,-3.414018e+003
37,192,-3.414019e+003
37,193,-3.414019e+003
37,194,-3.414020e+003
37,195,-3.414021e+003
37,196,-3.414021e+003
37,197,-3.414021e+003
37,198,-3.414022e+003
37,199,-3.414022e+003
37,200,-3.414022e+003
37,201,-3.414022e+003
38,0,-3.316359e+003
38,1,-3.316359e+003
38,2,-3.326951e+003
38,3,-3.338928e+003
38,4,-3.342892e+003
38,5,-3.344249e+003
38,6,-3.345505e+003
38,7,-3.346061e+003
38,8,-3.346310e+003
38,9,-3.346849e+003
38,10,-3.347003e+003
38,11,-3.347082e+003
38,12,-3.347196e+003
38,13,-3.347298e+003
38,14,-3.347337e+003
38,15,-3.347328e+003
38,16,-3.347384e+003
38,17,-3.347414e+003
38,18,-3.347454e+003
38,19,-3.347484e+003
38,20,-3.347488e+003
38,21,-3.347499e+003
38,22,-3.347510e+003
38,23,-3.347515e+003
38,24,-3.347527e+003
38,25,-3.347536e+003
38,26,-3.347541e+003
38,27,-3.347550e+003
38,28,-3.347627e+003
38,29,-3.347630e+003
38,30,-3.347635e+003
38,31,-3.347638e+003
38,32,-3.347640e+003
38,33,-3.347642e+003
38,34,-3.347649e+003
38,35,-3.347650e+003
38,36,-3.347581e+003
38,37,-3.347582e+003
38,38,-3.347582e+003
38,39,-3.347654e+003
38,40,-3.347655e+003
38,41,-3.347655e+003
38,42,-3.347656e+003
38,43,-3.347657e+003
38,44,-3.347587e+003
38,45,-3.347589e+003
38,46,-3.347590e+003
38,47,-3.347591e+003
38,48,-3.347592e+003
38,49,-3.347593e+003
38,50,-3.347594e+003
38,51,-3.347594e+003
38,52,-3.347666e+003
38,53,-3.347666e+003
38,54,-3.347667e+003
38,55,-3.347667e+003
38,56,-3.347667e+003
38,57,-3.347668e+003
38,58,-3.347668e+003
38,59,-3.347668e+003
38,60,-3.347668e+003
38,61,-3.347668e+003
38,62,-3.347668e+003
39,0,-3.232050e+003
39,1,-3.232050e+003
39,2,-3.232050e+003
39,3,-3.232050e+003
39,4,-3.232050e+003
39,5,-3.232050e+003
39,6,-3.232050e+003
40,0,-3.096733e+003
40,1,-3.096733e+003
40,2,-3.096733e+003
40,3,-3.096733e+003
40,4,-3.096733e+003
40,5,-3.096733e+003
40,6,-3.096733e+003
41,0,-2.904911e+003
41,1,-2.904911e+003
41,2,-2.904911e+003
41,3,-2.904911e+003
41,4,-2.904911e+003
41,5,-2.904911e+003
41,6,-2.904911e+003
42,0,-2.632417e+003
42,1,-2.632417e+003
42,2,-2.632417e+003
42,3,-2.632418e+003
42,4,-2.632418e+003
42,5,-2.632418e+003
42,6,-2.632418e+003
43,0,-2.240128e+003
43,1,-2.240129e+003
43,2,-2.240129e+003
43,3,-2.240129e+003
43,4,-2.240129e+003
43,5,-2.240129e+003
43,6,-2.240129e+003
44,0,-1.663834e+003
44,1,-1.663834e+003
44,2,-1.663834e+003
44,3,-1.663834e+003
44,4,-2.518778e+003
44,5,-2.684759e+003
44,6,-2.734032e+003
44,7,-2.773587e+003
44,8,-2.792318e+003
44,9,-2.811368e+003
44,10,-2.823075e+003
44,11,-2.834735e+003
44,12,-2.841647e+003
44,13,-2.849077e+003
44,14,-2.854558e+003
44,15,-2.860543e+003
44,16,-2.864083e+003
44,17,-2.867767e+003
44,18,-2.870183e+003
44,19,-2.873168e+003
44,20,-2.875215e+003
44,21,-2.877490e+003
44,22,-2.879268e+003
44,23,-2.880913e+003
44,24,-2.882387e+003
44,25,-2.884223e+003
44,26,-2.885547e+003
44,27,-2.887043e+003
44,28,-2.887933e+003
44,29,-2.888996e+003
44,30,-2.889731e+003
44,31,-2.890266e+003
44,32,-2.890689e+003
44,33,-2.891022e+003
44,34,-2.891305e+003
44,35,-2.891497e+003
44,36,-2.891708e+003
44,37,-2.892047e+003
44,38,-2.892265e+003
44,39,-2.892427e+003
44,40,-2.892522e+003
44,41,-2.892616e+003
44,42,-2.892688e+003
44,43,-2.892772e+003
44,44,-2.892857e+003
44,45,-2.892952e+003
44,46,-2.893015e+003
44,47,-2.893088e+003
44,48,-2.893222e+003
44,49,-2.893290e+003
44,50,-2.893347e+003
44,51,-2.893397e+003
44,52,-2.893451e+003
44,53,-2.893495e+003
44,54,-2.893585e+003
44,55,-2.893558e+003
44,56,-2.893596e+003
44,57,-2.893559e+003
44,58,-2.893589e+003
44,59,-2.893616e+003
44,60,-2.893644e+003
44,61,-2.893670e+003
44,62,-2.893690e+003
44,63,-2.893646e+003
44,64,-2.893745e+003
44,65,-2.893774e+003
44,66,-2.893807e+003
44,67,-2.893834e+003
44,68,-2.893787e+003
44,69,-2.893732e+003
44,70,-2.893787e+003
44,71,-2.893746e+003
44,72,-2.893759e+003
44,73,-2.893699e+003
44,74,-2.893711e+003
44,75,-2.893722e+003
44,76,-2.893740e+003
44,77,-2.893749e+003
44,78,-2.893760e+003
44,79,-2.893767e+003
44,80,-2.893777e+003
44,81,-2.893832e+003
44,82,-2.893840e+003
44,83,-2.893844e+003
44,84,-2.893850e+003
44,85,-2.893854e+003
44,86,-2.893852e+003
44,87,-2.893855e+003
44,88,-2.893795e+003
44,89,-2.893798e+003
44,90,-2.893803e+003
44,91,-2.893806e+003
44,92,-2.893811e+003
44,93,-2.893814e+003
44,94,-2.893819e+003
44,95,-2.893823e+003
44,96,-2.893834e+003
44,97,-2.893839e+003
44,98,-2.893845e+003
44,99,-2.893850e+003
44,100,-2.893787e+003
44,101,-2.893864e+003
44,102,-2.893873e+003
44,103,-2.893880e+003
44,104,-2.893883e+003
44,105,-2.893888e+003
44,106,-2.893895e+003
44,107,-2.893900e+003
44,108,-2.893906e+003
44,109,-2.893981e+003
44,110,-2.893986e+003
44,111,-2.893988e+003
44,112,-2.893991e+003
44,113,-2.893996e+003
44,114,-2.893994e+003
44,115,-2.894069e+003
44,116,-2.894072e+003
44,117,-2.894075e+003
44,118,-2.894080e+003
44,119,-2.894085e+003
44,120,-2.894091e+003
44,121,-2.894094e+003
44,122,-2.894107e+003
44,123,-2.894115e+003
44,124,-2.894124e+003
44,125,-2.894131e+003
44,126,-2.894137e+003
44,127,-2.894146e+003
44,128,-2.894157e+003
44,129,-2.894167e+003
44,130,-2.894173e+003
44,131,-2.894186e+003
44,132,-2.894156e+003
44,133,-2.894178e+003
44,134,-2.894189e+003
44,135,-2.894198e+003
44,136,-2.894213e+003
44,137,-2.894227e+003
44,138,-2.894242e+003
44,139,-2.894251e+003
44,140,-2.894317e+003
44,141,-2.894290e+003
44,142,-2.894244e+003
44,143,-2.894258e+003
44,144,-2.894200e+003
44,145,-2.894222e+003
44,146,-2.894243e+003
44,147,-2.894188e+003
44,148,-2.894198e+003
44,149,-2.894145e+003
44,150,-2.894236e+003
44,151,-2.894322e+003
44,152,-2.894330e+003
44,153,-2.894337e+003
44,154,-2.894142e+003
44,155,-2.894232e+003
44,156,-2.894254e+003
44,157,-2.894266e+003
44,158,-2.894359e+003
44,159,-2.894241e+003
44,160,-2.894122e+003
44,161,-2.894134e+003
44,162,-2.894087e+003
44,163,-2.894105e+003
44,164,-2.894057e+003
44,165,-2.894070e+003
44,166,-2.894084e+003
44,167,-2.894031e+003
44,168,-2.894046e+003
44,169,-2.894055e+003
44,170,-2.894061e+003
44,171,-2.894001e+003
44,172,-2.894011e+003
44,173,-2.894020e+003
44,174,-2.894024e+003
44,175,-2.894031e+003
44,176,-2.894039e+003
44,177,-2.893968e+003
44,178,-2.893970e+003
44,179,-2.893975e+003
44,180,-2.893980e+003
44,181,-2.893985e+003
44,182,-2.893987e+003
44,183,-2.893990e+003
44,184,-2.893993e+003
44,185,-2.893994e+003
44,186,-2.893995e+003
44,187,-2.893996e+003
44,188,-2.893997e+003
44,189,-2.893927e+003
44,190,-2.893928e+003
44,191,-2.893928e+003
44,192,-2.893929e+003
44,193,-2.893930e+003
44,194,-2.893931e+003
44,195,-2.893931e+003
44,196,-2.893932e+003
44,197,-2.893933e+003
44,198,-2.893933e+003
44,199,-2.893934e+003
44,200,-2.893935e+003
44,201,-2.893936e+003
44,202,-2.893936e+003
44,203,-2.893937e+003
44,204,-2.893937e+003
44,205,-2.893937e+003
44,206,-2.893937e+003
44,207,-2.893938e+003
44,208,-2.893938e+003
44,209,-2.893938e+003
44,210,-2.893939e+003
44,211,-2.893939e+003
44,212,-2.893939e+003
45,0,-2.541691e+003
45,1,-2.541691e+003
45,2,-2.541692e+003
45,3,-2.541692e+003
45,4,-2.541692e+003
45,5,-2.541621e+003
45,6,-2.541621e+003
45,7,-2.541621e+003
46,0,-2.325645e+003
46,1,-2.325645e+003
46,2,-2.325645e+003
46,3,-2.325645e+003
46,4,-2.325645e+003
46,5,-2.325646e+003
46,6,-2.325646e+003
47,0,-2.029293e+003
47,1,-2.029293e+003
47,2,-2.029293e+003
47,3,-2.029293e+003
47,4,-2.029293e+003
47,5,-2.029293e+003
47,6,-2.029294e+003
48,0,-1.612915e+003
48,1,-1.612915e+003
48,2,-1.612915e+003
48,3,-1.612915e+003
48,4,-1.612915e+003
48,5,-1.612915e+003
48,6,-1.612915e+003
49,0,-1.017741e+003
49,1,-1.017741e+003
49,2,-1.017742e+003
49,3,-1.017742e+003
49,4,-1.017742e+003
49,5,-1.017742e+003
49,6,-1.017742e+003
50,0,-1.600043e+002
50,1,-1.600044e+002
50,2,-1.600045e+002
50,3,-1.600046e+002
50,4,-1.600047e+002
50,5,-1.600048e+002
50,6,-1.600049e+002
51,0,1.075186e+003
51,1,1.075186e+003
51,2,1.075186e+003
51,3,1.075186e+003
51,4,1.075186e+003
51,5,1.075186e+003
51,6,1.075186e+003
52,0,2.824259e+003
52,1,2.824259e+003
52,2,2.824259e+003
52,3,2.824259e+003
52,4,2.824259e+003
52,5,2.824259e+003
52,6,2.824188e+003
53,0,5.215134e+003
53,1,5.215133e+003
53,2,5.215133e+003
53,3,5.215133e+003
53,4,5.215133e+003
53,5,5.215133e+003
53,6,5.215133e+003
53,7,5.215133e+003
53,8,5.215133e+003
53,9,5.215133e+003
53,10,5.215133e+003
53,11,5.215132e+003
53,12,5.215132e+003
53,13,5.215132e+003
53,14,5.215132e+003
53,15,5.215132e+003
53,16,5.215126e+003
53,17,5.215126e+003
53,18,5.215125e+003
53,19,5.215125e+003
53,20,5.215125e+003
53,21,5.215125e+003
53,22,5.215125e+003
53,23,5.215119e+003
53,24,5.215119e+003
53,25,5.215119e+003
53,26,5.215118e+003
53,27,5.215118e+003
53,28,5.215118e+003
53,29,5.215118e+003
53,30,5.215118e+003
53,31,5.215118e+003
53,32,5.215118e+003
53,33,5.215118e+003
53,34,-2.343916e+003
53,35,-2.513021e+003
53,36,-2.653693e+003
53,37,-2.691611e+003
53,38,-2.708979e+003
53,39,-2.739272e+003
53,40,-2.763984e+003
53,41,-2.775468e+003
53,42,-2.796069e+003
53,43,-2.814592e+003
53,44,-2.823040e+003
53,45,-2.834306e+003
53,46,-2.844579e+003
53,47,-2.849247e+003
53,48,-2.853099e+003
53,49,-2.858062e+003
53,50,-2.861309e+003
53,51,-2.862620e+003
53,52,-2.864724e+003
53,53,-2.866034e+003
53,54,-2.866846e+003
53,55,-2.867823e+003
53,56,-2.868528e+003
53,57,-2.868916e+003
53,58,-2.869223e+003
53,59,-2.869847e+003
53,60,-2.870200e+003
53,61,-2.870390e+003
53,62,-2.870431e+003
53,63,-2.870663e+003
53,64,-2.870809e+003
53,65,-2.871040e+003
53,66,-2.871407e+003
53,67,-2.871653e+003
53,68,-2.871716e+003
53,69,-2.871905e+003
53,70,-2.871763e+003
53,71,-2.871827e+003
53,72,-2.872061e+003
53,73,-2.872227e+003
53,74,-2.872284e+003
53,75,-2.872262e+003
53,76,-2.872277e+003
53,77,-2.872417e+003
53,78,-2.872535e+003
53,79,-2.872555e+003
53,80,-2.872704e+003
53,81,-2.872883e+003
53,82,-2.872928e+003
53,83,-2.873032e+003
53,84,-2.873075e+003
53,85,-2.873032e+003
53,86,-2.873148e+003
53,87,-2.873119e+003
53,88,-2.873222e+003
53,89,-2.873264e+003
53,90,-2.873242e+003
53,91,-2.873352e+003
53,92,-2.873453e+003
53,93,-2.873567e+003
53,94,-2.873612e+003
53,95,-2.873701e+003
53,96,-2.873734e+003
53,97,-2.873769e+003
53,98,-2.873854e+003
53,99,-2.873867e+003
53,100,-2.873881e+003
53,101,-2.873891e+003
53,102,-2.873896e+003
53,103,-2.873835e+003
53,104,-2.873843e+003
53,105,-2.873854e+003
53,106,-2.873931e+003
53,107,-2.873869e+003
53,108,-2.873944e+003
53,109,-2.873948e+003
53,110,-2.873953e+003
53,111,-2.873958e+003
53,112,-2.873960e+003
53,113,-2.873963e+003
53,114,-2.873967e+003
53,115,-2.873969e+003
53,116,-2.873970e+003
53,117,-2.873972e+003
53,118,-2.873974e+003
53,119,-2.873905e+003
53,120,-2.873907e+003
53,121,-2.873910e+003
53,122,-2.873912e+003
53,123,-2.873915e+003
53,124,-2.873851e+003
53,125,-2.873786e+003
53,126,-2.873720e+003
53,127,-2.873730e+003
53,128,-2.873678e+003
53,129,-2.873615e+003
53,130,-2.873621e+003
53,131,-2.873854e+003
53,132,-2.873946e+003
53,133,-2.873962e+003
53,134,-2.873973e+003
53,135,-2.873983e+003
53,136,-2.874001e+003
53,137,-2.873945e+003
53,138,-2.873958e+003
53,139,-2.873898e+003
53,140,-2.873903e+003
53,141,-2.873915e+003
53,142,-2.873921e+003
53,143,-2.873929e+003
53,144,-2.873934e+003
53,145,-2.874009e+003
53,146,-2.874013e+003
53,147,-2.874015e+003
53,148,-2.874017e+003
53,149,-2.874021e+003
53,150,-2.873954e+003
53,151,-2.873958e+003
53,152,-2.873962e+003
53,153,-2.873964e+003
53,154,-2.873968e+003
53,155,-2.873972e+003
53,156,-2.873977e+003
53,157,-2.873911e+003
53,158,-2.873915e+003
53,159,-2.873919e+003
53,160,-2.873923e+003
53,161,-2.873929e+003
53,162,-2.873934e+003
53,163,-2.873937e+003
53,164,-2.873879e+003
53,165,-2.873818e+003
53,166,-2.873754e+003
53,167,-2.873766e+003
53,168,-2.873776e+003
53,169,-2.873590e+003
53,170,-2.873478e+003
53,171,-2.873429e+003
53,172,-2.873441e+003
53,173,-2.873466e+003
53,174,-2.873500e+003
53,175,-2.873456e+003
53,176,-2.873399e+003
53,177,-2.873426e+003
53,178,-2.873318e+003
53,179,-2.873354e+003
53,180,-2.873310e+003
53,181,-2.873349e+003
53,182,-2.873320e+003
53,183,-2.873009e+003
53,184,-2.872993e+003
53,185,-2.873286e+003
53,186,-2.873438e+003
53,187,-2.873560e+003
53,188,-2.873821e+003
53,189,-2.873675e+003
53,190,-2.873751e+003
53,191,-2.873800e+003
53,192,-2.874111e+003
53,193,-2.874291e+003
53,194,-2.874565e+003
53,195,-2.874792e+003
53,196,-2.875199e+003
53,197,-2.875111e+003
53,198,-2.875040e+003
53,199,-2.875143e+003
53,200,-2.875368e+003
53,201,-2.875575e+003
53,202,-2.875749e+003
53,203,-2.875793e+003
53,204,-2.875924e+003
53,205,-2.876016e+003
53,206,-2.876212e+003
53,207,-2.876186e+003
53,208,-2.876307e+003
53,209,-2.876376e+003
53,210,-2.876412e+003
53,211,-2.876490e+003
53,212,-2.876513e+003
53,213,-2.876567e+003
53,214,-2.876619e+003
53,215,-2.876724e+003
53,216,-2.876770e+003
53,217,-2.876911e+003
53,218,-2.876949e+003
53,219,-2.876967e+003
53,220,-2.877138e+003
53,221,-2.877160e+003
53,222,-2.877271e+003
53,223,-2.877406e+003
53,224,-2.877497e+003
53,225,-2.877795e+003
53,226,-2.877804e+003
53,227,-2.877829e+003
53,228,-2.877841e+003
53,229,-2.877809e+003
53,230,-2.877822e+003
53,231,-2.877834e+003
53,232,-2.877853e+003
53,233,-2.877924e+003
53,234,-2.877932e+003
53,235,-2.877946e+003
53,236,-2.877895e+003
53,237,-2.877925e+003
53,238,-2.878032e+003
53,239,-2.878138e+003
53,240,-2.878176e+003
53,241,-2.878203e+003
53,242,-2.878221e+003
53,243,-2.878389e+003
53,244,-2.878421e+003
53,245,-2.878469e+003
53,246,-2.878703e+003
53,247,-2.878758e+003
53,248,-2.878711e+003
53,249,-2.878677e+003
53,250,-2.878701e+003
53,251,-2.878808e+003
53,252,-2.878907e+003
53,253,-2.878926e+003
53,254,-2.878934e+003
53,255,-2.878876e+003
53,256,-2.878888e+003
53,257,-2.878896e+003
53,258,-2.878903e+003
53,259,-2.878906e+003
53,260,-2.878912e+003
53,261,-2.878918e+003
53,262,-2.878923e+003
53,263,-2.878927e+003
53,264,-2.878930e+003
53,265,-2.878935e+003
53,266,-2.878940e+003
53,267,-2.878945e+003
53,268,-2.878949e+003
53,269,-2.879023e+003
53,270,-2.878958e+003
53,271,-2.878964e+003
53,272,-2.878899e+003
53,273,-2.878902e+003
53,274,-2.878909e+003
53,275,-2.878968e+003
53,276,-2.878910e+003
53,277,-2.878914e+003
53,278,-2.878921e+003
53,279,-2.878994e+003
53,280,-2.879004e+003
53,281,-2.879009e+003
53,282,-2.879019e+003
53,283,-2.879037e+003
53,284,-2.879063e+003
53,285,-2.879075e+003
53,286,-2.879097e+003
53,287,-2.879170e+003
53,288,-2.879069e+003
53,289,-2.879012e+003
53,290,-2.878971e+003
53,291,-2.878813e+003
53,292,-2.878715e+003
53,293,-2.878728e+003
53,294,-2.878747e+003
53,295,-2.878781e+003
53,296,-2.878736e+003
53,297,-2.878819e+003
53,298,-2.878776e+003
53,299,-2.878802e+003
53,300,-2.878891e+003
53,301,-2.878900e+003
53,302,-2.878915e+003
53,303,-2.878858e+003
53,304,-2.878868e+003
53,305,-2.878873e+003
53,306,-2.878875e+003
53,307,-2.878805e+003
53,308,-2.878741e+003
53,309,-2.878814e+003
53,310,-2.878748e+003
53,311,-2.878753e+003
53,312,-2.878756e+003
53,313,-2.878687e+003
53,314,-2.878690e+003
53,315,-2.878692e+003
53,316,-2.878694e+003
53,317,-2.878695e+003
53,318,-2.878697e+003
53,319,-2.878699e+003
53,320,-2.878700e+003
53,321,-2.878701e+003
53,322,-2.878667e+003
53,323,-2.878668e+003
53,324,-2.878669e+003
53,325,-2.878669e+003
53,326,-2.878671e+003
53,327,-2.878743e+003
53,328,-2.878743e+003
53,329,-2.878744e+003
53,330,-2.878745e+003
53,331,-2.878752e+003
53,332,-2.878752e+003
53,333,-2.878753e+003
53,334,-2.878754e+003
53,335,-2.878754e+003
53,336,-2.878755e+003
53,337,-2.878755e+003
53,338,-2.878755e+003
53,339,-2.878756e+003
53,340,-2.878756e+003
53,341,-2.878757e+003
53,342,-2.878757e+003
53,343,-2.878757e+003
53,344,-2.878758e+003
53,345,-2.878758e+003
53,346,-2.878758e+003
53,347,-2.878759e+003
53,348,-2.878760e+003
53,349,-2.878754e+003
53,350,-2.878755e+003
53,351,-2.878749e+003
53,352,-2.878750e+003
53,353,-2.878821e+003
53,354,-2.878822e+003
53,355,-2.878871e+003
53,356,-2.878872e+003
53,357,-2.878873e+003
53,358,-2.878875e+003
53,359,-2.878883e+003
53,360,-2.878884e+003
53,361,-2.878885e+003
53,362,-2.878887e+003
53,363,-2.878960e+003
53,364,-2.878915e+003
53,365,-2.878916e+003
53,366,-2.878918e+003
53,367,-2.878921e+003
53,368,-2.878923e+003
53,369,-2.878996e+003
53,370,-2.879004e+003
53,371,-2.879006e+003
53,372,-2.879008e+003
53,373,-2.879010e+003
53,374,-2.879010e+003
53,375,-2.879012e+003
53,376,-2.879013e+003
53,377,-2.879084e+003
53,378,-2.879085e+003
53,379,-2.879086e+003
53,380,-2.879086e+003
53,381,-2.879087e+003
53,382,-2.879087e+003
53,383,-2.879017e+003
53,384,-2.879017e+003
53,385,-2.879018e+003
53,386,-2.879018e+003
53,387,-2.879018e+003
53,388,-2.879018e+003
53,389,-2.879019e+003
53,390,-2.878948e+003
53,391,-2.878949e+003
53,392,-2.878949e+003
53,393,-2.878949e+003
53,394,-2.878949e+003
53,395,-2.878949e+003
53,396,-2.878950e+003
53,397,-2.878950e+003
53,398,-2.878950e+003
53,399,-2.878950e+003
53,400,-2.878950e+003
53,401,-2.878951e+003
53,402,-2.878951e+003
53,403,-2.878951e+003
54,0,4.728650e+003
54,1,2.930290e+003
54,2,2.930290e+003
54,3,2.930290e+003
54,4,2.930290e+003
54,5,2.930290e+003
54,6,2.930290e+003
55,0,4.066121e+003
55,1,4.066121e+003
55,2,4.066121e+003
55,3,4.066121e+003
55,4,4.066121e+003
55,5,4.066121e+003
55,6,4.066121e+003
56,0,4.112468e+003
56,1,4.112468e+003
56,2,4.112468e+003
56,3,4.112468e+003
56,4,4.112468e+003
56,5,4.112468e+003
56,6,4.112468e+003
57,0,3.910972e+003
57,1,3.910972e+003
57,2,3.910972e+003
57,3,3.910972e+003
57,4,3.910972e+003
57,5,3.910972e+003
57,6,3.910972e+003
58,0,3.508092e+003
58,1,3.508092e+003
58,2,-1.221420e+003
58,3,-2.201874e+003
58,4,-2.587320e+003
58,5,-2.675021e+003
58,6,-2.813815e+003
58,7,-2.909807e+003
58,8,-2.945285e+003
58,9,-2.981505e+003
58,10,-3.014120e+003
58,11,-3.034532e+003
58,12,-3.046706e+003
58,13,-3.054406e+003
58,14,-3.065801e+003
58,15,-3.073383e+003
58,16,-3.076356e+003
58,17,-3.080736e+003
58,18,-3.085812e+003
58,19,-3.089011e+003
58,20,-3.090601e+003
58,21,-3.093334e+003
58,22,-3.095662e+003
58,23,-3.097408e+003
58,24,-3.098845e+003
58,25,-3.101265e+003
58,26,-3.103851e+003
58,27,-3.105390e+003
58,28,-3.107500e+003
58,29,-3.109678e+003
58,30,-3.111288e+003
58,31,-3.112167e+003
58,32,-3.113601e+003
58,33,-3.115026e+003
58,34,-3.116295e+003
58,35,-3.117012e+003
58,36,-3.118307e+003
58,37,-3.120013e+003
58,38,-3.121006e+003
58,39,-3.122236e+003
58,40,-3.123344e+003
58,41,-3.124337e+003
58,42,-3.125263e+003
58,43,-3.126155e+003
58,44,-3.126598e+003
58,45,-3.126954e+003
58,46,-3.127475e+003
58,47,-3.127832e+003
58,48,-3.128177e+003
58,49,-3.128782e+003
58,50,-3.129713e+003
58,51,-3.129916e+003
58,52,-3.130481e+003
58,53,-3.130750e+003
58,54,-3.130931e+003
58,55,-3.131312e+003
58,56,-3.131553e+003
58,57,-3.131647e+003
58,58,-3.131853e+003
58,59,-3.131916e+003
58,60,-3.131973e+003
58,61,-3.132023e+003
58,62,-3.132096e+003
58,63,-3.132164e+003
58,64,-3.132200e+003
58,65,-3.132340e+003
58,66,-3.132511e+003
58,67,-3.132617e+003
58,68,-3.132754e+003
58,69,-3.132858e+003
58,70,-3.132999e+003
58,71,-3.133334e+003
58,72,-3.133706e+003
58,73,-3.133990e+003
58,74,-3.134555e+003
58,75,-3.137112e+003
58,76,-3.137970e+003
58,77,-3.138473e+003
58,78,-3.138651e+003
58,79,-3.138772e+003
58,80,-3.138932e+003
58,81,-3.139147e+003
58,82,-3.139572e+003
58,83,-3.140203e+003
58,84,-3.140380e+003
58,85,-3.140678e+003
58,86,-3.140854e+003
58,87,-3.141077e+003
58,88,-3.141508e+003
58,89,-3.141676e+003
58,90,-3.142222e+003
58,91,-3.142463e+003
58,92,-3.142620e+003
58,93,-3.142933e+003
58,94,-3.143246e+003
58,95,-3.143455e+003
58,96,-3.143585e+003
58,97,-3.143759e+003
58,98,-3.144023e+003
58,99,-3.144008e+003
58,100,-3.143780e+003
58,101,-3.143894e+003
58,102,-3.154707e+003
58,103,-3.193513e+003
58,104,-3.231106e+003
58,105,-3.253467e+003
58,106,-3.263306e+003
58,107,-3.287605e+003
58,108,-3.305107e+003
58,109,-3.312029e+003
58,110,-3.327362e+003
58,111,-3.339149e+003
58,112,-3.349617e+003
58,113,-3.355941e+003
58,114,-3.363157e+003
58,115,-3.368018e+003
58,116,-3.370852e+003
58,117,-3.372130e+003
58,118,-3.374061e+003
58,119,-3.375922e+003
58,120,-3.377288e+003
58,121,-3.378212e+003
58,122,-3.379604e+003
58,123,-3.380791e+003
58,124,-3.381825e+003
58,125,-3.382346e+003
58,126,-3.383406e+003
58,127,-3.384098e+003
58,128,-3.384717e+003
58,129,-3.384959e+003
58,130,-3.385613e+003
58,131,-3.385952e+003
58,132,-3.386087e+003
58,133,-3.386323e+003
58,134,-3.386640e+003
58,135,-3.387098e+003
58,136,-3.387514e+003
58,137,-3.387985e+003
58,138,-3.388618e+003
58,139,-3.389311e+003
58,140,-3.389777e+003
58,141,-3.390015e+003
58,142,-3.390546e+003
58,143,-3.390804e+003
58,144,-3.391059e+003
58,145,-3.391194e+003
58,146,-3.391556e+003
58,147,-3.391834e+003
58,148,-3.391936e+003
58,149,-3.392152e+003
58,150,-3.392407e+003
58,151,-3.392545e+003
58,152,-3.392621e+003
58,153,-3.392655e+003
58,154,-3.392721e+003
58,155,-3.392770e+003
58,156,-3.392854e+003
58,157,-3.392870e+003
58,158,-3.392899e+003
58,159,-3.392930e+003
58,160,-3.392953e+003
58,161,-3.392892e+003
58,162,-3.392978e+003
58,163,-3.392993e+003
58,164,-3.393004e+003
58,165,-3.393011e+003
58,166,-3.393019e+003
58,167,-3.392980e+003
58,168,-3.393078e+003
58,169,-3.392990e+003
58,170,-3.392994e+003
58,171,-3.393000e+003
58,172,-3.393005e+003
58,173,-3.393007e+003
58,174,-3.393012e+003
58,175,-3.393016e+003
58,176,-3.392997e+003
58,177,-3.393070e+003
58,178,-3.393077e+003
58,179,-3.393085e+003
58,180,-3.393021e+003
58,181,-3.393026e+003
58,182,-3.393034e+003
58,183,-3.393114e+003
58,184,-3.393145e+003
58,185,-3.393153e+003
58,186,-3.393168e+003
58,187,-3.393183e+003
58,188,-3.393193e+003
58,189,-3.393254e+003
58,190,-3.393224e+003
58,191,-3.393243e+003
58,192,-3.393251e+003
58,193,-3.393266e+003
58,194,-3.393285e+003
58,195,-3.393159e+003
58,196,-3.393168e+003
58,197,-3.393042e+003
58,198,-3.393063e+003
58,199,-3.393082e+003
58,200,-3.393169e+003
58,201,-3.393196e+003
58,202,-3.393210e+003
58,203,-3.393217e+003
58,204,-3.393229e+003
58,205,-3.393240e+003
58,206,-3.393322e+003
58,207,-3.393331e+003
58,208,-3.393412e+003
58,209,-3.393422e+003
58,210,-3.393427e+003
58,211,-3.393441e+003
58,212,-3.393454e+003
58,213,-3.393395e+003
58,214,-3.393405e+003
58,215,-3.393363e+003
58,216,-3.393372e+003
58,217,-3.393380e+003
58,218,-3.393387e+003
58,219,-3.393394e+003
58,220,-3.393326e+003
58,221,-3.393332e+003
58,222,-3.393338e+003
58,223,-3.393343e+003
58,224,-3.393347e+003
58,225,-3.393349e+003
58,226,-3.393352e+003
58,227,-3.393355e+003
58,228,-3.393357e+003
58,229,-3.393359e+003
58,230,-3.393361e+003
58,231,-3.393362e+003
58,232,-3.393365e+003
58,233,-3.393368e+003
58,234,-3.393371e+003
58,235,-3.393367e+003
58,236,-3.393369e+003
58,237,-3.393372e+003
58,238,-3.393375e+003
58,239,-3.393378e+003
58,240,-3.393382e+003
58,241,-3.393383e+003
58,242,-3.393388e+003
58,243,-3.393393e+003
58,244,-3.393399e+003
58,245,-3.393406e+003
58,246,-3.393411e+003
58,247,-3.393411e+003
58,248,-3.393421e+003
58,249,-3.393433e+003
58,250,-3.393446e+003
58,251,-3.393531e+003
58,252,-3.393470e+003
58,253,-3.393489e+003
58,254,-3.393512e+003
58,255,-3.393609e+003
58,256,-3.393572e+003
58,257,-3.393531e+003
58,258,-3.393554e+003
58,259,-3.393575e+003
58,260,-3.393672e+003
58,261,-3.393550e+003
58,262,-3.393565e+003
58,263,-3.393642e+003
58,264,-3.393580e+003
58,265,-3.393662e+003
58,266,-3.393601e+003
58,267,-3.393610e+003
58,268,-3.393614e+003
58,269,-3.393622e+003
58,270,-3.393700e+003
58,271,-3.393701e+003
58,272,-3.393637e+003
58,273,-3.393640e+003
58,274,-3.393645e+003
58,275,-3.393650e+003
58,276,-3.393654e+003
58,277,-3.393658e+003
58,278,-3.393661e+003
58,279,-3.393663e+003
58,280,-3.393672e+003
58,281,-3.393676e+003
58,282,-3.393680e+003
58,283,-3.393685e+003
58,284,-3.393618e+003
58,285,-3.393620e+003
58,286,-3.393623e+003
58,287,-3.393625e+003
58,288,-3.393628e+003
58,289,-3.393630e+003
58,290,-3.393632e+003
58,291,-3.393634e+003
58,292,-3.393636e+003
58,293,-3.393638e+003
58,294,-3.393639e+003
58,295,-3.393641e+003
58,296,-3.393643e+003
58,297,-3.393645e+003
58,298,-3.393646e+003
58,299,-3.393647e+003
58,300,-3.393648e+003
58,301,-3.393649e+003
58,302,-3.393649e+003
58,303,-3.393650e+003
58,304,-3.393650e+003
58,305,-3.393650e+003
58,306,-3.393650e+003
58,307,-3.393651e+003
58,308,-3.393651e+003
58,309,-3.393651e+003
58,310,-3.393651e+003
58,311,-3.393651e+003
59,0,-3.434555e+003
59,1,-3.434555e+003
59,2,-3.434556e+003
59,3,-3.434556e+003
59,4,-3.434556e+003
59,5,-3.434556e+003
59,6,-3.434556e+003
60,0,-3.465043e+003
60,1,-3.465043e+003
60,2,-3.465043e+003
60,3,-3.465043e+003
60,4,-3.465043e+003
60,5,-3.465043e+003
60,6,-3.465043e+003
61,0,-3.486247e+003
61,1,-3.486247e+003
61,2,-3.486247e+003
61,3,-3.486247e+003
61,4,-3.486247e+003
61,5,-3.486247e+003
61,6,-3.486247e+003
62,0,-3.500357e+003
62,1,-3.500357e+003
62,2,-3.500357e+003
62,3,-3.500357e+003
62,4,-3.500357e+003
62,5,-3.500357e+003
62,6,-3.500357e+003
63,0,-3.509371e+003
63,1,-3.509371e+003
63,2,-3.509371e+003
63,3,-3.509371e+003
63,4,-3.509371e+003
63,5,-3.509371e+003
63,6,-3.509372e+003
64,0,-3.515233e+003
64,1,-3.515233e+003
64,2,-3.515233e+003
64,3,-3.515233e+003
64,4,-3.515233e+003
64,5,-3.515233e+003
64,6,-3.515233e+003
65,0,-3.518899e+003
65,1,-3.518899e+003
65,2,-3.518899e+003
65,3,-3.518899e+003
65,4,-3.518899e+003
65,5,-3.518899e+003
65,6,-3.518992e+003
66,0,-3.522835e+003
66,1,-3.522835e+003
66,2,-3.522835e+003
66,3,-3.522835e+003
66,4,-3.522835e+003
66,5,-3.522835e+003
66,6,-3.522835e+003
67,0,-3.523863e+003
67,1,-3.523863e+003
67,2,-3.523863e+003
67,3,-3.523863e+003
67,4,-3.523863e+003
67,5,-3.523863e+003
67,6,-3.523863e+003
68,0,-3.523464e+003
68,1,-3.523464e+003
68,2,-3.523464e+003
68,3,-3.523464e+003
68,4,-3.523464e+003
68,5,-3.523464e+003
68,6,-3.523464e+003
69,0,-3.522667e+003
69,1,-3.522667e+003
69,2,-3.522667e+003
69,3,-3.522667e+003
69,4,-3.522667e+003
69,5,-3.522667e+003
69,6,-3.522667e+003
70,0,-3.522611e+003
70,1,-3.522611e+003
70,2,-3.522611e+003
70,3,-3.522611e+003
70,4,-3.522611e+003
70,5,-3.522611e+003
70,6,-3.522611e+003
71,0,-3.522308e+003
71,1,-3.522308e+003
71,2,-3.522308e+003
71,3,-3.522308e+003
71,4,-3.522308e+003
71,5,-3.522379e+003
71,6,-3.526342e+003
71,7,-3.539304e+003
71,8,-3.561939e+003
71,9,-3.573026e+003
71,10,-3.581687e+003
71,11,-3.590668e+003
71,12,-3.601449e+003
71,13,-3.609394e+003
71,14,-3.614024e+003
71,15,-3.616596e+003
71,16,-3.620143e+003
71,17,-3.621837e+003
71,18,-3.623272e+003
71,19,-3.624255e+003
71,20,-3.625844e+003
71,21,-3.626837e+003
71,22,-3.627501e+003
71,23,-3.628625e+003
71,24,-3.629892e+003
71,25,-3.630667e+003
71,26,-3.631845e+003
71,27,-3.633354e+003
71,28,-3.634320e+003
71,29,-3.635814e+003
71,30,-3.637326e+003
71,31,-3.638256e+003
71,32,-3.638870e+003
71,33,-3.640102e+003
71,34,-3.641060e+003
71,35,-3.641265e+003
71,36,-3.641832e+003
71,37,-3.642532e+003
71,38,-3.642788e+003
71,39,-3.643213e+003
71,40,-3.643505e+003
71,41,-3.643683e+003
71,42,-3.643967e+003
71,43,-3.644021e+003
71,44,-3.644128e+003
71,45,-3.644372e+003
71,46,-3.644581e+003
71,47,-3.644668e+003
71,48,-3.644827e+003
71,49,-3.644864e+003
71,50,-3.644917e+003
71,51,-3.644983e+003
71,52,-3.645087e+003
71,53,-3.644991e+003
71,54,-3.645176e+003
71,55,-3.645128e+003
71,56,-3.645177e+003
71,57,-3.645214e+003
71,58,-3.645162e+003
71,59,-3.645266e+003
71,60,-3.645212e+003
71,61,-3.645228e+003
71,62,-3.645174e+003
71,63,-3.645280e+003
71,64,-3.645299e+003
71,65,-3.645390e+003
71,66,-3.645447e+003
71,67,-3.645462e+003
71,68,-3.645474e+003
71,69,-3.645482e+003
71,70,-3.645496e+003
71,71,-3.645503e+003
71,72,-3.645509e+003
71,73,-3.645517e+003
71,74,-3.645451e+003
71,75,-3.645531e+003
71,76,-3.645538e+003
71,77,-3.645817e+003
71,78,-3.645707e+003
71,79,-3.645805e+003
71,80,-3.645810e+003
71,81,-3.645888e+003
71,82,-3.645891e+003
71,83,-3.645895e+003
71,84,-3.645829e+003
71,85,-3.645830e+003
71,86,-3.645834e+003
71,87,-3.645837e+003
71,88,-3.645839e+003
71,89,-3.645842e+003
71,90,-3.645845e+003
71,91,-3.645918e+003
71,92,-3.645920e+003
71,93,-3.645922e+003
71,94,-3.645924e+003
71,95,-3.645856e+003
71,96,-3.645857e+003
71,97,-3.645860e+003
71,98,-3.645790e+003
71,99,-3.645792e+003
71,100,-3.645723e+003
71,101,-3.645724e+003
71,102,-3.645726e+003
71,103,-3.645800e+003
71,104,-3.645801e+003
71,105,-3.645528e+003
71,106,-3.645529e+003
71,107,-3.645530e+003
71,108,-3.645531e+003
71,109,-3.645808e+003
71,110,-3.645881e+003
71,111,-3.645882e+003
71,112,-3.645884e+003
71,113,-3.645885e+003
71,114,-3.645886e+003
71,115,-3.645887e+003
71,116,-3.645887e+003
71,117,-3.645889e+003
71,118,-3.645890e+003
71,119,-3.645891e+003
71,120,-3.645892e+003
71,121,-3.645893e+003
71,122,-3.645895e+003
71,123,-3.645898e+003
71,124,-3.645901e+003
71,125,-3.645903e+003
71,126,-3.645904e+003
71,127,-3.645835e+003
71,128,-3.645837e+003
71,129,-3.645910e+003
71,130,-3.645913e+003
71,131,-3.645914e+003
71,132,-3.645917e+003
71,133,-3.645920e+003
71,134,-3.645926e+003
71,135,-3.646073e+003
71,136,-3.646010e+003
71,137,-3.645922e+003
71,138,-3.645931e+003
71,139,-3.645942e+003
71,140,-3.645954e+003
71,141,-3.645616e+003
71,142,-3.645621e+003
71,143,-3.645633e+003
71,144,-3.645717e+003
71,145,-3.645730e+003
71,146,-3.645736e+003
71,147,-3.645676e+003
71,148,-3.645688e+003
71,149,-3.645698e+003
71,150,-3.645632e+003
71,151,-3.645714e+003
71,152,-3.645586e+003
71,153,-3.645596e+003
71,154,-3.645600e+003
71,155,-3.645607e+003
71,156,-3.645613e+003
71,157,-3.645893e+003
71,158,-3.645896e+003
71,159,-3.645924e+003
71,160,-3.645930e+003
71,161,-3.645941e+003
71,162,-3.645944e+003
71,163,-3.645947e+003
71,164,-3.645880e+003
71,165,-3.645811e+003
71,166,-3.645812e+003
71,167,-3.645813e+003
71,168,-3.645815e+003
71,169,-3.645816e+003
71,170,-3.645816e+003
71,171,-3.645817e+003
71,172,-3.645818e+003
71,173,-3.645819e+003
71,174,-3.645819e+003
71,175,-3.645749e+003
71,176,-3.645750e+003
71,177,-3.645751e+003
71,178,-3.645751e+003
71,179,-3.645752e+003
71,180,-3.645752e+003
71,181,-3.645682e+003
71,182,-3.645682e+003
71,183,-3.645683e+003
71,184,-3.645613e+003
71,185,-3.645614e+003
71,186,-3.645545e+003
71,187,-3.645545e+003
71,188,-3.645476e+003
71,189,-3.645478e+003
71,190,-3.645408e+003
71,191,-3.645409e+003
71,192,-3.645481e+003
71,193,-3.645412e+003
71,194,-3.645413e+003
71,195,-3.645414e+003
71,196,-3.645558e+003
71,197,-3.645559e+003
71,198,-3.645561e+003
71,199,-3.645557e+003
71,200,-3.645417e+003
71,201,-3.645418e+003
71,202,-3.645421e+003
71,203,-3.645352e+003
71,204,-3.645283e+003
71,205,-3.645285e+003
71,206,-3.645286e+003
71,207,-3.645287e+003
71,208,-3.645288e+003
71,209,-3.645290e+003
71,210,-3.645292e+003
71,211,-3.645342e+003
71,212,-3.645343e+003
71,213,-3.645415e+003
71,214,-3.645417e+003
71,215,-3.645348e+003
71,216,-3.645350e+003
71,217,-3.645352e+003
71,218,-3.645353e+003
71,219,-3.645355e+003
71,220,-3.645357e+003
71,221,-3.645359e+003
71,222,-3.645360e+003
71,223,-3.645361e+003
71,224,-3.645363e+003
71,225,-3.645364e+003
71,226,-3.645365e+003
71,227,-3.645367e+003
71,228,-3.645367e+003
71,229,-3.645368e+003
71,230,-3.645370e+003
71,231,-3.645371e+003
71,232,-3.645372e+003
71,233,-3.645372e+003
71,234,-3.645374e+003
71,235,-3.645375e+003
71,236,-3.645376e+003
71,237,-3.645377e+003
71,238,-3.645378e+003
71,239,-3.645379e+003
71,240,-3.645380e+003
71,241,-3.645381e+003
71,242,-3.645382e+003
71,243,-3.645383e+003
71,244,-3.645386e+003
71,245,-3.645389e+003
71,246,-3.645251e+003
71,247,-3.645254e+003
71,248,-3.645258e+003
71,249,-3.645123e+003
71,250,-3.645130e+003
71,251,-3.645044e+003
71,252,-3.645048e+003
71,253,-3.645055e+003
71,254,-3.644508e+003
71,255,-3.644513e+003
71,256,-3.644590e+003
71,257,-3.644463e+003
71,258,-3.644402e+003
71,259,-3.644279e+003
71,260,-3.644364e+003
71,261,-3.644304e+003
71,262,-3.644277e+003
71,263,-3.644220e+003
71,264,-3.644244e+003
71,265,-3.644203e+003
71,266,-3.644357e+003
71,267,-3.644472e+003
71,268,-3.644492e+003
71,269,-3.644740e+003
71,270,-3.644833e+003
71,271,-3.645079e+003
71,272,-3.645388e+003
71,273,-3.645485e+003
71,274,-3.645813e+003
71,275,-3.645821e+003
71,276,-3.645848e+003
71,277,-3.645866e+003
71,278,-3.646030e+003
71,279,-3.645971e+003
71,280,-3.645914e+003
71,281,-3.645996e+003
71,282,-3.646084e+003
71,283,-3.646025e+003
71,284,-3.646041e+003
71,285,-3.646050e+003
71,286,-3.645995e+003
71,287,-3.646099e+003
71,288,-3.646116e+003
71,289,-3.646197e+003
71,290,-3.646276e+003
71,291,-3.646278e+003
71,292,-3.646217e+003
71,293,-3.646224e+003
71,294,-3.646443e+003
71,295,-3.646449e+003
71,296,-3.646508e+003
71,297,-3.646513e+003
71,298,-3.646600e+003
71,299,-3.646606e+003
71,300,-3.646616e+003
71,301,-3.646620e+003
71,302,-3.646627e+003
71,303,-3.646631e+003
71,304,-3.646566e+003
71,305,-3.646569e+003
71,306,-3.646576e+003
71,307,-3.646582e+003
71,308,-3.646595e+003
71,309,-3.646621e+003
71,310,-3.646725e+003
71,311,-3.646968e+003
71,312,-3.647009e+003
71,313,-3.646906e+003
71,314,-3.646948e+003
71,315,-3.647041e+003
71,316,-3.647058e+003
71,317,-3.647090e+003
71,318,-3.647120e+003
71,319,-3.647143e+003
71,320,-3.647158e+003
71,321,-3.647171e+003
71,322,-3.647189e+003
71,323,-3.647204e+003
71,324,-3.647219e+003
71,325,-3.647371e+003
71,326,-3.647380e+003
71,327,-3.647392e+003
71,328,-3.647411e+003
71,329,-3.647420e+003
71,330,-3.647424e+003
71,331,-3.647432e+003
71,332,-3.647439e+003
71,333,-3.647444e+003
71,334,-3.647447e+003
71,335,-3.647453e+003
71,336,-3.647460e+003
71,337,-3.647395e+003
71,338,-3.647468e+003
71,339,-3.647546e+003
71,340,-3.647645e+003
71,341,-3.647650e+003
71,342,-3.647653e+003
71,343,-3.647660e+003
71,344,-3.647668e+003
71,345,-3.647677e+003
71,346,-3.647682e+003
71,347,-3.647692e+003
71,348,-3.647704e+003
71,349,-3.647719e+003
71,350,-3.647727e+003
71,351,-3.647743e+003
71,352,-3.647488e+003
71,353,-3.647505e+003
71,354,-3.647516e+003
71,355,-3.647528e+003
71,356,-3.647545e+003
71,357,-3.647563e+003
71,358,-3.647572e+003
71,359,-3.647607e+003
71,360,-3.647625e+003
71,361,-3.647644e+003
71,362,-3.647658e+003
71,363,-3.647599e+003
71,364,-3.647756e+003
71,365,-3.647702e+003
71,366,-3.647713e+003
71,367,-3.647721e+003
71,368,-3.647735e+003
71,369,-3.647750e+003
71,370,-3.647882e+003
71,371,-3.647891e+003
71,372,-3.647906e+003
71,373,-3.647994e+003
71,374,-3.648348e+003
71,375,-3.648355e+003
71,376,-3.648371e+003
71,377,-3.648388e+003
71,378,-3.648404e+003
71,379,-3.648347e+003
71,380,-3.648285e+003
71,381,-3.648293e+003
71,382,-3.648236e+003
71,383,-3.648247e+003
71,384,-3.648259e+003
71,385,-3.648175e+003
71,386,-3.648179e+003
71,387,-3.648185e+003
71,388,-3.648195e+003
71,389,-3.648203e+003
71,390,-3.648278e+003
71,391,-3.648280e+003
71,392,-3.648285e+003
71,393,-3.648289e+003
71,394,-3.648299e+003
71,395,-3.648300e+003
71,396,-3.648301e+003
71,397,-3.648303e+003
71,398,-3.648304e+003
71,399,-3.648304e+003
71,400,-3.648305e+003
71,401,-3.648306e+003
71,402,-3.648306e+003
71,403,-3.648307e+003
71,404,-3.648307e+003
71,405,-3.648308e+003
71,406,-3.648309e+003
71,407,-3.648309e+003
71,408,-3.648309e+003
71,409,-3.648309e+003
71,410,-3.648310e+003
71,411,-3.648310e+003
71,412,-3.648310e+003
71,413,-3.648311e+003
71,414,-3.648311e+003
71,415,-3.648312e+003
71,416,-3.648312e+003
71,417,-3.648313e+003
71,418,-3.648314e+003
71,419,-3.648314e+003
71,420,-3.648315e+003
71,421,-3.648246e+003
71,422,-3.648247e+003
71,423,-3.648248e+003
71,424,-3.648243e+003
71,425,-3.648245e+003
71,426,-3.648247e+003
71,427,-3.648249e+003
71,428,-3.648251e+003
71,429,-3.648252e+003
71,430,-3.648255e+003
71,431,-3.648258e+003
71,432,-3.648261e+003
71,433,-3.648264e+003
71,434,-3.648266e+003
71,435,-3.648269e+003
71,436,-3.648201e+003
71,437,-3.648296e+003
71,438,-3.648369e+003
71,439,-3.648371e+003
71,440,-3.648373e+003
71,441,-3.648375e+003
71,442,-3.648377e+003
71,443,-3.648378e+003
71,444,-3.648380e+003
71,445,-3.648381e+003
71,446,-3.648383e+003
71,447,-3.648383e+003
71,448,-3.648384e+003
71,449,-3.648385e+003
71,450,-3.648386e+003
71,451,-3.648387e+003
71,452,-3.648388e+003
71,453,-3.648388e+003
71,454,-3.648389e+003
71,455,-3.648390e+003
71,456,-3.648390e+003
71,457,-3.648390e+003
71,458,-3.648391e+003
71,459,-3.648392e+003
71,460,-3.648463e+003
71,461,-3.648463e+003
71,462,-3.648371e+003
71,463,-3.648372e+003
71,464,-3.648372e+003
71,465,-3.648372e+003
71,466,-3.648373e+003
71,467,-3.648302e+003
71,468,-3.648303e+003
71,469,-3.648303e+003
71,470,-3.648303e+003
71,471,-3.648303e+003
71,472,-3.648304e+003
71,473,-3.648304e+003
71,474,-3.648304e+003
71,475,-3.648304e+003
71,476,-3.648304e+003
71,477,-3.648304e+003
71,478,-3.648305e+003
71,479,-3.648305e+003
72,0,-3.652350e+003
72,1,-3.652350e+003
72,2,-3.652350e+003
72,3,-3.652350e+003
72,4,-3.652350e+003
72,5,-3.652350e+003
72,6,-3.652350e+003
73,0,-3.654217e+003
73,1,-3.654217e+003
73,2,-3.654217e+003
73,3,-3.654217e+003
73,4,-3.654217e+003
73,5,-3.654218e+003
73,6,-3.654218e+003
74,0,-3.654854e+003
74,1,-3.654854e+003
74,2,-3.654854e+003
74,3,-3.654854e+003
74,4,-3.654784e+003
74,5,-3.654784e+003
74,6,-3.654784e+003
74,7,-3.654784e+003
74,8,-3.654784e+003
74,9,-3.654785e+003
74,10,-3.654785e+003
74,11,-3.654785e+003
74,12,-3.654882e+003
74,13,-3.655869e+003
74,14,-3.657607e+003
74,15,-3.658894e+003
74,16,-3.659788e+003
74,17,-3.661346e+003
74,18,-3.662575e+003
74,19,-3.662962e+003
74,20,-3.663378e+003
74,21,-3.663716e+003
74,22,-3.663944e+003
74,23,-3.664207e+003
74,24,-3.664439e+003
74,25,-3.664617e+003
74,26,-3.664810e+003
74,27,-3.664948e+003
74,28,-3.665004e+003
74,29,-3.665168e+003
74,30,-3.665259e+003
74,31,-3.665482e+003
74,32,-3.665571e+003
74,33,-3.665615e+003
74,34,-3.665663e+003
74,35,-3.665722e+003
74,36,-3.665751e+003
74,37,-3.665781e+003
74,38,-3.665816e+003
74,39,-3.665832e+003
74,40,-3.665922e+003
74,41,-3.665944e+003
74,42,-3.665883e+003
74,43,-3.665826e+003
74,44,-3.665840e+003
74,45,-3.665846e+003
74,46,-3.665927e+003
74,47,-3.665938e+003
74,48,-3.665943e+003
74,49,-3.666022e+003
74,50,-3.666029e+003
74,51,-3.666032e+003
74,52,-3.666037e+003
74,53,-3.666041e+003
74,54,-3.666043e+003
74,55,-3.666047e+003
74,56,-3.665981e+003
74,57,-3.665983e+003
74,58,-3.666129e+003
74,59,-3.666133e+003
74,60,-3.666136e+003
74,61,-3.666139e+003
74,62,-3.666141e+003
74,63,-3.666142e+003
74,64,-3.666144e+003
74,65,-3.666145e+003
74,66,-3.666147e+003
74,67,-3.666078e+003
74,68,-3.666078e+003
74,69,-3.666080e+003
74,70,-3.666081e+003
74,71,-3.666082e+003
74,72,-3.666083e+003
74,73,-3.666155e+003
74,74,-3.666156e+003
74,75,-3.666157e+003
74,76,-3.666087e+003
74,77,-3.666087e+003
74,78,-3.666088e+003
74,79,-3.666089e+003
74,80,-3.666089e+003
74,81,-3.666090e+003
74,82,-3.666090e+003
74,83,-3.666090e+003
74,84,-3.666091e+003
74,85,-3.666091e+003
74,86,-3.666092e+003
74,87,-3.666092e+003
74,88,-3.666092e+003
74,89,-3.666093e+003
74,90,-3.666093e+003
74,91,-3.666093e+003
75,0,-3.669786e+003
75,1,-3.669786e+003
75,2,-3.669787e+003
75,3,-3.669787e+003
75,4,-3.669787e+003
75,5,-3.669787e+003
75,6,-3.669787e+003
75,7,-3.669787e+003
75,8,-3.669787e+003
75,9,-3.669788e+003
75,10,-3.669788e+003
75,11,-3.669788e+003
75,12,-3.669788e+003
75,13,-3.669859e+003
75,14,-3.669860e+003
75,15,-3.669860e+003
75,16,-3.669860e+003
75,17,-3.669861e+003
75,18,-3.669861e+003
75,19,-3.669861e+003
75,20,-3.669903e+003
75,21,-3.669931e+003
75,22,-3.670158e+003
75,23,-3.670367e+003
75,24,-3.670537e+003
75,25,-3.670397e+003
75,26,-3.670461e+003
75,27,-3.670558e+003
75,28,-3.670629e+003
75,29,-3.670675e+003
75,30,-3.670694e+003
75,31,-3.670791e+003
75,32,-3.670813e+003
75,33,-3.670756e+003
75,34,-3.670761e+003
75,35,-3.670769e+003
75,36,-3.670778e+003
75,37,-3.670786e+003
75,38,-3.670789e+003
75,39,-3.670794e+003
75,40,-3.670727e+003
75,41,-3.670732e+003
75,42,-3.670734e+003
75,43,-3.670807e+003
75,44,-3.670809e+003
75,45,-3.670811e+003
75,46,-3.670812e+003
75,47,-3.670812e+003
75,48,-3.670813e+003
75,49,-3.670813e+003
75,50,-3.670814e+003
75,51,-3.670814e+003
75,52,-3.670815e+003
75,53,-3.670815e+003
75,54,-3.670815e+003
75,55,-3.670815e+003
76,0,-3.674279e+003
76,1,-3.674279e+003
76,2,-3.674280e+003
76,3,-3.674280e+003
76,4,-3.674280e+003
76,5,-3.674280e+003
76,6,-3.674280e+003
77,0,-3.677964e+003
77,1,-3.677964e+003
77,2,-3.677964e+003
77,3,-3.677964e+003
77,4,-3.677964e+003
77,5,-3.677964e+003
77,6,-3.677964e+003
77,7,-3.677965e+003
77,8,-3.677965e+003
77,9,-3.677965e+003
77,10,-3.677965e+003
77,11,-3.677965e+003
77,12,-3.677966e+003
77,13,-3.677966e+003
77,14,-3.677966e+003
77,15,-3.677966e+003
77,16,-3.677967e+003
77,17,-3.677967e+003
77,18,-3.677967e+003
77,19,-3.677967e+003
77,20,-3.677968e+003
77,21,-3.677968e+003
77,22,-3.677968e+003
77,23,-3.677968e+003
77,24,-3.677969e+003
77,25,-3.677969e+003
77,26,-3.677969e+003
77,27,-3.677969e+003
77,28,-3.677970e+003
77,29,-3.677970e+003
77,30,-3.677970e+003
77,31,-3.677970e+003
77,32,-3.677970e+003
77,33,-3.677971e+003
77,34,-3.677971e+003
77,35,-3.677971e+003
77,36,-3.677971e+003
77,37,-3.677971e+003
77,38,-3.677972e+003
77,39,-3.677972e+003
77,40,-3.677972e+003
77,41,-3.677972e+003
77,42,-3.677972e+003
77,43,-3.677973e+003
77,44,-3.677973e+003
77,45,-3.677973e+003
77,46,-3.677973e+003
77,47,-3.677974e+003
77,48,-3.677974e+003
77,49,-3.677974e+003
77,50,-3.677975e+003
77,51,-3.677975e+003
77,52,-3.677975e+003
77,53,-3.677976e+003
77,54,-3.677976e+003
77,55,-3.677976e+003
77,56,-3.677977e+003
77,57,-3.678068e+003
77,58,-3.678338e+003
77,59,-3.678505e+003
77,60,-3.678767e+003
77,61,-3.679013e+003
77,62,-3.679119e+003
77,63,-3.679318e+003
77,64,-3.679391e+003
77,65,-3.679570e+003
77,66,-3.679627e+003
77,67,-3.679538e+003
77,68,-3.679581e+003
77,69,-3.679600e+003
77,70,-3.679635e+003
77,71,-3.679584e+003
77,72,-3.679594e+003
77,73,-3.679674e+003
77,74,-3.679755e+003
77,75,-3.679763e+003
77,76,-3.679814e+003
77,77,-3.679820e+003
77,78,-3.679826e+003
77,79,-3.679828e+003
77,80,-3.679831e+003
77,81,-3.679834e+003
77,82,-3.679836e+003
77,83,-3.679837e+003
77,84,-3.679838e+003
77,85,-3.679839e+003
77,86,-3.679839e+003
77,87,-3.679846e+003
77,88,-3.679846e+003
77,89,-3.679846e+003
77,90,-3.679847e+003
77,91,-3.679847e+003
77,92,-3.679847e+003
77,93,-3.679847e+003
77,94,-3.679848e+003
77,95,-3.679848e+003
78,0,-3.683343e+003
78,1,-3.683343e+003
78,2,-3.683343e+003
78,3,-3.683343e+003
78,4,-3.683343e+003
78,5,-3.683343e+003
78,6,-3.683343e+003
79,0,-3.684800e+003
79,1,-3.684800e+003
79,2,-3.684800e+003
79,3,-3.684801e+003
79,4,-3.684801e+003
79,5,-3.684801e+003
79,6,-3.684801e+003
79,7,-3.684801e+003
79,8,-3.684801e+003
79,9,-3.684802e+003
79,10,-3.684802e+003
79,11,-3.684802e+003
79,12,-3.684802e+003
79,13,-3.684802e+003
79,14,-3.684803e+003
79,15,-3.684803e+003
79,16,-3.684803e+003
79,17,-3.684803e+003
79,18,-3.684804e+003
79,19,-3.684804e+003
79,20,-3.684804e+003
79,21,-3.684804e+003
79,22,-3.684805e+003
79,23,-3.684805e+003
79,24,-3.684805e+003
79,25,-3.684805e+003
79,26,-3.684805e+003
79,27,-3.684806e+003
79,28,-3.684806e+003
79,29,-3.684806e+003
79,30,-3.684806e+003
79,31,-3.684807e+003
79,32,-3.684807e+003
79,33,-3.684807e+003
79,34,-3.684807e+003
79,35,-3.684807e+003
79,36,-3.684878e+003
79,37,-3.684879e+003
79,38,-3.684879e+003
79,39,-3.684879e+003
79,40,-3.684879e+003
79,41,-3.684880e+003
79,42,-3.684880e+003
79,43,-3.684880e+003
79,44,-3.684880e+003
79,45,-3.684881e+003
79,46,-3.684881e+003
79,47,-3.684881e+003
79,48,-3.684882e+003
79,49,-3.684882e+003
79,50,-3.684882e+003
79,51,-3.684882e+003
79,52,-3.684883e+003
79,53,-3.684883e+003
79,54,-3.684977e+003
79,55,-3.685160e+003
79,56,-3.685189e+003
79,57,-3.685246e+003
79,58,-3.685310e+003
79,59,-3.685221e+003
79,60,-3.685206e+003
79,61,-3.685250e+003
79,62,-3.685267e+003
79,63,-3.685299e+003
79,64,-3.685327e+003
79,65,-3.685342e+003
79,66,-3.685352e+003
79,67,-3.685356e+003
79,68,-3.685362e+003
79,69,-3.685367e+003
79,70,-3.685369e+003
79,71,-3.685371e+003
79,72,-3.685372e+003
79,73,-3.685373e+003
79,74,-3.685374e+003
79,75,-3.685446e+003
79,76,-3.685447e+003
79,77,-3.685447e+003
79,78,-3.685448e+003
79,79,-3.685449e+003
79,80,-3.685449e+003
79,81,-3.685449e+003
79,82,-3.685450e+003
79,83,-3.685450e+003
79,84,-3.685450e+003
80,0,-3.686523e+003
80,1,-3.686523e+003
80,2,-3.686523e+003
80,3,-3.686523e+003
80,4,-3.686523e+003
80,5,-3.686524e+003
80,6,-3.686524e+003
80,7,-3.686524e+003
80,8,-3.686524e+003
80,9,-3.686524e+003
80,10,-3.686525e+003
80,11,-3.686525e+003
80,12,-3.686525e+003
80,13,-3.686525e+003
80,14,-3.686526e+003
80,15,-3.686526e+003
80,16,-3.686526e+003
80,17,-3.686527e+003
80,18,-3.686527e+003
80,19,-3.686527e+003
80,20,-3.686527e+003
80,21,-3.686528e+003
80,22,-3.686528e+003
80,23,-3.686528e+003
80,24,-3.686529e+003
80,25,-3.686529e+003
80,26,-3.686529e+003
80,27,-3.686529e+003
80,28,-3.686530e+003
80,29,-3.686530e+003
80,30,-3.686530e+003
80,31,-3.686531e+003
80,32,-3.686460e+003
80,33,-3.686461e+003
80,34,-3.686461e+003
80,35,-3.686461e+003
80,36,-3.686461e+003
80,37,-3.686461e+003
80,38,-3.686462e+003
80,39,-3.686462e+003
80,40,-3.686462e+003
80,41,-3.686462e+003
80,42,-3.686463e+003
80,43,-3.686463e+003
80,44,-3.686463e+003
80,45,-3.686463e+003
80,46,-3.686534e+003
80,47,-3.686535e+003
80,48,-3.686535e+003
80,49,-3.686535e+003
80,50,-3.686535e+003
80,51,-3.686535e+003
80,52,-3.686628e+003
80,53,-3.686628e+003
80,54,-3.686628e+003
80,55,-3.686629e+003
80,56,-3.686629e+003
80,57,-3.686629e+003
80,58,-3.686629e+003
80,59,-3.686629e+003
80,60,-3.686630e+003
80,61,-3.686630e+003
80,62,-3.686630e+003
80,63,-3.686630e+003
80,64,-3.686630e+003
80,65,-3.686631e+003
80,66,-3.686631e+003
80,67,-3.686631e+003
80,68,-3.686631e+003
80,69,-3.686636e+003
80,70,-3.686640e+003
80,71,-3.686648e+003
80,72,-3.686583e+003
80,73,-3.686588e+003
80,74,-3.686592e+003
80,75,-3.686596e+003
80,76,-3.686597e+003
80,77,-3.686600e+003
80,78,-3.686514e+003
80,79,-3.686515e+003
80,80,-3.686517e+003
80,81,-3.686517e+003
80,82,-3.686518e+003
80,83,-3.686519e+003
80,84,-3.686520e+003
80,85,-3.686521e+003
80,86,-3.686521e+003
80,87,-3.686521e+003
80,88,-3.686521e+003
80,89,-3.686521e+003
80,90,-3.686521e+003
80,91,-3.686521e+003
81,0,-3.687110e+003
81,1,-3.687110e+003
81,2,-3.687110e+003
81,3,-3.687107e+003
81,4,-3.687107e+003
81,5,-3.687107e+003
81,6,-3.687107e+003
81,7,-3.687107e+003
81,8,-3.687108e+003
81,9,-3.687108e+003
81,10,-3.687108e+003
81,11,-3.687108e+003
81,12,-3.687108e+003
81,13,-3.687109e+003
81,14,-3.687201e+003
81,15,-3.687201e+003
81,16,-3.687202e+003
81,17,-3.687202e+003
81,18,-3.687202e+003
81,19,-3.687202e+003
81,20,-3.687202e+003
81,21,-3.687203e+003
81,22,-3.687132e+003
81,23,-3.687132e+003
81,24,-3.687132e+003
81,25,-3.687133e+003
81,26,-3.687133e+003
81,27,-3.687133e+003
81,28,-3.687133e+003
81,29,-3.687133e+003
81,30,-3.687133e+003
82,0,-3.688483e+003
82,1,-3.688483e+003
82,2,-3.688483e+003
82,3,-3.688483e+003
82,4,-3.688483e+003
82,5,-3.688483e+003
82,6,-3.688484e+003
82,7,-3.688484e+003
82,8,-3.688484e+003
82,9,-3.688484e+003
82,10,-3.688484e+003
82,11,-3.688485e+003
82,12,-3.688485e+003
82,13,-3.688485e+003
83,0,-3.689748e+003
83,1,-3.689748e+003
83,2,-3.689748e+003
83,3,-3.689749e+003
83,4,-3.689749e+003
83,5,-3.689749e+003
83,6,-3.689749e+003
83,7,-3.689749e+003
83,8,-3.689750e+003
83,9,-3.689750e+003
83,10,-3.689750e+003
83,11,-3.689750e+003
83,12,-3.689751e+003
83,13,-3.689751e+003
83,14,-3.689751e+003
83,15,-3.689751e+003
83,16,-3.689751e+003
83,17,-3.689751e+003
83,18,-3.689751e+003
84,0,-3.690132e+003
84,1,-3.690132e+003
84,2,-3.690132e+003
84,3,-3.690132e+003
84,4,-3.690132e+003
84,5,-3.690132e+003
84,6,-3.690136e+003
84,7,-3.690136e+003
84,8,-3.690137e+003
84,9,-3.690137e+003
84,10,-3.690137e+003
84,11,-3.690138e+003
84,12,-3.690209e+003
84,13,-3.690221e+003
84,14,-3.690243e+003
84,15,-3.690280e+003
84,16,-3.690293e+003
84,17,-3.690298e+003
84,18,-3.690301e+003
84,19,-3.690304e+003
84,20,-3.690310e+003
84,21,-3.690319e+003
84,22,-3.690324e+003
84,23,-3.690327e+003
84,24,-3.690330e+003
84,25,-3.690260e+003
84,26,-3.690191e+003
84,27,-3.690193e+003
84,28,-3.690194e+003
84,29,-3.690195e+003
84,30,-3.690196e+003
84,31,-3.690196e+003
84,32,-3.690268e+003
84,33,-3.690268e+003
84,34,-3.690269e+003
84,35,-3.690269e+003
84,36,-3.690270e+003
84,37,-3.690270e+003
85,0,-3.689731e+003
85,1,-3.689731e+003
85,2,-3.689731e+003
85,3,-3.689732e+003
85,4,-3.689732e+003
85,5,-3.689739e+003
85,6,-3.689739e+003
85,7,-3.689740e+003
85,8,-3.689740e+003
85,9,-3.689740e+003
85,10,-3.689741e+003
85,11,-3.689742e+003
85,12,-3.689742e+003
85,13,-3.689742e+003
85,14,-3.689743e+003
85,15,-3.689743e+003
85,16,-3.689750e+003
85,17,-3.689750e+003
85,18,-3.689750e+003
85,19,-3.689751e+003
85,20,-3.689751e+003
85,21,-3.689751e+003
85,22,-3.689752e+003
85,23,-3.689752e+003
85,24,-3.689752e+003
85,25,-3.689753e+003
85,26,-3.689753e+003
85,27,-3.689753e+003
85,28,-3.689753e+003
85,29,-3.689754e+003
85,30,-3.689754e+003
85,31,-3.689754e+003
85,32,-3.689754e+003
85,33,-3.689754e+003
85,34,-3.689755e+003
85,35,-3.689755e+003
85,36,-3.689755e+003
85,37,-3.689755e+003
85,38,-3.689755e+003
85,39,-3.689755e+003
85,40,-3.689755e+003
85,41,-3.689756e+003
85,42,-3.689750e+003
85,43,-3.689750e+003
85,44,-3.689750e+003
85,45,-3.689750e+003
85,46,-3.689750e+003
85,47,-3.689750e+003
85,48,-3.689751e+003
85,49,-3.689751e+003
85,50,-3.689751e+003
85,51,-3.689751e+003
85,52,-3.689751e+003
85,53,-3.689751e+003
85,54,-3.689751e+003
85,55,-3.689752e+003
85,56,-3.689752e+003
85,57,-3.689752e+003
86,0,-3.688616e+003
86,1,-3.688616e+003
86,2,-3.688616e+003
86,3,-3.688616e+003
86,4,-3.688616e+003
86,5,-3.688616e+003
86,6,-3.688616e+003
86,7,-3.688616e+003
86,8,-3.688616e+003
86,9,-3.688617e+003
86,10,-3.688617e+003
86,11,-3.688617e+003
86,12,-3.688617e+003
86,13,-3.688617e+003
86,14,-3.688617e+003
86,15,-3.688618e+003
86,16,-3.688618e+003
86,17,-3.688621e+003
86,18,-3.688625e+003
86,19,-3.688623e+003
86,20,-3.688440e+003
87,0,-3.687491e+003
87,1,-3.687498e+003
87,2,-3.687502e+003
87,3,-3.687576e+003
87,4,-3.687578e+003
87,5,-3.687580e+003
87,6,-3.687582e+003
87,7,-3.687583e+003
87,8,-3.687583e+003
87,9,-3.687584e+003
87,10,-3.687584e+003
87,11,-3.687514e+003
87,12,-3.687515e+003
87,13,-3.687515e+003
87,14,-3.687515e+003
87,15,-3.687515e+003
87,16,-3.687516e+003
87,17,-3.687516e+003
87,18,-3.687516e+003
87,19,-3.687516e+003
88,0,-3.686537e+003
88,1,-3.686538e+003
88,2,-3.686538e+003
88,3,-3.686538e+003
88,4,-3.686538e+003
88,5,-3.686538e+003
88,6,-3.686538e+003
88,7,-3.686538e+003
88,8,-3.686539e+003
88,9,-3.686539e+003
88,10,-3.686539e+003
88,11,-3.686539e+003
88,12,-3.686539e+003
88,13,-3.686540e+003
88,14,-3.686540e+003
88,15,-3.686540e+003
88,16,-3.686540e+003
88,17,-3.686540e+003
88,18,-3.686541e+003
88,19,-3.686816e+003
88,20,-3.686816e+003
88,21,-3.686816e+003
88,22,-3.686817e+003
88,23,-3.686817e+003
88,24,-3.686817e+003
88,25,-3.686818e+003
88,26,-3.686818e+003
88,27,-3.686818e+003
88,28,-3.686818e+003
88,29,-3.686818e+003
88,30,-3.686819e+003
88,31,-3.686819e+003
88,32,-3.686819e+003
88,33,-3.686819e+003
88,34,-3.686819e+003
88,35,-3.686819e+003
88,36,-3.686820e+003
88,37,-3.686820e+003
88,38,-3.686814e+003
89,0,-3.686096e+003
89,1,-3.686096e+003
89,2,-3.686096e+003
89,3,-3.686103e+003
89,4,-3.686103e+003
89,5,-3.686103e+003
89,6,-3.686103e+003
89,7,-3.686103e+003
89,8,-3.686103e+003
90,0,-3.685895e+003
90,1,-3.685896e+003
90,2,-3.685896e+003
90,3,-3.685896e+003
90,4,-3.685896e+003
90,5,-3.685896e+003
90,6,-3.685896e+003
90,7,-3.685896e+003
90,8,-3.685896e+003
90,9,-3.685897e+003
90,10,-3.685897e+003
90,11,-3.685897e+003
90,12,-3.685897e+003
91,0,-3.685648e+003
91,1,-3.685648e+003
91,2,-3.685648e+003
91,3,-3.685648e+003
91,4,-3.685648e+003
91,5,-3.685648e+003
91,6,-3.685649e+003
91,7,-3.685649e+003
91,8,-3.685649e+003
91,9,-3.685649e+003
91,10,-3.685649e+003
91,11,-3.685649e+003
91,12,-3.685649e+003
92,0,-3.684301e+003
92,1,-3.684301e+003
92,2,-3.684306e+003
92,3,-3.684319e+003
92,4,-3.684256e+003
92,5,-3.684340e+003
92,6,-3.684343e+003
92,7,-3.684346e+003
92,8,-3.684347e+003
92,9,-3.684348e+003
92,10,-3.684349e+003
92,11,-3.684427e+003
92,12,-3.684428e+003
92,13,-3.684428e+003
92,14,-3.684358e+003
92,15,-3.684359e+003
92,16,-3.684359e+003
92,17,-3.684360e+003
92,18,-3.684360e+003
92,19,-3.684360e+003
92,20,-3.684360e+003
92,21,-3.684360e+003
92,22,-3.684361e+003
92,23,-3.684361e+003
92,24,-3.684361e+003
92,25,-3.684362e+003
92,26,-3.684362e+003
92,27,-3.684433e+003
92,28,-3.684433e+003
92,29,-3.684433e+003
92,30,-3.684433e+003
92,31,-3.684433e+003
93,0,-3.685121e+003
93,1,-3.685121e+003
93,2,-3.685121e+003
93,3,-3.685121e+003
93,4,-3.685121e+003
93,5,-3.685122e+003
93,6,-3.685122e+003
93,7,-3.685122e+003
93,8,-3.685122e+003
93,9,-3.685122e+003
93,10,-3.685122e+003
93,11,-3.685123e+003
93,12,-3.685123e+003
93,13,-3.685123e+003
93,14,-3.685123e+003
93,15,-3.685123e+003
93,16,-3.685123e+003
93,17,-3.685124e+003
93,18,-3.685124e+003
93,19,-3.685124e+003
93,20,-3.684850e+003
93,21,-3.684850e+003
93,22,-3.684850e+003
93,23,-3.684850e+003
93,24,-3.684850e+003
93,25,-3.684921e+003
93,26,-3.684921e+003
93,27,-3.684921e+003
94,0,-3.684685e+003
94,1,-3.684686e+003
94,2,-3.684686e+003
94,3,-3.684686e+003
94,4,-3.684686e+003
94,5,-3.684686e+003
94,6,-3.684686e+003
95,0,-3.685331e+003
95,1,-3.685331e+003
95,2,-3.685331e+003
95,3,-3.685331e+003
95,4,-3.685331e+003
95,5,-3.685332e+003
95,6,-3.685332e+003
95,7,-3.685332e+003
95,8,-3.685332e+003
95,9,-3.685332e+003
96,0,-3.685554e+003
96,1,-3.685555e+003
96,2,-3.685555e+003
96,3,-3.685555e+003
96,4,-3.685555e+003
96,5,-3.685555e+003
96,6,-3.685555e+003
96,7,-3.685555e+003
96,8,-3.685555e+003
96,9,-3.685555e+003
97,0,-3.685741e+003
97,1,-3.685741e+003
97,2,-3.685741e+003
97,3,-3.685741e+003
97,4,-3.685670e+003
97,5,-3.685671e+003
97,6,-3.685671e+003
97,7,-3.685671e+003
97,8,-3.685671e+003
97,9,-3.685671e+003
98,0,-3.686436e+003
98,1,-3.686436e+003
98,2,-3.686436e+003
98,3,-3.686436e+003
98,4,-3.686436e+003
98,5,-3.686441e+003
98,6,-3.686444e+003
98,7,-3.686449e+003
98,8,-3.686454e+003
98,9,-3.686387e+003
98,10,-3.686389e+003
98,11,-3.686391e+003
98,12,-3.686391e+003
98,13,-3.686463e+003
98,14,-3.686464e+003
98,15,-3.686466e+003
98,16,-3.686397e+003
98,17,-3.686398e+003
98,18,-3.686470e+003
98,19,-3.686473e+003
98,20,-3.686334e+003
98,21,-3.686265e+003
98,22,-3.686266e+003
98,23,-3.686267e+003
98,24,-3.686267e+003
98,25,-3.686267e+003
98,26,-3.686268e+003
98,27,-3.686268e+003
98,28,-3.686268e+003
98,29,-3.686269e+003
98,30,-3.686269e+003
98,31,-3.686340e+003
98,32,-3.686340e+003
98,33,-3.686340e+003
98,34,-3.686340e+003
99,0,-3.687589e+003
99,1,-3.687589e+003
99,2,-3.687589e+003
99,3,-3.687589e+003
99,4,-3.687590e+003
99,5,-3.687590e+003
99,6,-3.687590e+003
99,7,-3.687590e+003
99,8,-3.687590e+003
99,9,-3.687591e+003
99,10,-3.687591e+003
99,11,-3.687591e+003
99,12,-3.687591e+003
99,13,-3.687591e+003
99,14,-3.687591e+003
99,15,-3.687592e+003
99,16,-3.687592e+003
99,17,-3.687592e+003
99,18,-3.687592e+003
99,19,-3.687592e+003
99,20,-3.687592e+003
99,21,-3.687592e+003
99,22,-3.687593e+003
99,23,-3.687593e+003
99,24,-3.687593e+003
100,0,-3.687998e+003
100,1,-3.687998e+003
100,2,-3.687998e+003
100,3,-3.687998e+003
100,4,-3.687998e+003
100,5,-3.687998e+003
100,6,-3.687999e+003
