0,0,-3.037470e+003
0,1,-3.352802e+003
0,2,-3.457725e+003
0,3,-3.485338e+003
0,4,-3.513817e+003
0,5,-3.537625e+003
0,6,-3.556105e+003
0,7,-3.563029e+003
0,8,-3.575407e+003
0,9,-3.584979e+003
0,10,-3.592698e+003
0,11,-3.596514e+003
0,12,-3.602657e+003
0,13,-3.609474e+003
0,14,-3.613265e+003
0,15,-3.615025e+003
0,16,-3.618643e+003
0,17,-3.622496e+003
0,18,-3.625378e+003
0,19,-3.627053e+003
0,20,-3.628441e+003
0,21,-3.630099e+003
0,22,-3.631109e+003
0,23,-3.631630e+003
0,24,-3.632004e+003
0,25,-3.633174e+003
0,26,-3.633887e+003
0,27,-3.634572e+003
0,28,-3.635202e+003
0,29,-3.636036e+003
0,30,-3.636758e+003
0,31,-3.637316e+003
0,32,-3.637534e+003
0,33,-3.638020e+003
0,34,-3.638413e+003
0,35,-3.638789e+003
0,36,-3.639185e+003
0,37,-3.639621e+003
0,38,-3.639947e+003
0,39,-3.640275e+003
0,40,-3.640532e+003
0,41,-3.640856e+003
0,42,-3.641557e+003
0,43,-3.642061e+003
0,44,-3.642240e+003
0,45,-3.642777e+003
0,46,-3.643612e+003
0,47,-3.644169e+003
0,48,-3.644551e+003
0,49,-3.645261e+003
0,50,-3.646298e+003
0,51,-3.647021e+003
0,52,-3.647658e+003
0,53,-3.648922e+003
0,54,-3.650176e+003
0,55,-3.651263e+003
0,56,-3.652508e+003
0,57,-3.654952e+003
0,58,-3.656959e+003
0,59,-3.658388e+003
0,60,-3.658678e+003
0,61,-3.659541e+003
0,62,-3.661096e+003
0,63,-3.661721e+003
0,64,-3.661925e+003
0,65,-3.663321e+003
0,66,-3.664469e+003
0,67,-3.665083e+003
0,68,-3.666335e+003
0,69,-3.667428e+003
0,70,-3.668725e+003
0,71,-3.669656e+003
0,72,-3.670905e+003
0,73,-3.671687e+003
0,74,-3.672407e+003
0,75,-3.673673e+003
0,76,-3.675282e+003
0,77,-3.675878e+003
0,78,-3.676778e+003
0,79,-3.677594e+003
0,80,-3.678759e+003
0,81,-3.678833e+003
0,82,-3.679515e+003
0,83,-3.679956e+003
0,84,-3.680169e+003
0,85,-3.680409e+003
0,86,-3.681409e+003
0,87,-3.681730e+003
0,88,-3.682024e+003
0,89,-3.682418e+003
0,90,-3.682521e+003
0,91,-3.682716e+003
0,92,-3.683093e+003
0,93,-3.683333e+003
0,94,-3.683450e+003
0,95,-3.683646e+003
0,96,-3.683738e+003
0,97,-3.684027e+003
0,98,-3.684301e+003
0,99,-3.684287e+003
0,100,-3.684436e+003
0,101,-3.684585e+003
0,102,-3.684664e+003
0,103,-3.684647e+003
0,104,-3.684863e+003
0,105,-3.684890e+003
0,106,-3.684812e+003
0,107,-3.684861e+003
0,108,-3.684859e+003
0,109,-3.684924e+003
0,110,-3.684966e+003
0,111,-3.684987e+003
0,112,-3.685005e+003
0,113,-3.685024e+003
0,114,-3.685037e+003
0,115,-3.685045e+003
0,116,-3.685050e+003
0,117,-3.685055e+003
0,118,-3.685062e+003
0,119,-3.685069e+003
0,120,-3.685004e+003
0,121,-3.685008e+003
0,122,-3.685011e+003
0,123,-3.684876e+003
0,124,-3.684880e+003
0,125,-3.684885e+003
0,126,-3.684887e+003
0,127,-3.684815e+003
0,128,-3.684750e+003
0,129,-3.684684e+003
0,130,-3.684757e+003
0,131,-3.684760e+003
0,132,-3.684765e+003
0,133,-3.684769e+003
0,134,-3.684772e+003
0,135,-3.684775e+003
0,136,-3.684710e+003
0,137,-3.684647e+003
0,138,-3.684652e+003
0,139,-3.684658e+003
0,140,-3.684666e+003
0,141,-3.684673e+003
0,142,-3.684677e+003
0,143,-3.684614e+003
0,144,-3.684622e+003
0,145,-3.684629e+003
0,146,-3.684633e+003
0,147,-3.684712e+003
0,148,-3.684722e+003
0,149,-3.684588e+003
0,150,-3.684594e+003
0,151,-3.684606e+003
0,152,-3.684619e+003
0,153,-3.684703e+003
0,154,-3.684711e+003
0,155,-3.684656e+003
0,156,-3.684669e+003
0,157,-3.684686e+003
0,158,-3.684697e+003
0,159,-3.684713e+003
0,160,-3.684740e+003
0,161,-3.684770e+003
0,162,-3.684780e+003
0,163,-3.684741e+003
0,164,-3.684789e+003
0,165,-3.685128e+003
0,166,-3.685161e+003
0,167,-3.685211e+003
0,168,-3.685336e+003
0,169,-3.685521e+003
0,170,-3.685540e+003
0,171,-3.685654e+003
0,172,-3.685766e+003
0,173,-3.685873e+003
0,174,-3.685825e+003
0,175,-3.685865e+003
0,176,-3.686048e+003
0,177,-3.686067e+003
0,178,-3.686021e+003
0,179,-3.686115e+003
0,180,-3.686146e+003
0,181,-3.686157e+003
0,182,-3.686241e+003
0,183,-3.686408e+003
0,184,-3.686423e+003
0,185,-3.686430e+003
0,186,-3.686444e+003
0,187,-3.686456e+003
0,188,-3.686464e+003
0,189,-3.686468e+003
0,190,-3.686481e+003
0,191,-3.686559e+003
0,192,-3.686564e+003
0,193,-3.686498e+003
0,194,-3.686505e+003
0,195,-3.686583e+003
0,196,-3.686587e+003
0,197,-3.686665e+003
0,198,-3.686674e+003
0,199,-3.686680e+003
0,200,-3.686683e+003
0,201,-3.686687e+003
0,202,-3.686691e+003
0,203,-3.686696e+003
0,204,-3.686700e+003
0,205,-3.686634e+003
0,206,-3.686639e+003
0,207,-3.686643e+003
0,208,-3.686645e+003
0,209,-3.686651e+003
0,210,-3.686658e+003
0,211,-3.686595e+003
0,212,-3.686602e+003
0,213,-3.686681e+003
0,214,-3.686616e+003
0,215,-3.686621e+003
0,216,-3.686623e+003
0,217,-3.686632e+003
0,218,-3.686641e+003
0,219,-3.686723e+003
0,220,-3.686733e+003
0,221,-3.686740e+003
0,222,-3.686977e+003
0,223,-3.687061e+003
0,224,-3.687079e+003
0,225,-3.687024e+003
0,226,-3.687033e+003
0,227,-3.687262e+003
0,228,-3.687352e+003
0,229,-3.687299e+003
0,230,-3.687316e+003
0,231,-3.687479e+003
0,232,-3.687453e+003
0,233,-3.687470e+003
0,234,-3.687552e+003
0,235,-3.687574e+003
0,236,-3.687668e+003
0,237,-3.687611e+003
0,238,-3.687625e+003
0,239,-3.687643e+003
0,240,-3.687733e+003
0,241,-3.687744e+003
0,242,-3.687840e+003
0,243,-3.687943e+003
0,244,-3.687967e+003
0,245,-3.687991e+003
0,246,-3.688033e+003
0,247,-3.688208e+003
0,248,-3.688345e+003
0,249,-3.688325e+003
0,250,-3.688298e+003
0,251,-3.688324e+003
0,252,-3.688441e+003
0,253,-3.688481e+003
0,254,-3.688449e+003
0,255,-3.688548e+003
0,256,-3.688591e+003
0,257,-3.688559e+003
0,258,-3.688508e+003
0,259,-3.688620e+003
0,260,-3.688586e+003
0,261,-3.688600e+003
0,262,-3.688627e+003
0,263,-3.688651e+003
0,264,-3.688660e+003
0,265,-3.688599e+003
0,266,-3.688614e+003
0,267,-3.688551e+003
0,268,-3.688561e+003
0,269,-3.688572e+003
0,270,-3.688580e+003
0,271,-3.688586e+003
0,272,-3.688588e+003
0,273,-3.688595e+003
0,274,-3.688600e+003
0,275,-3.688677e+003
0,276,-3.688689e+003
0,277,-3.688692e+003
0,278,-3.688698e+003
0,279,-3.688774e+003
0,280,-3.688776e+003
0,281,-3.688780e+003
0,282,-3.688784e+003
0,283,-3.688786e+003
0,284,-3.688863e+003
0,285,-3.688867e+003
0,286,-3.688868e+003
0,287,-3.688871e+003
0,288,-3.688868e+003
0,289,-3.688869e+003
0,290,-3.688871e+003
0,291,-3.688880e+003
0,292,-3.688875e+003
0,293,-3.688877e+003
0,294,-3.688879e+003
0,295,-3.688880e+003
0,296,-3.688882e+003
0,297,-3.688884e+003
0,298,-3.688956e+003
0,299,-3.688956e+003
0,300,-3.688957e+003
0,301,-3.688957e+003
0,302,-3.688958e+003
0,303,-3.688960e+003
0,304,-3.688961e+003
0,305,-3.688963e+003
0,306,-3.688964e+003
0,307,-3.688965e+003
0,308,-3.688967e+003
0,309,-3.688968e+003
0,310,-3.688969e+003
0,311,-3.688971e+003
0,312,-3.688973e+003
0,313,-3.688974e+003
0,314,-3.689047e+003
0,315,-3.689049e+003
0,316,-3.689050e+003
0,317,-3.689059e+003
0,318,-3.689062e+003
0,319,-3.689066e+003
0,320,-3.689070e+003
0,321,-3.689002e+003
0,322,-3.689005e+003
0,323,-3.689005e+003
0,324,-3.689012e+003
0,325,-3.689102e+003
0,326,-3.689109e+003
0,327,-3.689112e+003
0,328,-3.689119e+003
0,329,-3.689056e+003
0,330,-3.689063e+003
0,331,-3.689071e+003
0,332,-3.689074e+003
0,333,-3.689080e+003
0,334,-3.689087e+003
0,335,-3.689088e+003
0,336,-3.689094e+003
0,337,-3.689098e+003
0,338,-3.689100e+003
0,339,-3.689175e+003
0,340,-3.689179e+003
0,341,-3.689254e+003
0,342,-3.689256e+003
0,343,-3.689258e+003
0,344,-3.689188e+003
0,345,-3.689190e+003
0,346,-3.689192e+003
0,347,-3.689123e+003
0,348,-3.689125e+003
0,349,-3.689125e+003
0,350,-3.689056e+003
0,351,-3.689128e+003
0,352,-3.689201e+003
0,353,-3.689202e+003
0,354,-3.689203e+003
0,355,-3.689135e+003
0,356,-3.689136e+003
0,357,-3.689138e+003
0,358,-3.689139e+003
0,359,-3.689070e+003
0,360,-3.689071e+003
0,361,-3.689073e+003
0,362,-3.689074e+003
0,363,-3.689075e+003
0,364,-3.689076e+003
0,365,-3.689077e+003
0,366,-3.689078e+003
0,367,-3.689008e+003
0,368,-3.689009e+003
0,369,-3.689009e+003
0,370,-3.689009e+003
0,371,-3.689010e+003
0,372,-3.689010e+003
0,373,-3.689011e+003
0,374,-3.689011e+003
0,375,-3.689011e+003
0,376,-3.689011e+003
0,377,-3.689011e+003
0,378,-3.689011e+003
1,0,-3.688056e+003
1,1,-3.688056e+003
1,2,-3.688056e+003
1,3,-3.688056e+003
1,4,-3.688056e+003
1,5,-3.688057e+003
1,6,-3.688057e+003
1,7,-3.688057e+003
1,8,-3.688057e+003
1,9,-3.688057e+003
1,10,-3.688058e+003
1,11,-3.688058e+003
1,12,-3.688058e+003
1,13,-3.688058e+003
1,14,-3.688058e+003
1,15,-3.688059e+003
1,16,-3.688059e+003
1,17,-3.688059e+003
2,0,-3.687641e+003
2,1,-3.687641e+003
2,2,-3.687641e+003
2,3,-3.687643e+003
2,4,-3.687645e+003
2,5,-3.687646e+003
2,6,-3.687648e+003
2,7,-3.687650e+003
2,8,-3.687652e+003
2,9,-3.687653e+003
2,10,-3.687653e+003
2,11,-3.687654e+003
2,12,-3.687654e+003
2,13,-3.687654e+003
2,14,-3.687654e+003
2,15,-3.687655e+003
2,16,-3.687655e+003
2,17,-3.687655e+003
2,18,-3.687655e+003
2,19,-3.687655e+003
2,20,-3.687655e+003
3,0,-3.686387e+003
3,1,-3.686387e+003
3,2,-3.686387e+003
3,3,-3.686388e+003
3,4,-3.686388e+003
3,5,-3.686388e+003
3,6,-3.686388e+003
3,7,-3.686388e+003
3,8,-3.686459e+003
3,9,-3.686460e+003
3,10,-3.686460e+003
3,11,-3.686460e+003
3,12,-3.686460e+003
3,13,-3.686461e+003
3,14,-3.686461e+003
3,15,-3.686461e+003
3,16,-3.686461e+003
3,17,-3.686462e+003
3,18,-3.686462e+003
3,19,-3.686462e+003
3,20,-3.686462e+003
3,21,-3.686462e+003
3,22,-3.686462e+003
3,23,-3.686463e+003
3,24,-3.686463e+003
4,0,-3.685753e+003
4,1,-3.685753e+003
4,2,-3.685753e+003
4,3,-3.685753e+003
4,4,-3.685753e+003
4,5,-3.685753e+003
4,6,-3.685753e+003
4,7,-3.685754e+003
4,8,-3.685754e+003
4,9,-3.685754e+003
4,10,-3.685754e+003
4,11,-3.685754e+003
4,12,-3.685754e+003
4,13,-3.685754e+003
5,0,-3.685551e+003
5,1,-3.685552e+003
5,2,-3.685552e+003
5,3,-3.685552e+003
5,4,-3.685552e+003
5,5,-3.685552e+003
5,6,-3.685553e+003
5,7,-3.685553e+003
5,8,-3.685553e+003
5,9,-3.685553e+003
5,10,-3.685553e+003
5,11,-3.685553e+003
6,0,-3.685243e+003
6,1,-3.685243e+003
6,2,-3.685314e+003
6,3,-3.685314e+003
6,4,-3.685315e+003
6,5,-3.685315e+003
6,6,-3.685315e+003
6,7,-3.685315e+003
6,8,-3.685315e+003
6,9,-3.685316e+003
6,10,-3.685316e+003
6,11,-3.685316e+003
6,12,-3.685316e+003
7,0,-3.684656e+003
7,1,-3.684656e+003
7,2,-3.684656e+003
7,3,-3.684656e+003
7,4,-3.684656e+003
7,5,-3.684656e+003
7,6,-3.684656e+003
7,7,-3.684657e+003
7,8,-3.684657e+003
7,9,-3.684657e+003
7,10,-3.684657e+003
7,11,-3.684657e+003
7,12,-3.684658e+003
7,13,-3.684658e+003
8,0,-3.685155e+003
8,1,-3.685155e+003
8,2,-3.685155e+003
8,3,-3.685155e+003
8,4,-3.685159e+003
8,5,-3.685165e+003
8,6,-3.685171e+003
8,7,-3.685177e+003
8,8,-3.685180e+003
8,9,-3.685183e+003
8,10,-3.685186e+003
8,11,-3.685187e+003
8,12,-3.685188e+003
8,13,-3.685189e+003
8,14,-3.685190e+003
8,15,-3.685191e+003
8,16,-3.685192e+003
8,17,-3.684918e+003
8,18,-3.684919e+003
8,19,-3.684920e+003
8,20,-3.684920e+003
8,21,-3.684921e+003
8,22,-3.684921e+003
8,23,-3.684922e+003
8,24,-3.684852e+003
8,25,-3.684852e+003
8,26,-3.684852e+003
8,27,-3.684852e+003
8,28,-3.684852e+003
8,29,-3.684853e+003
8,30,-3.684853e+003
8,31,-3.684853e+003
8,32,-3.684854e+003
8,33,-3.684854e+003
8,34,-3.684854e+003
8,35,-3.684854e+003
8,36,-3.684854e+003
8,37,-3.684855e+003
8,38,-3.684855e+003
9,0,-3.684411e+003
9,1,-3.684412e+003
9,2,-3.684412e+003
9,3,-3.684412e+003
9,4,-3.684413e+003
9,5,-3.684342e+003
9,6,-3.684343e+003
9,7,-3.684343e+003
9,8,-3.684343e+003
9,9,-3.684273e+003
9,10,-3.684274e+003
9,11,-3.684274e+003
9,12,-3.684271e+003
9,13,-3.684271e+003
9,14,-3.684271e+003
9,15,-3.684272e+003
9,16,-3.684272e+003
9,17,-3.684272e+003
9,18,-3.684272e+003
9,19,-3.684272e+003
9,20,-3.684273e+003
9,21,-3.684273e+003
9,22,-3.684202e+003
9,23,-3.684202e+003
9,24,-3.684202e+003
9,25,-3.684203e+003
10,0,-3.685525e+003
10,1,-3.685525e+003
10,2,-3.685525e+003
10,3,-3.685526e+003
10,4,-3.685526e+003
10,5,-3.685526e+003
10,6,-3.685526e+003
11,0,-3.685750e+003
11,1,-3.685750e+003
11,2,-3.685750e+003
11,3,-3.685750e+003
11,4,-3.685751e+003
11,5,-3.685751e+003
11,6,-3.685751e+003
11,7,-3.685751e+003
11,8,-3.685751e+003
11,9,-3.685751e+003
12,0,-3.685933e+003
12,1,-3.685933e+003
12,2,-3.685934e+003
12,3,-3.685934e+003
12,4,-3.685934e+003
12,5,-3.685934e+003
12,6,-3.685934e+003
12,7,-3.685935e+003
12,8,-3.685935e+003
12,9,-3.685935e+003
12,10,-3.685935e+003
12,11,-3.685935e+003
13,0,-3.686349e+003
13,1,-3.686349e+003
13,2,-3.686349e+003
13,3,-3.686349e+003
13,4,-3.686350e+003
13,5,-3.686350e+003
13,6,-3.686279e+003
13,7,-3.686280e+003
13,8,-3.686280e+003
13,9,-3.686280e+003
13,10,-3.686285e+003
13,11,-3.686291e+003
13,12,-3.686301e+003
13,13,-3.686308e+003
13,14,-3.686312e+003
13,15,-3.686314e+003
13,16,-3.686315e+003
13,17,-3.686316e+003
13,18,-3.686317e+003
13,19,-3.686593e+003
13,20,-3.686594e+003
13,21,-3.686595e+003
13,22,-3.686597e+003
13,23,-3.686598e+003
13,24,-3.686670e+003
13,25,-3.686742e+003
13,26,-3.686744e+003
13,27,-3.686752e+003
13,28,-3.686754e+003
13,29,-3.686829e+003
13,30,-3.686830e+003
13,31,-3.686831e+003
13,32,-3.686832e+003
13,33,-3.686833e+003
13,34,-3.686834e+003
13,35,-3.686834e+003
13,36,-3.686835e+003
13,37,-3.686835e+003
13,38,-3.686835e+003
13,39,-3.686836e+003
13,40,-3.686836e+003
13,41,-3.686836e+003
13,42,-3.686837e+003
13,43,-3.686837e+003
13,44,-3.686837e+003
13,45,-3.686831e+003
13,46,-3.686831e+003
13,47,-3.686831e+003
13,48,-3.686831e+003
14,0,-3.687488e+003
14,1,-3.687488e+003
14,2,-3.687488e+003
14,3,-3.687489e+003
14,4,-3.687489e+003
14,5,-3.687489e+003
14,6,-3.687489e+003
14,7,-3.687489e+003
14,8,-3.687489e+003
14,9,-3.687560e+003
14,10,-3.687561e+003
14,11,-3.687561e+003
14,12,-3.687561e+003
14,13,-3.687561e+003
14,14,-3.687561e+003
14,15,-3.687561e+003
14,16,-3.687491e+003
14,17,-3.687491e+003
14,18,-3.687491e+003
14,19,-3.687491e+003
14,20,-3.687491e+003
14,21,-3.687492e+003
14,22,-3.687492e+003
14,23,-3.687492e+003
14,24,-3.687492e+003
14,25,-3.687492e+003
14,26,-3.687493e+003
14,27,-3.687493e+003
14,28,-3.687493e+003
14,29,-3.687493e+003
14,30,-3.687493e+003
14,31,-3.687493e+003
14,32,-3.687493e+003
15,0,-3.688608e+003
15,1,-3.688608e+003
15,2,-3.688608e+003
15,3,-3.688609e+003
15,4,-3.688609e+003
15,5,-3.688609e+003
15,6,-3.688609e+003
15,7,-3.688609e+003
15,8,-3.688609e+003
15,9,-3.688609e+003
16,0,-3.689707e+003
16,1,-3.689707e+003
16,2,-3.689707e+003
16,3,-3.689708e+003
16,4,-3.689708e+003
16,5,-3.689708e+003
16,6,-3.689708e+003
16,7,-3.689708e+003
16,8,-3.689779e+003
16,9,-3.689780e+003
16,10,-3.689780e+003
16,11,-3.689780e+003
16,12,-3.689780e+003
17,0,-3.690186e+003
17,1,-3.690116e+003
17,2,-3.690116e+003
17,3,-3.690187e+003
17,4,-3.690187e+003
17,5,-3.690263e+003
17,6,-3.690273e+003
17,7,-3.690211e+003
17,8,-3.690143e+003
17,9,-3.690216e+003
17,10,-3.690290e+003
17,11,-3.690295e+003
17,12,-3.690393e+003
17,13,-3.690396e+003
17,14,-3.690398e+003
17,15,-3.690401e+003
17,16,-3.690403e+003
17,17,-3.690405e+003
17,18,-3.690406e+003
17,19,-3.690406e+003
17,20,-3.690407e+003
17,21,-3.690408e+003
17,22,-3.690408e+003
17,23,-3.690409e+003
17,24,-3.690409e+003
17,25,-3.690409e+003
17,26,-3.690339e+003
17,27,-3.690339e+003
17,28,-3.690340e+003
17,29,-3.690340e+003
17,30,-3.690340e+003
18,0,-3.689911e+003
18,1,-3.689911e+003
18,2,-3.689911e+003
18,3,-3.689911e+003
18,4,-3.689912e+003
18,5,-3.689912e+003
18,6,-3.689919e+003
18,7,-3.689919e+003
18,8,-3.689920e+003
18,9,-3.689921e+003
18,10,-3.689921e+003
18,11,-3.689928e+003
18,12,-3.689928e+003
18,13,-3.689929e+003
18,14,-3.689929e+003
18,15,-3.689930e+003
18,16,-3.689930e+003
18,17,-3.689931e+003
18,18,-3.689932e+003
18,19,-3.689926e+003
18,20,-3.689926e+003
18,21,-3.689926e+003
18,22,-3.689927e+003
18,23,-3.689927e+003
18,24,-3.689857e+003
18,25,-3.689857e+003
18,26,-3.689857e+003
18,27,-3.689864e+003
18,28,-3.689864e+003
18,29,-3.689864e+003
18,30,-3.689864e+003
18,31,-3.689858e+003
18,32,-3.689859e+003
18,33,-3.689859e+003
18,34,-3.689859e+003
18,35,-3.689859e+003
18,36,-3.689859e+003
18,37,-3.689859e+003
18,38,-3.689856e+003
18,39,-3.689856e+003
18,40,-3.689856e+003
18,41,-3.689785e+003
18,42,-3.689786e+003
18,43,-3.689780e+003
18,44,-3.689780e+003
18,45,-3.689780e+003
18,46,-3.689780e+003
18,47,-3.689780e+003
18,48,-3.689780e+003
18,49,-3.689781e+003
18,50,-3.689781e+003
18,51,-3.689781e+003
18,52,-3.689781e+003
18,53,-3.689781e+003
18,54,-3.689781e+003
18,55,-3.689782e+003
18,56,-3.689782e+003
18,57,-3.689782e+003
18,58,-3.689782e+003
18,59,-3.689782e+003
18,60,-3.689782e+003
18,61,-3.689782e+003
18,62,-3.689782e+003
18,63,-3.689782e+003
19,0,-3.688535e+003
19,1,-3.688535e+003
19,2,-3.688535e+003
19,3,-3.688535e+003
19,4,-3.688535e+003
19,5,-3.688535e+003
19,6,-3.688539e+003
19,7,-3.688539e+003
19,8,-3.688539e+003
19,9,-3.688539e+003
19,10,-3.688542e+003
19,11,-3.688544e+003
19,12,-3.688546e+003
19,13,-3.688553e+003
19,14,-3.688557e+003
19,15,-3.688560e+003
19,16,-3.688562e+003
19,17,-3.688563e+003
19,18,-3.688564e+003
19,19,-3.688639e+003
19,20,-3.688640e+003
19,21,-3.688640e+003
19,22,-3.688640e+003
19,23,-3.688640e+003
19,24,-3.688640e+003
19,25,-3.688641e+003
19,26,-3.688641e+003
19,27,-3.688641e+003
19,28,-3.688641e+003
19,29,-3.688642e+003
19,30,-3.688642e+003
19,31,-3.688642e+003
19,32,-3.688642e+003
19,33,-3.688643e+003
19,34,-3.688643e+003
19,35,-3.688643e+003
19,36,-3.688643e+003
19,37,-3.688643e+003
19,38,-3.688643e+003
20,0,-3.687237e+003
20,1,-3.687237e+003
20,2,-3.687237e+003
20,3,-3.687308e+003
20,4,-3.687308e+003
20,5,-3.687308e+003
20,6,-3.687309e+003
20,7,-3.687309e+003
20,8,-3.687380e+003
20,9,-3.687288e+003
20,10,-3.687289e+003
20,11,-3.687289e+003
20,12,-3.687290e+003
20,13,-3.687290e+003
20,14,-3.687290e+003
20,15,-3.687291e+003
20,16,-3.687291e+003
20,17,-3.687362e+003
20,18,-3.687362e+003
20,19,-3.687362e+003
20,20,-3.687363e+003
20,21,-3.687363e+003
20,22,-3.687363e+003
20,23,-3.687363e+003
20,24,-3.687363e+003
20,25,-3.687363e+003
20,26,-3.687364e+003
20,27,-3.687364e+003
21,0,-3.686702e+003
21,1,-3.686703e+003
21,2,-3.686632e+003
21,3,-3.686632e+003
21,4,-3.686632e+003
21,5,-3.686633e+003
21,6,-3.686633e+003
21,7,-3.686633e+003
21,8,-3.686633e+003
21,9,-3.686633e+003
21,10,-3.686633e+003
21,11,-3.686633e+003
21,12,-3.686634e+003
21,13,-3.686634e+003
21,14,-3.686634e+003
21,15,-3.686705e+003
21,16,-3.686705e+003
21,17,-3.686705e+003
21,18,-3.686705e+003
21,19,-3.686706e+003
21,20,-3.686706e+003
21,21,-3.686706e+003
21,22,-3.686706e+003
21,23,-3.686706e+003
21,24,-3.686706e+003
21,25,-3.686707e+003
21,26,-3.686707e+003
21,27,-3.686707e+003
22,0,-3.685461e+003
22,1,-3.685461e+003
22,2,-3.685461e+003
22,3,-3.685461e+003
22,4,-3.685462e+003
22,5,-3.685462e+003
22,6,-3.685462e+003
22,7,-3.685462e+003
22,8,-3.685462e+003
22,9,-3.685463e+003
22,10,-3.685463e+003
22,11,-3.685463e+003
22,12,-3.685463e+003
22,13,-3.685464e+003
22,14,-3.685464e+003
22,15,-3.685483e+003
22,16,-3.685499e+003
22,17,-3.685511e+003
22,18,-3.685521e+003
22,19,-3.685608e+003
22,20,-3.685620e+003
22,21,-3.685464e+003
22,22,-3.685470e+003
22,23,-3.685403e+003
22,24,-3.685408e+003
22,25,-3.685413e+003
22,26,-3.685489e+003
22,27,-3.685492e+003
22,28,-3.685493e+003
22,29,-3.685496e+003
22,30,-3.685357e+003
22,31,-3.685359e+003
22,32,-3.685361e+003
22,33,-3.685362e+003
22,34,-3.685364e+003
22,35,-3.685366e+003
22,36,-3.685367e+003
22,37,-3.685368e+003
22,38,-3.685370e+003
22,39,-3.685372e+003
22,40,-3.685374e+003
22,41,-3.685375e+003
22,42,-3.685375e+003
22,43,-3.685377e+003
22,44,-3.685378e+003
22,45,-3.685379e+003
22,46,-3.685310e+003
22,47,-3.685306e+003
22,48,-3.685237e+003
22,49,-3.685238e+003
22,50,-3.685238e+003
22,51,-3.685310e+003
22,52,-3.685310e+003
22,53,-3.685310e+003
22,54,-3.685311e+003
22,55,-3.685311e+003
22,56,-3.685311e+003
22,57,-3.685311e+003
23,0,-3.683268e+003
23,1,-3.683268e+003
23,2,-3.683268e+003
23,3,-3.683268e+003
23,4,-3.683268e+003
23,5,-3.683268e+003
23,6,-3.683268e+003
23,7,-3.683268e+003
23,8,-3.683269e+003
23,9,-3.683269e+003
23,10,-3.683269e+003
23,11,-3.683270e+003
23,12,-3.683270e+003
23,13,-3.683270e+003
23,14,-3.683270e+003
23,15,-3.683271e+003
23,16,-3.683271e+003
23,17,-3.683272e+003
23,18,-3.683272e+003
23,19,-3.683202e+003
23,20,-3.683202e+003
23,21,-3.683203e+003
23,22,-3.683203e+003
23,23,-3.683204e+003
23,24,-3.683133e+003
23,25,-3.683134e+003
23,26,-3.683134e+003
23,27,-3.683134e+003
23,28,-3.683135e+003
23,29,-3.683206e+003
23,30,-3.683206e+003
23,31,-3.683207e+003
23,32,-3.683201e+003
23,33,-3.683202e+003
23,34,-3.683131e+003
23,35,-3.683131e+003
23,36,-3.683132e+003
23,37,-3.683132e+003
23,38,-3.683132e+003
23,39,-3.683132e+003
23,40,-3.683133e+003
23,41,-3.683133e+003
23,42,-3.683134e+003
23,43,-3.683134e+003
23,44,-3.683134e+003
23,45,-3.683135e+003
23,46,-3.683135e+003
23,47,-3.683135e+003
23,48,-3.683136e+003
23,49,-3.683136e+003
23,50,-3.683136e+003
23,51,-3.683136e+003
23,52,-3.683136e+003
23,53,-3.683137e+003
23,54,-3.683137e+003
23,55,-3.683137e+003
23,56,-3.683138e+003
23,57,-3.683144e+003
23,58,-3.683168e+003
23,59,-3.683194e+003
23,60,-3.683084e+003
23,61,-3.683108e+003
23,62,-3.683120e+003
23,63,-3.683131e+003
23,64,-3.683137e+003
23,65,-3.683148e+003
23,66,-3.683157e+003
23,67,-3.683163e+003
23,68,-3.683239e+003
23,69,-3.683312e+003
23,70,-3.683315e+003
23,71,-3.683319e+003
23,72,-3.683321e+003
23,73,-3.683322e+003
23,74,-3.683322e+003
23,75,-3.683323e+003
23,76,-3.683324e+003
23,77,-3.683325e+003
23,78,-3.683326e+003
23,79,-3.683326e+003
23,80,-3.683327e+003
23,81,-3.683327e+003
23,82,-3.683328e+003
23,83,-3.683399e+003
23,84,-3.683399e+003
23,85,-3.683400e+003
23,86,-3.683400e+003
23,87,-3.683401e+003
23,88,-3.683401e+003
23,89,-3.683402e+003
23,90,-3.683402e+003
23,91,-3.683473e+003
23,92,-3.683474e+003
23,93,-3.683474e+003
23,94,-3.683475e+003
23,95,-3.683475e+003
23,96,-3.683475e+003
23,97,-3.683476e+003
23,98,-3.683476e+003
23,99,-3.683476e+003
23,100,-3.683476e+003
23,101,-3.683476e+003
23,102,-3.683476e+003
24,0,-3.679183e+003
24,1,-3.679183e+003
24,2,-3.679183e+003
24,3,-3.679183e+003
24,4,-3.679183e+003
24,5,-3.679183e+003
24,6,-3.679183e+003
25,0,-3.672596e+003
25,1,-3.672596e+003
25,2,-3.672596e+003
25,3,-3.672596e+003
25,4,-3.672596e+003
25,5,-3.672596e+003
25,6,-3.672596e+003
26,0,-3.663460e+003
26,1,-3.663460e+003
26,2,-3.663460e+003
26,3,-3.663460e+003
26,4,-3.663460e+003
26,5,-3.663460e+003
26,6,-3.663460e+003
27,0,-3.646485e+003
27,1,-3.646485e+003
27,2,-3.646485e+003
27,3,-3.646485e+003
27,4,-3.646485e+003
27,5,-3.646486e+003
27,6,-3.646486e+003
28,0,-3.616919e+003
28,1,-3.616919e+003
28,2,-3.616919e+003
28,3,-3.616919e+003
28,4,-3.616919e+003
28,5,-3.616919e+003
28,6,-3.616919e+003
29,0,-3.563032e+003
29,1,-3.563032e+003
29,2,-3.563032e+003
29,3,-3.563032e+003
29,4,-3.563032e+003
29,5,-3.563032e+003
29,6,-3.563032e+003
30,0,-3.464835e+003
30,1,-3.464835e+003
30,2,-3.464835e+003
30,3,-3.464835e+003
30,4,-3.464835e+003
30,5,-3.464835e+003
30,6,-3.464835e+003
31,0,-3.287103e+003
31,1,-3.287103e+003
31,2,-3.287103e+003
31,3,-3.287103e+003
31,4,-3.287103e+003
31,5,-3.422536e+003
31,6,-3.543739e+003
31,7,-3.572353e+003
31,8,-3.596970e+003
31,9,-3.605957e+003
31,10,-3.615617e+003
31,11,-3.621875e+003
31,12,-3.625324e+003
31,13,-3.627514e+003
31,14,-3.629181e+003
31,15,-3.630837e+003
31,16,-3.632026e+003
31,17,-3.632913e+003
31,18,-3.633793e+003
31,19,-3.634483e+003
31,20,-3.635251e+003
31,21,-3.636218e+003
31,22,-3.637093e+003
31,23,-3.637914e+003
31,24,-3.638668e+003
31,25,-3.639306e+003
31,26,-3.639838e+003
31,27,-3.640048e+003
31,28,-3.640360e+003
31,29,-3.640362e+003
31,30,-3.640564e+003
31,31,-3.640771e+003
31,32,-3.641210e+003
31,33,-3.641358e+003
31,34,-3.641420e+003
31,35,-3.641473e+003
31,36,-3.641583e+003
31,37,-3.641759e+003
31,38,-3.641622e+003
31,39,-3.641667e+003
31,40,-3.641732e+003
31,41,-3.641783e+003
31,42,-3.641839e+003
31,43,-3.641953e+003
31,44,-3.641995e+003
31,45,-3.642077e+003
31,46,-3.642107e+003
31,47,-3.642134e+003
31,48,-3.642156e+003
31,49,-3.642174e+003
31,50,-3.642195e+003
31,51,-3.642212e+003
31,52,-3.642230e+003
31,53,-3.642337e+003
31,54,-3.642350e+003
31,55,-3.642360e+003
31,56,-3.642370e+003
31,57,-3.642449e+003
31,58,-3.642458e+003
31,59,-3.642465e+003
31,60,-3.642470e+003
31,61,-3.642475e+003
31,62,-3.642479e+003
31,63,-3.642484e+003
31,64,-3.642488e+003
31,65,-3.642493e+003
31,66,-3.642496e+003
31,67,-3.642499e+003
31,68,-3.642503e+003
31,69,-3.642506e+003
31,70,-3.642508e+003
31,71,-3.642511e+003
31,72,-3.642514e+003
31,73,-3.642516e+003
31,74,-3.642519e+003
31,75,-3.642521e+003
31,76,-3.642523e+003
31,77,-3.642526e+003
31,78,-3.642528e+003
31,79,-3.642531e+003
31,80,-3.642533e+003
31,81,-3.642535e+003
31,82,-3.642537e+003
31,83,-3.642539e+003
31,84,-3.642540e+003
31,85,-3.642612e+003
31,86,-3.642613e+003
31,87,-3.642614e+003
31,88,-3.642615e+003
31,89,-3.642616e+003
31,90,-3.642616e+003
31,91,-3.642617e+003
31,92,-3.642618e+003
31,93,-3.642618e+003
31,94,-3.642619e+003
31,95,-3.642619e+003
31,96,-3.642620e+003
31,97,-3.642620e+003
31,98,-3.642620e+003
31,99,-3.642621e+003
31,100,-3.642621e+003
31,101,-3.642621e+003
31,102,-3.642622e+003
31,103,-3.642622e+003
31,104,-3.642622e+003
31,105,-3.642622e+003
32,0,-3.633012e+003
32,1,-3.633012e+003
32,2,-3.633012e+003
32,3,-3.633013e+003
32,4,-3.633013e+003
32,5,-3.633013e+003
32,6,-3.633013e+003
33,0,-3.617819e+003
33,1,-3.617819e+003
33,2,-3.617819e+003
33,3,-3.617819e+003
33,4,-3.617819e+003
33,5,-3.617819e+003
33,6,-3.617819e+003
34,0,-3.589336e+003
34,1,-3.589336e+003
34,2,-3.589336e+003
34,3,-3.589336e+003
34,4,-3.589337e+003
34,5,-3.589337e+003
34,6,-3.589337e+003
35,0,-3.538733e+003
35,1,-3.538733e+003
35,2,-3.538733e+003
35,3,-3.538733e+003
35,4,-3.538734e+003
35,5,-3.538734e+003
35,6,-3.538734e+003
36,0,-3.448413e+003
36,1,-3.448413e+003
36,2,-3.448413e+003
36,3,-3.448413e+003
36,4,-3.448413e+003
36,5,-3.448413e+003
36,6,-3.448413e+003
37,0,-3.293092e+003
37,1,-3.293093e+003
37,2,-3.293093e+003
37,3,-3.293093e+003
37,4,-3.293093e+003
37,5,-3.293093e+003
37,6,-3.293093e+003
38,0,-3.026888e+003
38,1,-3.026888e+003
38,2,-3.026888e+003
38,3,-3.026888e+003
38,4,-3.026889e+003
38,5,-3.026889e+003
38,6,-3.026889e+003
39,0,-2.589007e+003
39,1,-2.589007e+003
39,2,-2.589007e+003
39,3,-2.589007e+003
39,4,-2.589007e+003
39,5,-2.589007e+003
39,6,-2.589007e+003
40,0,-1.909780e+003
40,1,-1.909781e+003
40,2,-1.909781e+003
40,3,-1.909781e+003
40,4,-1.909781e+003
40,5,-1.909781e+003
40,6,-1.909781e+003
41,0,-9.280137e+002
41,1,-9.280138e+002
41,2,-9.280138e+002
41,3,-9.280139e+002
41,4,-9.280141e+002
41,5,-9.280143e+002
41,6,-9.280145e+002
41,7,-9.280147e+002
41,8,-9.280149e+002
41,9,-9.280152e+002
41,10,-9.280154e+002
41,11,-9.280156e+002
41,12,-9.280158e+002
41,13,-9.280160e+002
41,14,-9.280163e+002
41,15,-9.280165e+002
41,16,-9.280167e+002
41,17,-9.280170e+002
41,18,-9.280172e+002
41,19,-9.280174e+002
41,20,-9.280177e+002
41,21,-9.280179e+002
41,22,-9.280182e+002
41,23,-9.280184e+002
41,24,-9.280187e+002
41,25,-9.280190e+002
41,26,-9.280192e+002
41,27,-9.280195e+002
41,28,-9.280198e+002
41,29,-9.280200e+002
41,30,-9.280203e+002
41,31,-9.280206e+002
41,32,-9.280209e+002
41,33,-9.280212e+002
41,34,-9.280215e+002
41,35,-9.280218e+002
41,36,-3.202815e+003
41,37,-3.282912e+003
41,38,-3.355229e+003
41,39,-3.382658e+003
41,40,-3.409065e+003
41,41,-3.423071e+003
41,42,-3.437548e+003
41,43,-3.446334e+003
41,44,-3.454950e+003
41,45,-3.460181e+003
41,46,-3.464224e+003
41,47,-3.467384e+003
41,48,-3.470145e+003
41,49,-3.472205e+003
41,50,-3.474591e+003
41,51,-3.476126e+003
41,52,-3.477469e+003
41,53,-3.478755e+003
41,54,-3.479739e+003
41,55,-3.480454e+003
41,56,-3.481141e+003
41,57,-3.481703e+003
41,58,-3.482193e+003
41,59,-3.482534e+003
41,60,-3.482846e+003
41,61,-3.482869e+003
41,62,-3.483189e+003
41,63,-3.483404e+003
41,64,-3.483588e+003
41,65,-3.483757e+003
41,66,-3.483921e+003
41,67,-3.484172e+003
41,68,-3.484264e+003
41,69,-3.484350e+003
41,70,-3.484417e+003
41,71,-3.484488e+003
41,72,-3.484471e+003
41,73,-3.484523e+003
41,74,-3.484563e+003
41,75,-3.484601e+003
41,76,-3.484634e+003
41,77,-3.484658e+003
41,78,-3.484607e+003
41,79,-3.484625e+003
41,80,-3.484640e+003
41,81,-3.484657e+003
41,82,-3.484673e+003
41,83,-3.484690e+003
41,84,-3.484708e+003
41,85,-3.484728e+003
41,86,-3.484744e+003
41,87,-3.484763e+003
41,88,-3.484781e+003
41,89,-3.484796e+003
41,90,-3.484881e+003
41,91,-3.484895e+003
41,92,-3.484906e+003
41,93,-3.484919e+003
41,94,-3.484931e+003
41,95,-3.484873e+003
41,96,-3.484884e+003
41,97,-3.484896e+003
41,98,-3.484834e+003
41,99,-3.484916e+003
41,100,-3.484998e+003
41,101,-3.485007e+003
41,102,-3.485016e+003
41,103,-3.485026e+003
41,104,-3.485036e+003
41,105,-3.484972e+003
41,106,-3.484980e+003
41,107,-3.484987e+003
41,108,-3.484993e+003
41,109,-3.484927e+003
41,110,-3.484931e+003
41,111,-3.484934e+003
41,112,-3.484936e+003
41,113,-3.484938e+003
41,114,-3.484940e+003
41,115,-3.484942e+003
41,116,-3.484943e+003
41,117,-3.484945e+003
41,118,-3.484946e+003
41,119,-3.484947e+003
41,120,-3.484948e+003
41,121,-3.484949e+003
41,122,-3.484950e+003
41,123,-3.484951e+003
41,124,-3.484951e+003
41,125,-3.484952e+003
41,126,-3.484952e+003
41,127,-3.484953e+003
41,128,-3.484953e+003
41,129,-3.484954e+003
41,130,-3.484954e+003
41,131,-3.484954e+003
41,132,-3.484954e+003
41,133,-3.484955e+003
41,134,-3.484955e+003
41,135,-3.484955e+003
41,136,-3.484955e+003
42,0,-3.435024e+003
42,1,-3.435024e+003
42,2,-3.435024e+003
42,3,-3.435025e+003
42,4,-3.435025e+003
42,5,-3.435025e+003
42,6,-3.435025e+003
43,0,-3.363148e+003
43,1,-3.363149e+003
43,2,-3.363149e+003
43,3,-3.363149e+003
43,4,-3.363149e+003
43,5,-3.363149e+003
43,6,-3.363149e+003
44,0,-3.254852e+003
44,1,-3.254852e+003
44,2,-3.254852e+003
44,3,-3.254852e+003
44,4,-3.254852e+003
44,5,-3.254852e+003
44,6,-3.254852e+003
45,0,-3.089385e+003
45,1,-3.089385e+003
45,2,-3.089385e+003
45,3,-3.089385e+003
45,4,-3.089385e+003
45,5,-3.089385e+003
45,6,-3.089386e+003
46,0,-2.831104e+003
46,1,-2.831104e+003
46,2,-2.831104e+003
46,3,-2.831105e+003
46,4,-2.831105e+003
46,5,-2.831105e+003
46,6,-2.831105e+003
47,0,-2.417491e+003
47,1,-2.417491e+003
47,2,-2.417491e+003
47,3,-2.417491e+003
47,4,-2.417491e+003
47,5,-2.417491e+003
47,6,-2.417491e+003
48,0,-1.739868e+003
48,1,-1.739868e+003
48,2,-1.739868e+003
48,3,-1.739868e+003
48,4,-1.739868e+003
48,5,-1.739868e+003
48,6,-1.739868e+003
49,0,-5.957692e+002
49,1,-5.957693e+002
49,2,-5.957694e+002
49,3,-5.957695e+002
49,4,-5.957696e+002
49,5,-5.957697e+002
49,6,-5.957698e+002
50,0,1.393165e+003
50,1,1.393165e+003
50,2,1.393165e+003
50,3,1.393165e+003
50,4,1.393165e+003
50,5,1.393164e+003
50,6,1.393164e+003
51,0,4.931269e+003
51,1,4.931269e+003
51,2,4.931269e+003
51,3,4.931269e+003
51,4,4.931269e+003
51,5,4.931268e+003
51,6,4.931268e+003
52,0,1.116087e+004
52,1,1.116087e+004
52,2,1.116087e+004
52,3,1.116087e+004
52,4,1.116087e+004
52,5,1.116087e+004
52,6,1.116087e+004
53,0,2.106715e+004
53,1,2.106715e+004
53,2,2.106715e+004
53,3,2.106715e+004
53,4,2.106715e+004
53,5,2.106715e+004
53,6,2.106715e+004
54,0,3.418741e+004
54,1,3.418741e+004
54,2,3.418741e+004
54,3,3.418741e+004
54,4,3.418741e+004
54,5,3.418741e+004
54,6,3.418741e+004
55,0,4.954859e+004
55,1,4.954859e+004
55,2,4.954859e+004
55,3,4.954859e+004
55,4,4.954859e+004
55,5,4.954859e+004
55,6,4.954859e+004
56,0,6.653393e+004
56,1,4.244412e+004
56,2,-2.434376e+002
56,3,-1.460867e+003
56,4,-2.000290e+003
56,5,-2.192944e+003
56,6,-2.265115e+003
56,7,-2.364031e+003
56,8,-2.445263e+003
56,9,-2.467924e+003
56,10,-2.498404e+003
56,11,-2.524899e+003
56,12,-2.540916e+003
56,13,-2.559669e+003
56,14,-2.568211e+003
56,15,-2.580340e+003
56,16,-2.591432e+003
56,17,-2.597554e+003
56,18,-2.605680e+003
56,19,-2.611480e+003
56,20,-2.617028e+003
56,21,-2.622751e+003
56,22,-2.625551e+003
56,23,-2.629011e+003
56,24,-2.632461e+003
56,25,-2.634068e+003
56,26,-2.636631e+003
56,27,-2.638677e+003
56,28,-2.640296e+003
56,29,-2.642586e+003
56,30,-2.643654e+003
56,31,-2.645136e+003
56,32,-2.646494e+003
56,33,-2.647282e+003
56,34,-2.648361e+003
56,35,-2.649200e+003
56,36,-2.650051e+003
56,37,-2.650987e+003
56,38,-2.651561e+003
56,39,-2.652200e+003
56,40,-2.652827e+003
56,41,-2.653307e+003
56,42,-2.653900e+003
56,43,-2.654229e+003
56,44,-2.654514e+003
56,45,-2.654927e+003
56,46,-2.655170e+003
56,47,-2.655471e+003
56,48,-2.655731e+003
56,49,-2.655930e+003
56,50,-2.656246e+003
56,51,-2.656500e+003
56,52,-2.656597e+003
56,53,-2.656990e+003
56,54,-2.657125e+003
56,55,-2.657389e+003
56,56,-2.657498e+003
56,57,-2.657543e+003
56,58,-2.657725e+003
56,59,-2.657861e+003
56,60,-2.658075e+003
56,61,-2.658172e+003
56,62,-2.658275e+003
56,63,-2.658430e+003
56,64,-2.658547e+003
56,65,-2.658640e+003
56,66,-2.658887e+003
56,67,-2.659027e+003
56,68,-2.659137e+003
56,69,-2.659268e+003
56,70,-2.659432e+003
56,71,-2.659462e+003
56,72,-2.659474e+003
56,73,-2.659385e+003
56,74,-2.659531e+003
56,75,-2.659570e+003
56,76,-2.659681e+003
56,77,-2.659718e+003
56,78,-2.659695e+003
56,79,-2.659802e+003
56,80,-2.659830e+003
56,81,-2.659849e+003
56,82,-2.659811e+003
56,83,-2.659831e+003
56,84,-2.659862e+003
56,85,-2.659941e+003
56,86,-2.659964e+003
56,87,-2.660007e+003
56,88,-2.660051e+003
56,89,-2.660153e+003
56,90,-2.660229e+003
56,91,-2.660255e+003
56,92,-2.660289e+003
56,93,-2.660444e+003
56,94,-2.660396e+003
56,95,-2.660434e+003
56,96,-2.660432e+003
56,97,-2.660527e+003
56,98,-2.660566e+003
56,99,-2.660592e+003
56,100,-2.660627e+003
56,101,-2.660640e+003
56,102,-2.660652e+003
56,103,-2.660737e+003
56,104,-2.660831e+003
56,105,-2.660853e+003
56,106,-2.660873e+003
56,107,-2.660892e+003
56,108,-2.660908e+003
56,109,-2.660916e+003
56,110,-2.660933e+003
56,111,-2.660946e+003
56,112,-2.660959e+003
56,113,-2.660972e+003
56,114,-2.660984e+003
56,115,-2.660995e+003
56,116,-2.661003e+003
56,117,-2.661011e+003
56,118,-2.661028e+003
56,119,-2.661114e+003
56,120,-2.661207e+003
56,121,-2.661228e+003
56,122,-2.661317e+003
56,123,-2.661349e+003
56,124,-2.661315e+003
56,125,-2.661360e+003
56,126,-2.661407e+003
56,127,-2.661373e+003
56,128,-2.661395e+003
56,129,-2.661492e+003
56,130,-2.661544e+003
56,131,-2.661558e+003
56,132,-2.661472e+003
56,133,-2.661435e+003
56,134,-2.661474e+003
56,135,-2.661423e+003
56,136,-2.661629e+003
56,137,-2.661692e+003
56,138,-2.661483e+003
56,139,-2.661448e+003
56,140,-2.661639e+003
56,141,-2.661604e+003
56,142,-2.661524e+003
56,143,-2.661510e+003
56,144,-2.661550e+003
56,145,-2.661581e+003
56,146,-2.661633e+003
56,147,-2.661487e+003
56,148,-2.661558e+003
56,149,-2.661590e+003
56,150,-2.661510e+003
56,151,-2.661503e+003
56,152,-2.661658e+003
56,153,-2.661700e+003
56,154,-2.661737e+003
56,155,-2.661786e+003
56,156,-2.661992e+003
56,157,-2.661971e+003
56,158,-2.661926e+003
56,159,-2.662121e+003
56,160,-2.662046e+003
56,161,-2.661957e+003
56,162,-2.661986e+003
56,163,-2.662099e+003
56,164,-2.662220e+003
56,165,-2.662201e+003
56,166,-2.662233e+003
56,167,-2.662263e+003
56,168,-2.662244e+003
56,169,-2.662284e+003
56,170,-2.662310e+003
56,171,-2.662337e+003
56,172,-2.662297e+003
56,173,-2.662380e+003
56,174,-2.662393e+003
56,175,-2.662416e+003
56,176,-2.662435e+003
56,177,-2.662447e+003
56,178,-2.662457e+003
56,179,-2.662422e+003
56,180,-2.662481e+003
56,181,-2.662481e+003
56,182,-2.662490e+003
56,183,-2.662336e+003
56,184,-2.662341e+003
56,185,-2.662343e+003
56,186,-2.662348e+003
56,187,-2.662353e+003
56,188,-2.662355e+003
56,189,-2.662358e+003
56,190,-2.662369e+003
56,191,-2.662373e+003
56,192,-2.662376e+003
56,193,-2.662340e+003
56,194,-2.662345e+003
56,195,-2.662347e+003
56,196,-2.662351e+003
56,197,-2.662355e+003
56,198,-2.662358e+003
56,199,-2.662360e+003
56,200,-2.662434e+003
56,201,-2.662436e+003
56,202,-2.662437e+003
56,203,-2.662438e+003
56,204,-2.662446e+003
56,205,-2.662448e+003
56,206,-2.662449e+003
56,207,-2.662451e+003
56,208,-2.662452e+003
56,209,-2.662454e+003
56,210,-2.662454e+003
56,211,-2.662455e+003
56,212,-2.662527e+003
56,213,-2.662528e+003
56,214,-2.662529e+003
56,215,-2.662530e+003
56,216,-2.662531e+003
56,217,-2.662532e+003
56,218,-2.662533e+003
56,219,-2.662533e+003
56,220,-2.662534e+003
56,221,-2.662535e+003
56,222,-2.662536e+003
56,223,-2.662537e+003
56,224,-2.662537e+003
56,225,-2.662538e+003
56,226,-2.662539e+003
56,227,-2.662540e+003
56,228,-2.662540e+003
56,229,-2.662541e+003
56,230,-2.662541e+003
56,231,-2.662542e+003
56,232,-2.662543e+003
56,233,-2.662544e+003
56,234,-2.662544e+003
56,235,-2.662545e+003
56,236,-2.662545e+003
56,237,-2.662546e+003
56,238,-2.662546e+003
56,239,-2.662547e+003
56,240,-2.662548e+003
56,241,-2.662548e+003
56,242,-2.662549e+003
56,243,-2.662550e+003
56,244,-2.662550e+003
56,245,-2.662550e+003
56,246,-2.662480e+003
56,247,-2.662481e+003
56,248,-2.662411e+003
56,249,-2.662412e+003
56,250,-2.662414e+003
56,251,-2.662414e+003
56,252,-2.662415e+003
56,253,-2.662417e+003
56,254,-2.662419e+003
56,255,-2.662486e+003
56,256,-2.662495e+003
56,257,-2.662497e+003
56,258,-2.662498e+003
56,259,-2.662507e+003
56,260,-2.662509e+003
56,261,-2.662512e+003
56,262,-2.662514e+003
56,263,-2.662516e+003
56,264,-2.662442e+003
56,265,-2.662445e+003
56,266,-2.662448e+003
56,267,-2.662451e+003
56,268,-2.662453e+003
56,269,-2.662385e+003
56,270,-2.662459e+003
56,271,-2.662467e+003
56,272,-2.662400e+003
56,273,-2.662404e+003
56,274,-2.662336e+003
56,275,-2.662410e+003
56,276,-2.662486e+003
56,277,-2.662491e+003
56,278,-2.662493e+003
56,279,-2.662526e+003
56,280,-2.662533e+003
56,281,-2.662398e+003
56,282,-2.662403e+003
56,283,-2.662488e+003
56,284,-2.662546e+003
56,285,-2.662622e+003
56,286,-2.662752e+003
56,287,-2.662695e+003
56,288,-2.662515e+003
56,289,-2.662525e+003
56,290,-2.662540e+003
56,291,-2.662546e+003
56,292,-2.662765e+003
56,293,-2.662678e+003
56,294,-2.662754e+003
56,295,-2.662757e+003
56,296,-2.662751e+003
56,297,-2.662836e+003
56,298,-2.662956e+003
56,299,-2.662962e+003
56,300,-2.662906e+003
56,301,-2.662914e+003
56,302,-2.662918e+003
56,303,-2.662926e+003
56,304,-2.662935e+003
56,305,-2.662947e+003
56,306,-2.662959e+003
56,307,-2.663044e+003
56,308,-2.663052e+003
56,309,-2.662988e+003
56,310,-2.662909e+003
56,311,-2.662915e+003
56,312,-2.662930e+003
56,313,-2.662936e+003
56,314,-2.662934e+003
56,315,-2.662939e+003
56,316,-2.662943e+003
56,317,-2.662947e+003
56,318,-2.663020e+003
56,319,-2.663023e+003
56,320,-2.663097e+003
56,321,-2.663172e+003
56,322,-2.663204e+003
56,323,-2.663212e+003
56,324,-2.663175e+003
56,325,-2.663178e+003
56,326,-2.663187e+003
56,327,-2.663189e+003
56,328,-2.663262e+003
56,329,-2.663264e+003
56,330,-2.663266e+003
56,331,-2.663267e+003
56,332,-2.663269e+003
56,333,-2.663272e+003
56,334,-2.663274e+003
56,335,-2.663275e+003
56,336,-2.663277e+003
56,337,-2.663279e+003
56,338,-2.663210e+003
56,339,-2.663210e+003
56,340,-2.663212e+003
56,341,-2.663213e+003
56,342,-2.663214e+003
56,343,-2.663215e+003
56,344,-2.663216e+003
56,345,-2.663217e+003
56,346,-2.663218e+003
56,347,-2.663219e+003
56,348,-2.663312e+003
56,349,-2.663314e+003
56,350,-2.663321e+003
56,351,-2.663323e+003
56,352,-2.663254e+003
56,353,-2.663180e+003
56,354,-2.663182e+003
56,355,-2.663184e+003
56,356,-2.663188e+003
56,357,-2.663192e+003
56,358,-2.663195e+003
56,359,-2.663198e+003
56,360,-2.663203e+003
56,361,-2.663208e+003
56,362,-2.663212e+003
56,363,-2.663215e+003
56,364,-2.663221e+003
56,365,-2.663228e+003
56,366,-2.663232e+003
56,367,-2.663166e+003
56,368,-2.663173e+003
56,369,-2.663179e+003
56,370,-2.663184e+003
56,371,-2.663188e+003
56,372,-2.663407e+003
56,373,-2.663413e+003
56,374,-2.663418e+003
56,375,-2.663259e+003
56,376,-2.663195e+003
56,377,-2.663195e+003
56,378,-2.663201e+003
56,379,-2.663210e+003
56,380,-2.663215e+003
56,381,-2.663362e+003
56,382,-2.663367e+003
56,383,-2.663299e+003
56,384,-2.663304e+003
56,385,-2.663373e+003
56,386,-2.663449e+003
56,387,-2.663453e+003
56,388,-2.663455e+003
56,389,-2.663459e+003
56,390,-2.663464e+003
56,391,-2.663463e+003
56,392,-2.663539e+003
56,393,-2.663542e+003
56,394,-2.663621e+003
56,395,-2.663629e+003
56,396,-2.663566e+003
56,397,-2.663642e+003
56,398,-2.663646e+003
56,399,-2.663651e+003
56,400,-2.663656e+003
56,401,-2.663658e+003
56,402,-2.663659e+003
56,403,-2.663661e+003
56,404,-2.663665e+003
56,405,-2.663668e+003
56,406,-2.663671e+003
56,407,-2.663673e+003
56,408,-2.663675e+003
56,409,-2.663675e+003
56,410,-2.663677e+003
56,411,-2.663678e+003
56,412,-2.663679e+003
56,413,-2.663679e+003
56,414,-2.663680e+003
56,415,-2.663681e+003
56,416,-2.663752e+003
56,417,-2.663753e+003
56,418,-2.663754e+003
56,419,-2.663754e+003
56,420,-2.663755e+003
56,421,-2.663755e+003
56,422,-2.663756e+003
56,423,-2.663756e+003
56,424,-2.663757e+003
56,425,-2.663757e+003
56,426,-2.663758e+003
56,427,-2.663758e+003
56,428,-2.663759e+003
56,429,-2.663688e+003
56,430,-2.663618e+003
56,431,-2.663619e+003
56,432,-2.663619e+003
56,433,-2.663619e+003
56,434,-2.663620e+003
56,435,-2.663620e+003
56,436,-2.663621e+003
56,437,-2.663615e+003
56,438,-2.663615e+003
56,439,-2.663616e+003
56,440,-2.663616e+003
56,441,-2.663616e+003
56,442,-2.663617e+003
56,443,-2.663617e+003
56,444,-2.663617e+003
56,445,-2.663617e+003
56,446,-2.663618e+003
56,447,-2.663618e+003
56,448,-2.663618e+003
56,449,-2.663618e+003
56,450,-2.663619e+003
56,451,-2.663619e+003
56,452,-2.663619e+003
56,453,-2.663619e+003
56,454,-2.663478e+003
56,455,-2.663549e+003
56,456,-2.663549e+003
56,457,-2.663549e+003
56,458,-2.663550e+003
56,459,-2.663550e+003
56,460,-2.663551e+003
56,461,-2.663551e+003
56,462,-2.663552e+003
56,463,-2.663552e+003
56,464,-2.663552e+003
56,465,-2.663553e+003
56,466,-2.663625e+003
56,467,-2.663626e+003
56,468,-2.663626e+003
56,469,-2.663627e+003
56,470,-2.663628e+003
56,471,-2.663629e+003
56,472,-2.663630e+003
56,473,-2.663636e+003
56,474,-2.663643e+003
56,475,-2.663644e+003
56,476,-2.663645e+003
56,477,-2.663645e+003
56,478,-2.663575e+003
56,479,-2.663576e+003
56,480,-2.663577e+003
56,481,-2.663577e+003
56,482,-2.663578e+003
56,483,-2.663649e+003
56,484,-2.663643e+003
56,485,-2.663644e+003
56,486,-2.663644e+003
56,487,-2.663645e+003
56,488,-2.663645e+003
56,489,-2.663646e+003
56,490,-2.663717e+003
56,491,-2.663717e+003
56,492,-2.663718e+003
56,493,-2.663719e+003
56,494,-2.663719e+003
56,495,-2.663790e+003
56,496,-2.663790e+003
56,497,-2.663791e+003
56,498,-2.663785e+003
56,499,-2.663785e+003
56,500,-2.663785e+003
57,0,-2.550940e+003
57,1,-2.579465e+003
57,2,-2.629304e+003
57,3,-2.633659e+003
57,4,-2.637097e+003
57,5,-2.639446e+003
57,6,-2.640239e+003
57,7,-2.641158e+003
57,8,-2.641553e+003
57,9,-2.642022e+003
57,10,-2.642378e+003
57,11,-2.642628e+003
57,12,-2.642864e+003
57,13,-2.643109e+003
57,14,-2.643233e+003
57,15,-2.643418e+003
57,16,-2.643565e+003
57,17,-2.643657e+003
57,18,-2.643695e+003
57,19,-2.643740e+003
57,20,-2.643730e+003
57,21,-2.643809e+003
57,22,-2.643844e+003
57,23,-2.643740e+003
57,24,-2.643709e+003
57,25,-2.643727e+003
57,26,-2.643895e+003
57,27,-2.643845e+003
57,28,-2.643869e+003
57,29,-2.643890e+003
57,30,-2.643900e+003
57,31,-2.643913e+003
57,32,-2.643857e+003
57,33,-2.643865e+003
57,34,-2.643790e+003
57,35,-2.643782e+003
57,36,-2.643788e+003
57,37,-2.643807e+003
57,38,-2.643816e+003
57,39,-2.643826e+003
57,40,-2.643907e+003
57,41,-2.643911e+003
57,42,-2.643927e+003
57,43,-2.643933e+003
57,44,-2.643937e+003
57,45,-2.643942e+003
57,46,-2.643946e+003
57,47,-2.643878e+003
57,48,-2.643882e+003
57,49,-2.643891e+003
57,50,-2.643895e+003
57,51,-2.643900e+003
57,52,-2.643973e+003
57,53,-2.643978e+003
57,54,-2.643987e+003
57,55,-2.643920e+003
57,56,-2.643917e+003
57,57,-2.643919e+003
57,58,-2.643875e+003
57,59,-2.643878e+003
57,60,-2.643880e+003
57,61,-2.643882e+003
57,62,-2.643885e+003
57,63,-2.643840e+003
57,64,-2.643842e+003
57,65,-2.643850e+003
57,66,-2.643851e+003
57,67,-2.643852e+003
57,68,-2.643853e+003
57,69,-2.644199e+003
57,70,-2.644200e+003
57,71,-2.644200e+003
57,72,-2.644201e+003
57,73,-2.644201e+003
57,74,-2.644202e+003
57,75,-2.644273e+003
57,76,-2.644273e+003
57,77,-2.644274e+003
57,78,-2.644274e+003
57,79,-2.644275e+003
57,80,-2.644275e+003
57,81,-2.644275e+003
57,82,-2.644276e+003
57,83,-2.644276e+003
57,84,-2.644277e+003
57,85,-2.644277e+003
57,86,-2.644278e+003
57,87,-2.644279e+003
57,88,-2.644209e+003
57,89,-2.644210e+003
57,90,-2.644210e+003
57,91,-2.644211e+003
57,92,-2.644212e+003
57,93,-2.644212e+003
57,94,-2.644212e+003
57,95,-2.644213e+003
57,96,-2.644213e+003
57,97,-2.644214e+003
57,98,-2.644214e+003
57,99,-2.644215e+003
57,100,-2.644215e+003
57,101,-2.644215e+003
57,102,-2.644215e+003
57,103,-2.644216e+003
57,104,-2.644216e+003
57,105,-2.644216e+003
57,106,-2.644216e+003
57,107,-2.644217e+003
57,108,-2.644217e+003
57,109,-2.644217e+003
57,110,-2.644217e+003
57,111,-2.644218e+003
57,112,-2.644218e+003
57,113,-2.644147e+003
57,114,-2.644148e+003
57,115,-2.644148e+003
57,116,-2.644148e+003
57,117,-2.644148e+003
57,118,-2.644148e+003
57,119,-2.644148e+003
57,120,-2.644149e+003
57,121,-2.644149e+003
57,122,-2.644143e+003
57,123,-2.644143e+003
57,124,-2.644143e+003
57,125,-2.644073e+003
57,126,-2.644073e+003
57,127,-2.644074e+003
57,128,-2.644080e+003
57,129,-2.644081e+003
57,130,-2.644082e+003
57,131,-2.644083e+003
57,132,-2.644083e+003
57,133,-2.644084e+003
57,134,-2.644203e+003
57,135,-2.644203e+003
57,136,-2.644204e+003
57,137,-2.644205e+003
57,138,-2.644206e+003
57,139,-2.644206e+003
57,140,-2.644207e+003
57,141,-2.644208e+003
57,142,-2.644256e+003
57,143,-2.644256e+003
57,144,-2.644257e+003
57,145,-2.644257e+003
57,146,-2.644258e+003
57,147,-2.644258e+003
57,148,-2.644259e+003
57,149,-2.644260e+003
57,150,-2.644260e+003
57,151,-2.644261e+003
57,152,-2.644261e+003
57,153,-2.644262e+003
57,154,-2.644262e+003
57,155,-2.644263e+003
57,156,-2.644263e+003
57,157,-2.644264e+003
57,158,-2.644264e+003
57,159,-2.644264e+003
57,160,-2.644265e+003
57,161,-2.644265e+003
57,162,-2.644218e+003
57,163,-2.644219e+003
57,164,-2.644219e+003
57,165,-2.644290e+003
57,166,-2.644290e+003
57,167,-2.644291e+003
57,168,-2.644291e+003
57,169,-2.644285e+003
57,170,-2.644285e+003
57,171,-2.644285e+003
57,172,-2.644285e+003
57,173,-2.644286e+003
57,174,-2.644286e+003
58,0,-1.611354e+003
58,1,-1.611354e+003
58,2,-1.611354e+003
58,3,-1.611354e+003
58,4,-1.611354e+003
58,5,-1.611354e+003
58,6,-1.611354e+003
58,7,-1.611354e+003
58,8,-1.611355e+003
58,9,-1.611355e+003
58,10,-1.611355e+003
58,11,-1.611355e+003
58,12,-1.611355e+003
58,13,-1.611355e+003
58,14,-1.611355e+003
58,15,-1.611355e+003
58,16,-1.611355e+003
58,17,-1.611356e+003
58,18,-1.611356e+003
58,19,-1.611356e+003
58,20,-1.611285e+003
58,21,-1.611285e+003
58,22,-1.611285e+003
58,23,-1.611285e+003
58,24,-1.611286e+003
58,25,-2.514434e+003
58,26,-2.551994e+003
58,27,-2.617357e+003
58,28,-2.624040e+003
58,29,-2.629224e+003
58,30,-2.632229e+003
58,31,-2.633777e+003
58,32,-2.635193e+003
58,33,-2.635923e+003
58,34,-2.636783e+003
58,35,-2.637313e+003
58,36,-2.637538e+003
58,37,-2.637962e+003
58,38,-2.638154e+003
58,39,-2.638351e+003
58,40,-2.638641e+003
58,41,-2.638817e+003
58,42,-2.639016e+003
58,43,-2.639130e+003
58,44,-2.639186e+003
58,45,-2.639292e+003
58,46,-2.639352e+003
58,47,-2.639460e+003
58,48,-2.639439e+003
58,49,-2.639507e+003
58,50,-2.639635e+003
58,51,-2.639588e+003
58,52,-2.639355e+003
58,53,-2.639383e+003
58,54,-2.639422e+003
58,55,-2.639404e+003
58,56,-2.639423e+003
58,57,-2.639452e+003
58,58,-2.639401e+003
58,59,-2.639429e+003
58,60,-2.639878e+003
58,61,-2.639904e+003
58,62,-2.639897e+003
58,63,-2.639928e+003
58,64,-2.639954e+003
58,65,-2.640123e+003
58,66,-2.640132e+003
58,67,-2.640152e+003
58,68,-2.640169e+003
58,69,-2.640184e+003
58,70,-2.640196e+003
58,71,-2.640322e+003
58,72,-2.640601e+003
58,73,-2.640678e+003
58,74,-2.640458e+003
58,75,-2.640468e+003
58,76,-2.640475e+003
58,77,-2.640487e+003
58,78,-2.640493e+003
58,79,-2.640502e+003
58,80,-2.640440e+003
58,81,-2.640446e+003
58,82,-2.640383e+003
58,83,-2.640388e+003
58,84,-2.640464e+003
58,85,-2.640470e+003
58,86,-2.640473e+003
58,87,-2.640471e+003
58,88,-2.640474e+003
58,89,-2.640554e+003
58,90,-2.640558e+003
58,91,-2.640560e+003
58,92,-2.640556e+003
58,93,-2.640557e+003
58,94,-2.640558e+003
58,95,-2.640559e+003
58,96,-2.640560e+003
58,97,-2.640561e+003
58,98,-2.640562e+003
58,99,-2.640563e+003
58,100,-2.640564e+003
58,101,-2.640564e+003
58,102,-2.640566e+003
58,103,-2.640573e+003
58,104,-2.640573e+003
58,105,-2.640574e+003
58,106,-2.640575e+003
58,107,-2.640576e+003
58,108,-2.640653e+003
58,109,-2.640654e+003
58,110,-2.640655e+003
58,111,-2.640655e+003
58,112,-2.640656e+003
58,113,-2.640657e+003
58,114,-2.640658e+003
58,115,-2.640659e+003
58,116,-2.640659e+003
58,117,-2.640660e+003
58,118,-2.640660e+003
58,119,-2.640661e+003
58,120,-2.640661e+003
58,121,-2.640661e+003
58,122,-2.640661e+003
58,123,-2.640662e+003
58,124,-2.640662e+003
58,125,-2.640662e+003
59,0,-1.125091e+003
59,1,-1.125091e+003
59,2,-1.125091e+003
59,3,-1.125091e+003
59,4,-1.125091e+003
59,5,-1.125091e+003
59,6,-1.125091e+003
60,0,-5.253463e+002
60,1,-5.253463e+002
60,2,-5.253463e+002
60,3,-5.253463e+002
60,4,-5.253463e+002
60,5,-5.253463e+002
60,6,-5.253463e+002
61,0,2.340573e+002
61,1,2.340573e+002
61,2,2.340573e+002
61,3,2.340573e+002
61,4,2.340573e+002
61,5,2.340573e+002
61,6,2.340573e+002
62,0,1.150322e+003
62,1,1.150322e+003
62,2,1.150322e+003
62,3,1.150322e+003
62,4,1.150322e+003
62,5,1.150322e+003
62,6,1.150322e+003
63,0,2.182951e+003
63,1,2.182951e+003
63,2,2.182951e+003
63,3,2.182951e+003
63,4,2.182951e+003
63,5,2.182951e+003
63,6,2.182951e+003
64,0,3.248246e+003
64,1,3.248246e+003
64,2,3.248246e+003
64,3,3.248246e+003
64,4,3.248246e+003
64,5,3.248246e+003
64,6,3.248246e+003
65,0,4.223097e+003
65,1,4.223097e+003
65,2,4.223097e+003
65,3,4.223097e+003
65,4,4.223097e+003
65,5,4.223097e+003
65,6,4.223097e+003
66,0,4.967853e+003
66,1,4.967853e+003
66,2,4.967853e+003
66,3,4.967853e+003
66,4,4.967853e+003
66,5,4.967853e+003
66,6,4.967853e+003
67,0,5.354544e+003
67,1,5.354544e+003
67,2,5.354544e+003
67,3,5.354544e+003
67,4,5.354544e+003
67,5,5.354544e+003
67,6,5.354544e+003
68,0,5.311395e+003
68,1,5.311395e+003
68,2,5.311395e+003
68,3,5.311395e+003
68,4,5.311395e+003
68,5,5.311395e+003
68,6,5.311395e+003
69,0,4.840345e+003
69,1,4.840345e+003
69,2,4.840345e+003
69,3,4.840345e+003
69,4,4.840345e+003
69,5,4.840345e+003
69,6,4.840345e+003
70,0,4.021643e+003
70,1,4.021643e+003
70,2,4.021643e+003
70,3,4.021643e+003
70,4,4.021643e+003
70,5,4.021643e+003
70,6,4.021643e+003
71,0,2.984196e+003
71,1,2.984196e+003
71,2,2.984196e+003
71,3,2.984196e+003
71,4,2.984196e+003
71,5,2.984196e+003
71,6,2.984196e+003
72,0,1.871200e+003
72,1,1.871200e+003
72,2,1.871200e+003
72,3,1.871200e+003
72,4,1.871200e+003
72,5,1.871200e+003
72,6,1.871200e+003
73,0,8.033501e+002
73,1,-2.336977e+003
73,2,-2.621404e+003
73,3,-2.841352e+003
73,4,-2.911826e+003
73,5,-3.040930e+003
73,6,-3.071907e+003
73,7,-3.123490e+003
73,8,-3.177283e+003
73,9,-3.198132e+003
73,10,-3.233268e+003
73,11,-3.254372e+003
73,12,-3.300015e+003
73,13,-3.327978e+003
73,14,-3.346942e+003
73,15,-3.374996e+003
73,16,-3.389478e+003
73,17,-3.410114e+003
73,18,-3.419457e+003
73,19,-3.440141e+003
73,20,-3.452355e+003
73,21,-3.469636e+003
73,22,-3.484470e+003
73,23,-3.498820e+003
73,24,-3.514101e+003
73,25,-3.528900e+003
73,26,-3.547528e+003
73,27,-3.555273e+003
73,28,-3.565878e+003
73,29,-3.574088e+003
73,30,-3.582449e+003
73,31,-3.589311e+003
73,32,-3.594135e+003
73,33,-3.599797e+003
73,34,-3.604470e+003
73,35,-3.609384e+003
73,36,-3.612342e+003
73,37,-3.616996e+003
73,38,-3.619448e+003
73,39,-3.623217e+003
73,40,-3.625044e+003
73,41,-3.628622e+003
73,42,-3.630334e+003
73,43,-3.634448e+003
73,44,-3.636402e+003
73,45,-3.639318e+003
73,46,-3.640559e+003
73,47,-3.643519e+003
73,48,-3.644935e+003
73,49,-3.646326e+003
73,50,-3.647682e+003
73,51,-3.649140e+003
73,52,-3.650426e+003
73,53,-3.651459e+003
73,54,-3.652445e+003
73,55,-3.653566e+003
73,56,-3.654763e+003
73,57,-3.655517e+003
73,58,-3.656738e+003
73,59,-3.657522e+003
73,60,-3.658459e+003
73,61,-3.658673e+003
73,62,-3.659602e+003
73,63,-3.659950e+003
73,64,-3.660916e+003
73,65,-3.661288e+003
73,66,-3.662220e+003
73,67,-3.662592e+003
73,68,-3.663412e+003
73,69,-3.663922e+003
73,70,-3.664829e+003
73,71,-3.665500e+003
73,72,-3.666158e+003
73,73,-3.666720e+003
73,74,-3.667097e+003
73,75,-3.667623e+003
73,76,-3.668110e+003
73,77,-3.668556e+003
73,78,-3.668842e+003
73,79,-3.668949e+003
73,80,-3.669071e+003
73,81,-3.669382e+003
73,82,-3.669582e+003
73,83,-3.669820e+003
73,84,-3.669931e+003
73,85,-3.670086e+003
73,86,-3.670181e+003
73,87,-3.670398e+003
73,88,-3.670567e+003
73,89,-3.670666e+003
73,90,-3.670756e+003
73,91,-3.670975e+003
73,92,-3.671067e+003
73,93,-3.671124e+003
73,94,-3.671227e+003
73,95,-3.671688e+003
73,96,-3.671695e+003
73,97,-3.671811e+003
73,98,-3.672222e+003
73,99,-3.672227e+003
73,100,-3.672326e+003
73,101,-3.672413e+003
73,102,-3.672402e+003
73,103,-3.672555e+003
73,104,-3.672733e+003
73,105,-3.672588e+003
73,106,-3.672665e+003
73,107,-3.672694e+003
73,108,-3.672746e+003
73,109,-3.672789e+003
73,110,-3.672824e+003
73,111,-3.672774e+003
73,112,-3.672785e+003
73,113,-3.672802e+003
73,114,-3.672817e+003
73,115,-3.672900e+003
73,116,-3.672908e+003
73,117,-3.672915e+003
73,118,-3.672927e+003
73,119,-3.672940e+003
73,120,-3.672951e+003
73,121,-3.672957e+003
73,122,-3.672967e+003
73,123,-3.672978e+003
73,124,-3.672988e+003
73,125,-3.672946e+003
73,126,-3.672955e+003
73,127,-3.672966e+003
73,128,-3.673071e+003
73,129,-3.673083e+003
73,130,-3.673090e+003
73,131,-3.673109e+003
73,132,-3.673179e+003
73,133,-3.673476e+003
73,134,-3.673487e+003
73,135,-3.673513e+003
73,136,-3.673541e+003
73,137,-3.673570e+003
73,138,-3.673654e+003
73,139,-3.673687e+003
73,140,-3.673718e+003
73,141,-3.673822e+003
73,142,-3.673840e+003
73,143,-3.673724e+003
73,144,-3.673683e+003
73,145,-3.673437e+003
73,146,-3.673450e+003
73,147,-3.673475e+003
73,148,-3.673508e+003
73,149,-3.673467e+003
73,150,-3.673483e+003
73,151,-3.673513e+003
73,152,-3.673558e+003
73,153,-3.673602e+003
73,154,-3.673699e+003
73,155,-3.673821e+003
73,156,-3.673897e+003
73,157,-3.674038e+003
73,158,-3.674009e+003
73,159,-3.674119e+003
73,160,-3.674218e+003
73,161,-3.674306e+003
73,162,-3.674288e+003
73,163,-3.674390e+003
73,164,-3.674605e+003
73,165,-3.674690e+003
73,166,-3.674747e+003
73,167,-3.674836e+003
73,168,-3.674945e+003
73,169,-3.675092e+003
73,170,-3.675150e+003
73,171,-3.675233e+003
73,172,-3.675267e+003
73,173,-3.675668e+003
73,174,-3.675734e+003
73,175,-3.675788e+003
73,176,-3.675845e+003
73,177,-3.675867e+003
73,178,-3.676031e+003
73,179,-3.676128e+003
73,180,-3.676149e+003
73,181,-3.676157e+003
73,182,-3.676169e+003
73,183,-3.676183e+003
73,184,-3.676198e+003
73,185,-3.676205e+003
73,186,-3.676220e+003
73,187,-3.676095e+003
73,188,-3.676110e+003
73,189,-3.676117e+003
73,190,-3.675929e+003
73,191,-3.675802e+003
73,192,-3.675675e+003
73,193,-3.675682e+003
73,194,-3.675839e+003
73,195,-3.675782e+003
73,196,-3.675792e+003
73,197,-3.675798e+003
73,198,-3.675809e+003
73,199,-3.675752e+003
73,200,-3.675759e+003
73,201,-3.675762e+003
73,202,-3.675767e+003
73,203,-3.675772e+003
73,204,-3.675776e+003
73,205,-3.675780e+003
73,206,-3.675783e+003
73,207,-3.675786e+003
73,208,-3.675788e+003
73,209,-3.675790e+003
73,210,-3.675792e+003
73,211,-3.675794e+003
73,212,-3.675796e+003
73,213,-3.675798e+003
73,214,-3.675800e+003
73,215,-3.675801e+003
73,216,-3.675802e+003
73,217,-3.675803e+003
73,218,-3.675804e+003
73,219,-3.675806e+003
73,220,-3.675807e+003
73,221,-3.675809e+003
73,222,-3.675811e+003
73,223,-3.675812e+003
73,224,-3.675814e+003
73,225,-3.675817e+003
73,226,-3.675819e+003
73,227,-3.675821e+003
73,228,-3.675824e+003
73,229,-3.675825e+003
73,230,-3.675827e+003
73,231,-3.675829e+003
73,232,-3.675830e+003
73,233,-3.675897e+003
73,234,-3.675898e+003
73,235,-3.675900e+003
73,236,-3.675901e+003
73,237,-3.675902e+003
73,238,-3.675904e+003
73,239,-3.675905e+003
73,240,-3.675906e+003
73,241,-3.675861e+003
73,242,-3.675862e+003
73,243,-3.675862e+003
73,244,-3.675864e+003
73,245,-3.675865e+003
73,246,-3.675867e+003
73,247,-3.675862e+003
73,248,-3.675863e+003
73,249,-3.675865e+003
73,250,-3.675868e+003
73,251,-3.675941e+003
73,252,-3.675944e+003
73,253,-3.675946e+003
73,254,-3.675950e+003
73,255,-3.675954e+003
73,256,-3.675959e+003
73,257,-3.675822e+003
73,258,-3.675825e+003
73,259,-3.675832e+003
73,260,-3.675839e+003
73,261,-3.675853e+003
73,262,-3.675787e+003
73,263,-3.675794e+003
73,264,-3.675802e+003
73,265,-3.675733e+003
73,266,-3.675737e+003
73,267,-3.675812e+003
73,268,-3.675817e+003
73,269,-3.675894e+003
73,270,-3.675899e+003
73,271,-3.675902e+003
73,272,-3.675830e+003
73,273,-3.675835e+003
73,274,-3.675769e+003
73,275,-3.675771e+003
73,276,-3.675775e+003
73,277,-3.675637e+003
73,278,-3.675711e+003
73,279,-3.675712e+003
73,280,-3.675644e+003
73,281,-3.675647e+003
73,282,-3.675649e+003
73,283,-3.675650e+003
73,284,-3.675653e+003
73,285,-3.675655e+003
73,286,-3.675656e+003
73,287,-3.675658e+003
73,288,-3.675661e+003
73,289,-3.675662e+003
73,290,-3.675663e+003
73,291,-3.675664e+003
73,292,-3.675665e+003
73,293,-3.675666e+003
73,294,-3.675667e+003
73,295,-3.675668e+003
73,296,-3.675670e+003
73,297,-3.675671e+003
73,298,-3.675672e+003
73,299,-3.675674e+003
73,300,-3.675674e+003
73,301,-3.675675e+003
73,302,-3.675675e+003
73,303,-3.675676e+003
73,304,-3.675676e+003
73,305,-3.675676e+003
73,306,-3.675677e+003
73,307,-3.675677e+003
73,308,-3.675677e+003
73,309,-3.675678e+003
73,310,-3.675678e+003
73,311,-3.675678e+003
73,312,-3.675679e+003
73,313,-3.675679e+003
73,314,-3.675679e+003
73,315,-3.675680e+003
73,316,-3.675680e+003
73,317,-3.675681e+003
73,318,-3.675681e+003
73,319,-3.675681e+003
73,320,-3.675682e+003
73,321,-3.675683e+003
73,322,-3.675684e+003
73,323,-3.675685e+003
73,324,-3.675686e+003
73,325,-3.675758e+003
73,326,-3.675759e+003
73,327,-3.675761e+003
73,328,-3.675763e+003
73,329,-3.675764e+003
73,330,-3.675765e+003
73,331,-3.675697e+003
73,332,-3.675700e+003
73,333,-3.675707e+003
73,334,-3.675709e+003
73,335,-3.675712e+003
73,336,-3.675644e+003
73,337,-3.675645e+003
73,338,-3.675577e+003
73,339,-3.675579e+003
73,340,-3.675582e+003
73,341,-3.675513e+003
73,342,-3.675515e+003
73,343,-3.675448e+003
73,344,-3.675450e+003
73,345,-3.675451e+003
73,346,-3.675455e+003
73,347,-3.675464e+003
73,348,-3.675398e+003
73,349,-3.675331e+003
73,350,-3.675334e+003
73,351,-3.675122e+003
73,352,-3.675130e+003
73,353,-3.675067e+003
73,354,-3.674931e+003
73,355,-3.674729e+003
73,356,-3.674603e+003
73,357,-3.674407e+003
73,358,-3.674416e+003
73,359,-3.674291e+003
73,360,-3.674169e+003
73,361,-3.674123e+003
73,362,-3.674288e+003
73,363,-3.674315e+003
73,364,-3.674554e+003
73,365,-3.674712e+003
73,366,-3.674766e+003
73,367,-3.674930e+003
73,368,-3.675193e+003
73,369,-3.675476e+003
73,370,-3.675714e+003
73,371,-3.675952e+003
73,372,-3.676108e+003
73,373,-3.676121e+003
73,374,-3.676188e+003
73,375,-3.676275e+003
73,376,-3.676292e+003
73,377,-3.676234e+003
73,378,-3.676237e+003
73,379,-3.676259e+003
73,380,-3.676266e+003
73,381,-3.676419e+003
73,382,-3.676422e+003
73,383,-3.676358e+003
73,384,-3.676298e+003
73,385,-3.676302e+003
73,386,-3.676305e+003
73,387,-3.676310e+003
73,388,-3.676591e+003
73,389,-3.676604e+003
73,390,-3.676539e+003
73,391,-3.676546e+003
73,392,-3.676549e+003
73,393,-3.676555e+003
73,394,-3.676557e+003
73,395,-3.676633e+003
73,396,-3.676706e+003
73,397,-3.676710e+003
73,398,-3.676713e+003
73,399,-3.676722e+003
73,400,-3.676725e+003
73,401,-3.676726e+003
73,402,-3.676731e+003
73,403,-3.676745e+003
73,404,-3.676685e+003
73,405,-3.676687e+003
73,406,-3.676772e+003
73,407,-3.676788e+003
73,408,-3.676874e+003
73,409,-3.676885e+003
73,410,-3.676896e+003
73,411,-3.676833e+003
73,412,-3.676913e+003
73,413,-3.676922e+003
73,414,-3.676930e+003
73,415,-3.676936e+003
73,416,-3.676944e+003
73,417,-3.676953e+003
73,418,-3.676963e+003
73,419,-3.676971e+003
73,420,-3.677048e+003
73,421,-3.677053e+003
73,422,-3.677062e+003
73,423,-3.677000e+003
73,424,-3.677081e+003
73,425,-3.677160e+003
73,426,-3.677164e+003
73,427,-3.677166e+003
73,428,-3.677175e+003
73,429,-3.677114e+003
73,430,-3.677124e+003
73,431,-3.677208e+003
73,432,-3.677289e+003
73,433,-3.677303e+003
73,434,-3.677318e+003
73,435,-3.677336e+003
73,436,-3.677358e+003
73,437,-3.677303e+003
73,438,-3.677408e+003
73,439,-3.677440e+003
73,440,-3.677543e+003
73,441,-3.677575e+003
73,442,-3.677528e+003
73,443,-3.677628e+003
73,444,-3.677674e+003
73,445,-3.677729e+003
73,446,-3.677788e+003
73,447,-3.677783e+003
73,448,-3.677898e+003
73,449,-3.678016e+003
73,450,-3.678163e+003
73,451,-3.678303e+003
73,452,-3.678361e+003
73,453,-3.678336e+003
73,454,-3.678360e+003
73,455,-3.678403e+003
73,456,-3.678441e+003
73,457,-3.678463e+003
73,458,-3.678485e+003
73,459,-3.678496e+003
73,460,-3.678583e+003
73,461,-3.678594e+003
73,462,-3.678605e+003
73,463,-3.678623e+003
73,464,-3.678634e+003
73,465,-3.678639e+003
73,466,-3.678648e+003
73,467,-3.678656e+003
73,468,-3.678662e+003
73,469,-3.678667e+003
73,470,-3.678669e+003
73,471,-3.678672e+003
73,472,-3.678676e+003
73,473,-3.678681e+003
73,474,-3.678685e+003
73,475,-3.678689e+003
73,476,-3.678691e+003
73,477,-3.678692e+003
73,478,-3.678696e+003
73,479,-3.678701e+003
73,480,-3.678634e+003
73,481,-3.678636e+003
73,482,-3.678638e+003
73,483,-3.678572e+003
73,484,-3.678506e+003
73,485,-3.678511e+003
73,486,-3.678442e+003
73,487,-3.678375e+003
73,488,-3.678380e+003
73,489,-3.678382e+003
73,490,-3.678384e+003
73,491,-3.678391e+003
73,492,-3.678395e+003
73,493,-3.678403e+003
73,494,-3.678475e+003
73,495,-3.678477e+003
73,496,-3.678550e+003
73,497,-3.678552e+003
73,498,-3.678552e+003
73,499,-3.678554e+003
73,500,-3.678556e+003
74,0,-3.682395e+003
74,1,-3.682421e+003
74,2,-3.682453e+003
74,3,-3.682428e+003
74,4,-3.682483e+003
74,5,-3.682441e+003
74,6,-3.682455e+003
74,7,-3.682544e+003
74,8,-3.682630e+003
74,9,-3.682638e+003
74,10,-3.682644e+003
74,11,-3.682648e+003
74,12,-3.682583e+003
74,13,-3.682589e+003
74,14,-3.682595e+003
74,15,-3.682599e+003
74,16,-3.682601e+003
74,17,-3.682604e+003
74,18,-3.682678e+003
74,19,-3.682610e+003
74,20,-3.682613e+003
74,21,-3.682614e+003
74,22,-3.682545e+003
74,23,-3.682547e+003
74,24,-3.682478e+003
74,25,-3.682480e+003
74,26,-3.682481e+003
74,27,-3.682483e+003
74,28,-3.682485e+003
74,29,-3.682486e+003
74,30,-3.682417e+003
74,31,-3.682420e+003
74,32,-3.682423e+003
74,33,-3.682427e+003
74,34,-3.682500e+003
74,35,-3.682503e+003
74,36,-3.682507e+003
74,37,-3.682514e+003
74,38,-3.682446e+003
74,39,-3.682450e+003
74,40,-3.682524e+003
74,41,-3.682525e+003
74,42,-3.682526e+003
74,43,-3.682527e+003
74,44,-3.682529e+003
74,45,-3.682531e+003
74,46,-3.682532e+003
74,47,-3.682604e+003
74,48,-3.682605e+003
74,49,-3.682606e+003
74,50,-3.682607e+003
74,51,-3.682608e+003
74,52,-3.682609e+003
74,53,-3.682617e+003
74,54,-3.682617e+003
74,55,-3.682544e+003
74,56,-3.682617e+003
74,57,-3.682618e+003
74,58,-3.682619e+003
74,59,-3.682622e+003
74,60,-3.682624e+003
74,61,-3.682627e+003
74,62,-3.682630e+003
74,63,-3.682564e+003
74,64,-3.682568e+003
74,65,-3.682570e+003
74,66,-3.682573e+003
74,67,-3.682583e+003
74,68,-3.682580e+003
74,69,-3.682581e+003
74,70,-3.682577e+003
74,71,-3.682510e+003
74,72,-3.682512e+003
74,73,-3.682513e+003
74,74,-3.682445e+003
74,75,-3.682447e+003
74,76,-3.682448e+003
74,77,-3.682450e+003
74,78,-3.682452e+003
74,79,-3.682453e+003
74,80,-3.682453e+003
74,81,-3.682454e+003
74,82,-3.682384e+003
74,83,-3.682385e+003
74,84,-3.682385e+003
74,85,-3.682385e+003
74,86,-3.682386e+003
74,87,-3.682386e+003
74,88,-3.682386e+003
74,89,-3.682387e+003
74,90,-3.682387e+003
74,91,-3.682387e+003
74,92,-3.682387e+003
74,93,-3.682387e+003
75,0,-3.684538e+003
75,1,-3.684538e+003
75,2,-3.684538e+003
75,3,-3.684538e+003
75,4,-3.684539e+003
75,5,-3.684468e+003
75,6,-3.684475e+003
75,7,-3.684494e+003
75,8,-3.684518e+003
75,9,-3.684539e+003
75,10,-3.684561e+003
75,11,-3.684578e+003
75,12,-3.684678e+003
75,13,-3.684685e+003
75,14,-3.684967e+003
75,15,-3.684972e+003
75,16,-3.684974e+003
75,17,-3.684976e+003
75,18,-3.684979e+003
75,19,-3.684981e+003
75,20,-3.684983e+003
75,21,-3.684984e+003
75,22,-3.684985e+003
75,23,-3.684987e+003
75,24,-3.684987e+003
75,25,-3.684988e+003
75,26,-3.684988e+003
75,27,-3.684989e+003
75,28,-3.684989e+003
75,29,-3.684990e+003
75,30,-3.684990e+003
75,31,-3.684990e+003
75,32,-3.684990e+003
75,33,-3.684990e+003
76,0,-3.688208e+003
76,1,-3.688208e+003
76,2,-3.688208e+003
76,3,-3.688116e+003
76,4,-3.688116e+003
76,5,-3.688117e+003
76,6,-3.688117e+003
76,7,-3.688117e+003
76,8,-3.688117e+003
76,9,-3.688118e+003
76,10,-3.688118e+003
76,11,-3.688118e+003
76,12,-3.688118e+003
76,13,-3.688118e+003
76,14,-3.688119e+003
76,15,-3.688119e+003
76,16,-3.688119e+003
76,17,-3.688120e+003
76,18,-3.688120e+003
76,19,-3.688120e+003
76,20,-3.688120e+003
76,21,-3.688121e+003
76,22,-3.688121e+003
76,23,-3.688121e+003
76,24,-3.688121e+003
76,25,-3.688122e+003
76,26,-3.688122e+003
76,27,-3.688122e+003
76,28,-3.688123e+003
76,29,-3.688123e+003
76,30,-3.688123e+003
76,31,-3.688124e+003
76,32,-3.688124e+003
76,33,-3.688216e+003
76,34,-3.688217e+003
76,35,-3.688217e+003
76,36,-3.688217e+003
76,37,-3.688218e+003
76,38,-3.688293e+003
76,39,-3.688293e+003
76,40,-3.688293e+003
76,41,-3.688294e+003
76,42,-3.688294e+003
76,43,-3.688294e+003
76,44,-3.688294e+003
76,45,-3.688295e+003
76,46,-3.688295e+003
76,47,-3.688295e+003
76,48,-3.688296e+003
76,49,-3.688296e+003
76,50,-3.688296e+003
76,51,-3.688297e+003
76,52,-3.688297e+003
76,53,-3.688297e+003
76,54,-3.688291e+003
76,55,-3.688291e+003
76,56,-3.688291e+003
76,57,-3.688292e+003
76,58,-3.688292e+003
76,59,-3.688292e+003
76,60,-3.688293e+003
76,61,-3.688293e+003
76,62,-3.688293e+003
76,63,-3.688294e+003
76,64,-3.688294e+003
76,65,-3.688294e+003
76,66,-3.688294e+003
76,67,-3.688294e+003
76,68,-3.688294e+003
76,69,-3.688295e+003
76,70,-3.688295e+003
76,71,-3.688295e+003
76,72,-3.688299e+003
76,73,-3.688311e+003
76,74,-3.688321e+003
76,75,-3.688329e+003
76,76,-3.688337e+003
76,77,-3.688341e+003
76,78,-3.688343e+003
76,79,-3.688346e+003
76,80,-3.688349e+003
76,81,-3.688350e+003
76,82,-3.688352e+003
76,83,-3.688353e+003
76,84,-3.688354e+003
76,85,-3.688355e+003
76,86,-3.688356e+003
76,87,-3.688357e+003
76,88,-3.688358e+003
76,89,-3.688358e+003
76,90,-3.688358e+003
76,91,-3.688359e+003
76,92,-3.688359e+003
77,0,-3.690559e+003
77,1,-3.690559e+003
77,2,-3.690559e+003
77,3,-3.690559e+003
77,4,-3.690559e+003
77,5,-3.690560e+003
77,6,-3.690560e+003
77,7,-3.690560e+003
77,8,-3.690560e+003
77,9,-3.690561e+003
77,10,-3.690561e+003
77,11,-3.690561e+003
77,12,-3.690562e+003
77,13,-3.690562e+003
77,14,-3.690563e+003
77,15,-3.690563e+003
77,16,-3.690563e+003
77,17,-3.690564e+003
77,18,-3.690564e+003
77,19,-3.690569e+003
77,20,-3.690569e+003
77,21,-3.690569e+003
77,22,-3.690570e+003
77,23,-3.690570e+003
77,24,-3.690570e+003
77,25,-3.690570e+003
77,26,-3.690570e+003
77,27,-3.690571e+003
77,28,-3.690571e+003
77,29,-3.690571e+003
77,30,-3.690572e+003
77,31,-3.690572e+003
77,32,-3.690572e+003
77,33,-3.690572e+003
77,34,-3.690573e+003
77,35,-3.690573e+003
77,36,-3.690573e+003
77,37,-3.690574e+003
77,38,-3.690574e+003
77,39,-3.690574e+003
77,40,-3.690574e+003
77,41,-3.690575e+003
77,42,-3.690575e+003
77,43,-3.690572e+003
77,44,-3.690572e+003
77,45,-3.690572e+003
77,46,-3.690573e+003
77,47,-3.690573e+003
77,48,-3.690573e+003
77,49,-3.690574e+003
77,50,-3.690574e+003
77,51,-3.690574e+003
77,52,-3.690574e+003
77,53,-3.690575e+003
77,54,-3.690575e+003
77,55,-3.690575e+003
77,56,-3.690575e+003
77,57,-3.690576e+003
77,58,-3.690576e+003
77,59,-3.690576e+003
77,60,-3.690576e+003
77,61,-3.690647e+003
77,62,-3.690647e+003
77,63,-3.690648e+003
77,64,-3.690648e+003
77,65,-3.690648e+003
77,66,-3.690648e+003
77,67,-3.690648e+003
77,68,-3.690648e+003
77,69,-3.690649e+003
77,70,-3.690649e+003
77,71,-3.690649e+003
77,72,-3.690649e+003
77,73,-3.690649e+003
77,74,-3.690650e+003
77,75,-3.690650e+003
77,76,-3.690650e+003
77,77,-3.690650e+003
77,78,-3.690651e+003
77,79,-3.690652e+003
77,80,-3.690654e+003
77,81,-3.690655e+003
77,82,-3.690656e+003
77,83,-3.690658e+003
77,84,-3.690660e+003
77,85,-3.690661e+003
77,86,-3.690662e+003
77,87,-3.690666e+003
77,88,-3.690667e+003
77,89,-3.690668e+003
77,90,-3.690668e+003
77,91,-3.690668e+003
77,92,-3.690669e+003
77,93,-3.690669e+003
77,94,-3.690598e+003
77,95,-3.690595e+003
77,96,-3.690595e+003
77,97,-3.690595e+003
77,98,-3.690595e+003
78,0,-3.691178e+003
78,1,-3.691178e+003
78,2,-3.691179e+003
78,3,-3.691179e+003
78,4,-3.691179e+003
78,5,-3.691179e+003
78,6,-3.691180e+003
78,7,-3.691180e+003
78,8,-3.691180e+003
78,9,-3.691181e+003
78,10,-3.691181e+003
78,11,-3.691182e+003
78,12,-3.691111e+003
78,13,-3.691112e+003
78,14,-3.691112e+003
78,15,-3.691112e+003
78,16,-3.691113e+003
78,17,-3.691113e+003
78,18,-3.691113e+003
78,19,-3.691114e+003
78,20,-3.691114e+003
78,21,-3.691114e+003
78,22,-3.691114e+003
78,23,-3.691115e+003
78,24,-3.691115e+003
78,25,-3.691115e+003
78,26,-3.691115e+003
78,27,-3.691116e+003
78,28,-3.691186e+003
78,29,-3.691187e+003
78,30,-3.691187e+003
78,31,-3.691187e+003
78,32,-3.691187e+003
78,33,-3.691188e+003
78,34,-3.691182e+003
78,35,-3.691182e+003
78,36,-3.691182e+003
78,37,-3.691182e+003
78,38,-3.691182e+003
78,39,-3.691182e+003
78,40,-3.691183e+003
78,41,-3.691183e+003
78,42,-3.691183e+003
78,43,-3.691254e+003
78,44,-3.691254e+003
78,45,-3.691254e+003
78,46,-3.691254e+003
78,47,-3.691254e+003
78,48,-3.691255e+003
78,49,-3.691255e+003
78,50,-3.691255e+003
78,51,-3.691255e+003
78,52,-3.691255e+003
79,0,-3.691450e+003
79,1,-3.691450e+003
79,2,-3.691450e+003
79,3,-3.691450e+003
79,4,-3.691451e+003
79,5,-3.691451e+003
79,6,-3.691451e+003
79,7,-3.691451e+003
79,8,-3.691451e+003
79,9,-3.691451e+003
79,10,-3.691452e+003
79,11,-3.691452e+003
79,12,-3.691452e+003
79,13,-3.691456e+003
79,14,-3.691456e+003
79,15,-3.691456e+003
79,16,-3.691456e+003
79,17,-3.691456e+003
79,18,-3.691457e+003
79,19,-3.691457e+003
79,20,-3.691463e+003
79,21,-3.691463e+003
79,22,-3.691463e+003
79,23,-3.691464e+003
79,24,-3.691464e+003
79,25,-3.691464e+003
79,26,-3.691464e+003
79,27,-3.691465e+003
79,28,-3.691467e+003
79,29,-3.691468e+003
79,30,-3.691469e+003
79,31,-3.691471e+003
79,32,-3.691472e+003
79,33,-3.691473e+003
79,34,-3.691473e+003
79,35,-3.691473e+003
79,36,-3.691474e+003
79,37,-3.691474e+003
79,38,-3.691474e+003
79,39,-3.691474e+003
79,40,-3.691475e+003
80,0,-3.691397e+003
80,1,-3.691397e+003
80,2,-3.691398e+003
80,3,-3.691398e+003
80,4,-3.691398e+003
80,5,-3.691398e+003
80,6,-3.691398e+003
81,0,-3.692252e+003
81,1,-3.692252e+003
81,2,-3.692252e+003
81,3,-3.692252e+003
81,4,-3.692252e+003
81,5,-3.692252e+003
81,6,-3.692253e+003
82,0,-3.693074e+003
82,1,-3.693074e+003
82,2,-3.693074e+003
82,3,-3.693074e+003
82,4,-3.693074e+003
82,5,-3.693074e+003
82,6,-3.693075e+003
83,0,-3.693345e+003
83,1,-3.693345e+003
83,2,-3.693345e+003
83,3,-3.693346e+003
83,4,-3.693346e+003
83,5,-3.693346e+003
83,6,-3.693346e+003
84,0,-3.692722e+003
84,1,-3.692722e+003
84,2,-3.692722e+003
84,3,-3.692722e+003
84,4,-3.692722e+003
84,5,-3.692722e+003
84,6,-3.692722e+003
85,0,-3.691774e+003
85,1,-3.691774e+003
85,2,-3.691775e+003
85,3,-3.691775e+003
85,4,-3.691775e+003
85,5,-3.691775e+003
85,6,-3.691704e+003
86,0,-3.691275e+003
86,1,-3.691275e+003
86,2,-3.691275e+003
86,3,-3.691275e+003
86,4,-3.691276e+003
86,5,-3.691276e+003
86,6,-3.691276e+003
87,0,-3.690189e+003
87,1,-3.690190e+003
87,2,-3.690190e+003
87,3,-3.690190e+003
87,4,-3.690190e+003
87,5,-3.690190e+003
87,6,-3.690190e+003
88,0,-3.689180e+003
88,1,-3.689180e+003
88,2,-3.689181e+003
88,3,-3.689181e+003
88,4,-3.689181e+003
88,5,-3.689181e+003
88,6,-3.689181e+003
89,0,-3.688089e+003
89,1,-3.688089e+003
89,2,-3.688089e+003
89,3,-3.688018e+003
89,4,-3.688018e+003
89,5,-3.688019e+003
89,6,-3.688019e+003
89,7,-3.688019e+003
90,0,-3.687595e+003
90,1,-3.687595e+003
90,2,-3.687596e+003
90,3,-3.687596e+003
90,4,-3.687596e+003
90,5,-3.687596e+003
90,6,-3.687596e+003
90,7,-3.687596e+003
90,8,-3.687596e+003
91,0,-3.686449e+003
91,1,-3.686449e+003
91,2,-3.686449e+003
91,3,-3.686449e+003
91,4,-3.686449e+003
91,5,-3.686449e+003
91,6,-3.686450e+003
91,7,-3.686451e+003
91,8,-3.686452e+003
91,9,-3.686453e+003
91,10,-3.686455e+003
91,11,-3.686456e+003
91,12,-3.686456e+003
91,13,-3.686457e+003
91,14,-3.686457e+003
91,15,-3.686457e+003
91,16,-3.686457e+003
91,17,-3.686458e+003
91,18,-3.686458e+003
91,19,-3.686458e+003
91,20,-3.686458e+003
92,0,-3.685590e+003
92,1,-3.685590e+003
92,2,-3.685590e+003
92,3,-3.685591e+003
92,4,-3.685591e+003
92,5,-3.685591e+003
92,6,-3.685591e+003
92,7,-3.685591e+003
93,0,-3.686180e+003
93,1,-3.686180e+003
93,2,-3.686181e+003
93,3,-3.686181e+003
93,4,-3.686181e+003
93,5,-3.686181e+003
93,6,-3.686181e+003
94,0,-3.686030e+003
94,1,-3.686030e+003
94,2,-3.686031e+003
94,3,-3.686031e+003
94,4,-3.686031e+003
94,5,-3.686031e+003
94,6,-3.686031e+003
94,7,-3.686031e+003
94,8,-3.686031e+003
94,9,-3.685961e+003
94,10,-3.685961e+003
94,11,-3.685961e+003
95,0,-3.685576e+003
95,1,-3.685577e+003
95,2,-3.685577e+003
95,3,-3.685577e+003
95,4,-3.685577e+003
95,5,-3.685577e+003
95,6,-3.685648e+003
95,7,-3.685648e+003
95,8,-3.685648e+003
95,9,-3.685648e+003
95,10,-3.685648e+003
95,11,-3.685648e+003
96,0,-3.685779e+003
96,1,-3.685779e+003
96,2,-3.685779e+003
96,3,-3.685779e+003
96,4,-3.685779e+003
96,5,-3.685779e+003
96,6,-3.685779e+003
97,0,-3.686126e+003
97,1,-3.686126e+003
97,2,-3.686126e+003
97,3,-3.686126e+003
97,4,-3.686197e+003
97,5,-3.686197e+003
97,6,-3.686197e+003
97,7,-3.686198e+003
97,8,-3.686198e+003
97,9,-3.686198e+003
98,0,-3.687650e+003
98,1,-3.687650e+003
98,2,-3.687650e+003
98,3,-3.687650e+003
98,4,-3.687650e+003
98,5,-3.687650e+003
98,6,-3.687651e+003
98,7,-3.687651e+003
98,8,-3.687651e+003
98,9,-3.687651e+003
99,0,-3.688841e+003
99,1,-3.688842e+003
99,2,-3.688842e+003
99,3,-3.688842e+003
99,4,-3.688842e+003
99,5,-3.688842e+003
99,6,-3.688842e+003
99,7,-3.688842e+003
99,8,-3.688842e+003
99,9,-3.688843e+003
99,10,-3.688843e+003
100,0,-3.688978e+003
100,1,-3.688978e+003
100,2,-3.688978e+003
100,3,-3.688978e+003
100,4,-3.688979e+003
100,5,-3.688979e+003
100,6,-3.688979e+003
100,7,-3.688979e+003
100,8,-3.688983e+003
100,9,-3.688984e+003
100,10,-3.688985e+003
100,11,-3.688986e+003
100,12,-3.688986e+003
100,13,-3.688987e+003
100,14,-3.688987e+003
100,15,-3.688988e+003
100,16,-3.688988e+003
100,17,-3.688988e+003
100,18,-3.688988e+003
100,19,-3.688989e+003
100,20,-3.688989e+003
100,21,-3.688989e+003
100,22,-3.688989e+003
100,23,-3.688989e+003
