0,0,-3.343337e+003
0,1,-3.347087e+003
0,2,-3.351028e+003
0,3,-3.353282e+003
0,4,-3.355759e+003
0,5,-3.357849e+003
0,6,-3.359213e+003
0,7,-3.360858e+003
0,8,-3.361850e+003
0,9,-3.362750e+003
0,10,-3.363310e+003
0,11,-3.364023e+003
0,12,-3.364448e+003
0,13,-3.364869e+003
0,14,-3.365121e+003
0,15,-3.365411e+003
0,16,-3.365602e+003
0,17,-3.365811e+003
0,18,-3.365985e+003
0,19,-3.366151e+003
0,20,-3.366232e+003
0,21,-3.366207e+003
0,22,-3.366414e+003
0,23,-3.366683e+003
0,24,-3.366766e+003
0,25,-3.366908e+003
0,26,-3.366976e+003
0,27,-3.367028e+003
0,28,-3.367173e+003
0,29,-3.367189e+003
0,30,-3.367267e+003
0,31,-3.367424e+003
0,32,-3.367747e+003
0,33,-3.367931e+003
0,34,-3.367884e+003
0,35,-3.367965e+003
0,36,-3.368180e+003
0,37,-3.368273e+003
0,38,-3.368692e+003
0,39,-3.368893e+003
0,40,-3.369163e+003
0,41,-3.369553e+003
0,42,-3.369798e+003
0,43,-3.370096e+003
0,44,-3.370369e+003
0,45,-3.370683e+003
0,46,-3.370973e+003
0,47,-3.371312e+003
0,48,-3.371555e+003
0,49,-3.371857e+003
0,50,-3.372018e+003
0,51,-3.372575e+003
0,52,-3.372876e+003
0,53,-3.373165e+003
0,54,-3.374182e+003
0,55,-3.375019e+003
0,56,-3.375457e+003
0,57,-3.375951e+003
0,58,-3.376117e+003
0,59,-3.376248e+003
0,60,-3.376423e+003
0,61,-3.376523e+003
0,62,-3.376584e+003
0,63,-3.376626e+003
0,64,-3.376674e+003
0,65,-3.376718e+003
0,66,-3.376759e+003
0,67,-3.376789e+003
0,68,-3.376815e+003
0,69,-3.376811e+003
0,70,-3.376833e+003
0,71,-3.376925e+003
0,72,-3.376937e+003
0,73,-3.376947e+003
0,74,-3.377030e+003
0,75,-3.377037e+003
0,76,-3.377043e+003
0,77,-3.377047e+003
0,78,-3.377052e+003
0,79,-3.377057e+003
0,80,-3.377062e+003
0,81,-3.377067e+003
0,82,-3.377071e+003
0,83,-3.377075e+003
0,84,-3.377078e+003
0,85,-3.377081e+003
0,86,-3.377084e+003
0,87,-3.377088e+003
0,88,-3.377093e+003
0,89,-3.377097e+003
0,90,-3.377026e+003
0,91,-3.377107e+003
0,92,-3.377111e+003
0,93,-3.377040e+003
0,94,-3.377043e+003
0,95,-3.377046e+003
0,96,-3.377048e+003
0,97,-3.377050e+003
0,98,-3.377051e+003
0,99,-3.377052e+003
0,100,-3.377053e+003
0,101,-3.377053e+003
0,102,-3.377054e+003
0,103,-3.377055e+003
0,104,-3.377056e+003
0,105,-3.377057e+003
0,106,-3.377058e+003
0,107,-3.377059e+003
0,108,-3.377136e+003
0,109,-3.377137e+003
0,110,-3.377138e+003
0,111,-3.377140e+003
0,112,-3.377141e+003
0,113,-3.377143e+003
0,114,-3.377144e+003
0,115,-3.377146e+003
0,116,-3.377147e+003
0,117,-3.377149e+003
0,118,-3.377151e+003
0,119,-3.377153e+003
0,120,-3.377154e+003
0,121,-3.377156e+003
0,122,-3.377157e+003
0,123,-3.377158e+003
0,124,-3.377034e+003
0,125,-3.377035e+003
0,126,-3.377036e+003
0,127,-3.377037e+003
0,128,-3.377039e+003
0,129,-3.377040e+003
0,130,-3.377041e+003
0,131,-3.377042e+003
0,132,-3.377043e+003
0,133,-3.377045e+003
0,134,-3.377046e+003
0,135,-3.377047e+003
0,136,-3.377048e+003
0,137,-3.377050e+003
0,138,-3.377051e+003
0,139,-3.377052e+003
0,140,-3.377054e+003
0,141,-3.377055e+003
0,142,-3.377055e+003
0,143,-3.377056e+003
0,144,-3.377056e+003
0,145,-3.377057e+003
0,146,-3.377057e+003
0,147,-3.377057e+003
0,148,-3.377057e+003
0,149,-3.377058e+003
0,150,-3.377058e+003
0,151,-3.377058e+003
0,152,-3.377058e+003
0,153,-3.377058e+003
0,154,-3.377058e+003
0,155,-3.377058e+003
0,156,-3.377058e+003
0,157,-3.377058e+003
0,158,-3.377058e+003
0,159,-3.377058e+003
0,160,-3.377059e+003
0,161,-3.377059e+003
0,162,-3.377059e+003
0,163,-3.377059e+003
0,164,-3.377059e+003
0,165,-3.377059e+003
0,166,-3.377059e+003
0,167,-3.377059e+003
0,168,-3.377059e+003
0,169,-3.377059e+003
0,170,-3.377059e+003
0,171,-3.377059e+003
0,172,-3.377059e+003
0,173,-3.377059e+003
0,174,-3.377059e+003
0,175,-3.377059e+003
0,176,-3.377059e+003
0,177,-3.377059e+003
0,178,-3.377059e+003
0,179,-3.377059e+003
0,180,-3.377059e+003
0,181,-3.377059e+003
0,182,-3.377059e+003
0,183,-3.377059e+003
0,184,-3.377059e+003
0,185,-3.377059e+003
0,186,-3.377059e+003
1,0,-3.377023e+003
1,1,-3.377023e+003
1,2,-3.377023e+003
1,3,-3.377023e+003
1,4,-3.377023e+003
1,5,-3.377023e+003
1,6,-3.377023e+003
1,7,-3.377023e+003
1,8,-3.377023e+003
1,9,-3.377023e+003
1,10,-3.377023e+003
1,11,-3.377023e+003
1,12,-3.377023e+003
1,13,-3.377023e+003
1,14,-3.377023e+003
1,15,-3.377023e+003
1,16,-3.377023e+003
1,17,-3.377023e+003
1,18,-3.377023e+003
1,19,-3.377023e+003
1,20,-3.377023e+003
1,21,-3.377023e+003
2,0,-3.375129e+003
2,1,-3.375129e+003
2,2,-3.375129e+003
2,3,-3.375129e+003
2,4,-3.375129e+003
2,5,-3.375129e+003
2,6,-3.375129e+003
2,7,-3.375129e+003
2,8,-3.375129e+003
2,9,-3.375129e+003
2,10,-3.375129e+003
2,11,-3.375129e+003
2,12,-3.375129e+003
2,13,-3.375129e+003
2,14,-3.375129e+003
2,15,-3.375129e+003
2,16,-3.375129e+003
2,17,-3.375129e+003
2,18,-3.375129e+003
2,19,-3.375129e+003
2,20,-3.375129e+003
2,21,-3.375129e+003
2,22,-3.375129e+003
2,23,-3.375129e+003
2,24,-3.375129e+003
2,25,-3.375129e+003
2,26,-3.375129e+003
2,27,-3.375129e+003
3,0,-3.375162e+003
3,1,-3.375162e+003
3,2,-3.375162e+003
3,3,-3.375162e+003
3,4,-3.375162e+003
3,5,-3.375162e+003
3,6,-3.375162e+003
3,7,-3.375162e+003
3,8,-3.375162e+003
3,9,-3.375162e+003
3,10,-3.375162e+003
3,11,-3.375162e+003
3,12,-3.375162e+003
3,13,-3.375162e+003
3,14,-3.375162e+003
3,15,-3.375162e+003
3,16,-3.375162e+003
3,17,-3.375162e+003
3,18,-3.375162e+003
3,19,-3.375162e+003
3,20,-3.375162e+003
3,21,-3.375162e+003
4,0,-3.375145e+003
4,1,-3.375145e+003
4,2,-3.375145e+003
4,3,-3.375145e+003
4,4,-3.375145e+003
4,5,-3.375145e+003
4,6,-3.375145e+003
4,7,-3.375145e+003
4,8,-3.375145e+003
4,9,-3.375145e+003
4,10,-3.375145e+003
4,11,-3.375145e+003
4,12,-3.375145e+003
4,13,-3.375145e+003
4,14,-3.375145e+003
4,15,-3.375145e+003
4,16,-3.375145e+003
4,17,-3.375145e+003
4,18,-3.375145e+003
4,19,-3.375145e+003
4,20,-3.375145e+003
4,21,-3.375145e+003
5,0,-3.375085e+003
5,1,-3.375085e+003
5,2,-3.375085e+003
5,3,-3.375085e+003
5,4,-3.375085e+003
5,5,-3.375085e+003
5,6,-3.375085e+003
5,7,-3.375085e+003
5,8,-3.375085e+003
5,9,-3.375085e+003
5,10,-3.375085e+003
5,11,-3.375085e+003
5,12,-3.375085e+003
5,13,-3.375085e+003
5,14,-3.375085e+003
5,15,-3.375085e+003
5,16,-3.375085e+003
5,17,-3.375085e+003
5,18,-3.375085e+003
5,19,-3.375085e+003
5,20,-3.375085e+003
5,21,-3.375085e+003
5,22,-3.375085e+003
5,23,-3.375085e+003
5,24,-3.375085e+003
5,25,-3.375085e+003
5,26,-3.375085e+003
5,27,-3.375085e+003
5,28,-3.375085e+003
5,29,-3.375085e+003
5,30,-3.375085e+003
5,31,-3.375085e+003
5,32,-3.375085e+003
5,33,-3.375085e+003
5,34,-3.375085e+003
5,35,-3.375085e+003
5,36,-3.375085e+003
6,0,-3.374988e+003
6,1,-3.374988e+003
6,2,-3.374988e+003
6,3,-3.374988e+003
6,4,-3.374988e+003
6,5,-3.374988e+003
6,6,-3.374988e+003
6,7,-3.374988e+003
6,8,-3.374988e+003
6,9,-3.374988e+003
6,10,-3.374988e+003
6,11,-3.374988e+003
6,12,-3.374988e+003
6,13,-3.374988e+003
6,14,-3.374988e+003
6,15,-3.374988e+003
6,16,-3.374988e+003
6,17,-3.374988e+003
6,18,-3.374988e+003
6,19,-3.374988e+003
6,20,-3.374988e+003
6,21,-3.374988e+003
7,0,-3.373370e+003
7,1,-3.373370e+003
7,2,-3.373370e+003
7,3,-3.373370e+003
7,4,-3.373370e+003
7,5,-3.373370e+003
7,6,-3.373370e+003
7,7,-3.373370e+003
7,8,-3.373370e+003
7,9,-3.373370e+003
7,10,-3.373370e+003
7,11,-3.373370e+003
7,12,-3.373370e+003
7,13,-3.373370e+003
7,14,-3.373370e+003
7,15,-3.373370e+003
7,16,-3.373370e+003
7,17,-3.373370e+003
7,18,-3.373370e+003
7,19,-3.373370e+003
7,20,-3.373370e+003
7,21,-3.373370e+003
8,0,-3.372995e+003
8,1,-3.372995e+003
8,2,-3.372995e+003
8,3,-3.372995e+003
8,4,-3.372995e+003
8,5,-3.372995e+003
8,6,-3.372995e+003
8,7,-3.372995e+003
8,8,-3.372995e+003
8,9,-3.372995e+003
8,10,-3.372995e+003
8,11,-3.372995e+003
8,12,-3.372995e+003
8,13,-3.372995e+003
8,14,-3.372995e+003
8,15,-3.372995e+003
8,16,-3.372995e+003
8,17,-3.372995e+003
8,18,-3.372995e+003
8,19,-3.372995e+003
8,20,-3.372995e+003
8,21,-3.372995e+003
9,0,-3.374982e+003
9,1,-3.374982e+003
9,2,-3.374982e+003
9,3,-3.374982e+003
9,4,-3.374982e+003
9,5,-3.374982e+003
9,6,-3.374982e+003
9,7,-3.374982e+003
9,8,-3.374982e+003
9,9,-3.374982e+003
9,10,-3.374982e+003
9,11,-3.374982e+003
9,12,-3.374982e+003
9,13,-3.374982e+003
9,14,-3.374982e+003
9,15,-3.374982e+003
9,16,-3.374982e+003
9,17,-3.374982e+003
9,18,-3.374982e+003
9,19,-3.374982e+003
9,20,-3.374982e+003
9,21,-3.374982e+003
9,22,-3.374982e+003
9,23,-3.374982e+003
9,24,-3.374982e+003
9,25,-3.374982e+003
9,26,-3.374982e+003
9,27,-3.374982e+003
9,28,-3.374982e+003
9,29,-3.374982e+003
9,30,-3.374982e+003
9,31,-3.374982e+003
9,32,-3.374982e+003
9,33,-3.374982e+003
9,34,-3.374982e+003
9,35,-3.374982e+003
10,0,-3.375092e+003
10,1,-3.375092e+003
10,2,-3.375092e+003
10,3,-3.375092e+003
10,4,-3.375092e+003
10,5,-3.375092e+003
10,6,-3.375092e+003
10,7,-3.375092e+003
10,8,-3.375092e+003
10,9,-3.375092e+003
10,10,-3.375092e+003
10,11,-3.375092e+003
10,12,-3.375092e+003
10,13,-3.375092e+003
10,14,-3.375092e+003
10,15,-3.375092e+003
10,16,-3.375092e+003
10,17,-3.375092e+003
10,18,-3.375092e+003
10,19,-3.375092e+003
10,20,-3.375092e+003
10,21,-3.375092e+003
11,0,-3.375163e+003
11,1,-3.375163e+003
11,2,-3.375163e+003
11,3,-3.375163e+003
11,4,-3.375163e+003
11,5,-3.375163e+003
11,6,-3.375163e+003
11,7,-3.375163e+003
11,8,-3.375163e+003
11,9,-3.375163e+003
11,10,-3.375163e+003
11,11,-3.375163e+003
11,12,-3.375163e+003
11,13,-3.375163e+003
11,14,-3.375163e+003
11,15,-3.375163e+003
11,16,-3.375163e+003
11,17,-3.375163e+003
11,18,-3.375163e+003
11,19,-3.375163e+003
11,20,-3.375163e+003
11,21,-3.375163e+003
12,0,-3.375186e+003
12,1,-3.375186e+003
12,2,-3.375186e+003
12,3,-3.375186e+003
12,4,-3.375186e+003
12,5,-3.375186e+003
12,6,-3.375186e+003
12,7,-3.375186e+003
12,8,-3.375186e+003
12,9,-3.375186e+003
12,10,-3.375186e+003
12,11,-3.375186e+003
12,12,-3.375186e+003
12,13,-3.375186e+003
12,14,-3.375186e+003
12,15,-3.375186e+003
12,16,-3.375186e+003
12,17,-3.375186e+003
12,18,-3.375186e+003
12,19,-3.375186e+003
12,20,-3.375186e+003
12,21,-3.375186e+003
13,0,-3.375154e+003
13,1,-3.375154e+003
13,2,-3.375154e+003
13,3,-3.375154e+003
13,4,-3.375154e+003
13,5,-3.375154e+003
13,6,-3.375154e+003
13,7,-3.375154e+003
13,8,-3.375154e+003
13,9,-3.375154e+003
13,10,-3.375154e+003
13,11,-3.375154e+003
13,12,-3.375154e+003
13,13,-3.375154e+003
13,14,-3.375154e+003
13,15,-3.375154e+003
13,16,-3.375154e+003
13,17,-3.375154e+003
13,18,-3.375154e+003
13,19,-3.375154e+003
13,20,-3.375154e+003
13,21,-3.375154e+003
13,22,-3.375154e+003
13,23,-3.375155e+003
13,24,-3.375155e+003
13,25,-3.375155e+003
13,26,-3.375155e+003
13,27,-3.375155e+003
13,28,-3.375155e+003
13,29,-3.375155e+003
13,30,-3.375155e+003
14,0,-3.375310e+003
14,1,-3.375310e+003
14,2,-3.375310e+003
14,3,-3.375310e+003
14,4,-3.375310e+003
14,5,-3.375310e+003
14,6,-3.375310e+003
14,7,-3.375310e+003
14,8,-3.375310e+003
14,9,-3.375310e+003
14,10,-3.375310e+003
14,11,-3.375310e+003
14,12,-3.375310e+003
14,13,-3.375310e+003
14,14,-3.375310e+003
14,15,-3.375310e+003
14,16,-3.375310e+003
14,17,-3.375310e+003
14,18,-3.375310e+003
14,19,-3.375310e+003
14,20,-3.375310e+003
14,21,-3.375310e+003
15,0,-3.377184e+003
15,1,-3.377184e+003
15,2,-3.377184e+003
15,3,-3.377184e+003
15,4,-3.377184e+003
15,5,-3.377184e+003
15,6,-3.377184e+003
15,7,-3.377184e+003
15,8,-3.377184e+003
15,9,-3.377184e+003
15,10,-3.377184e+003
15,11,-3.377184e+003
15,12,-3.377184e+003
15,13,-3.377184e+003
15,14,-3.377184e+003
15,15,-3.377184e+003
15,16,-3.377184e+003
15,17,-3.377184e+003
15,18,-3.377184e+003
15,19,-3.377184e+003
15,20,-3.377184e+003
15,21,-3.377184e+003
16,0,-3.377838e+003
16,1,-3.377838e+003
16,2,-3.377838e+003
16,3,-3.377838e+003
16,4,-3.377838e+003
16,5,-3.377838e+003
16,6,-3.377838e+003
16,7,-3.377838e+003
16,8,-3.377838e+003
16,9,-3.377838e+003
16,10,-3.377838e+003
16,11,-3.377838e+003
16,12,-3.377838e+003
16,13,-3.377838e+003
16,14,-3.377838e+003
16,15,-3.377838e+003
16,16,-3.377838e+003
16,17,-3.377838e+003
16,18,-3.377838e+003
16,19,-3.377838e+003
16,20,-3.377838e+003
16,21,-3.377838e+003
17,0,-3.377843e+003
17,1,-3.377843e+003
17,2,-3.377843e+003
17,3,-3.377843e+003
17,4,-3.377843e+003
17,5,-3.377843e+003
17,6,-3.377843e+003
17,7,-3.377843e+003
17,8,-3.377843e+003
17,9,-3.377843e+003
17,10,-3.377843e+003
17,11,-3.377843e+003
17,12,-3.377843e+003
17,13,-3.377843e+003
17,14,-3.377843e+003
17,15,-3.377843e+003
17,16,-3.377843e+003
17,17,-3.377843e+003
17,18,-3.377843e+003
17,19,-3.377843e+003
17,20,-3.377844e+003
17,21,-3.377844e+003
17,22,-3.377844e+003
17,23,-3.377844e+003
17,24,-3.377844e+003
17,25,-3.377844e+003
17,26,-3.377844e+003
17,27,-3.377844e+003
17,28,-3.377844e+003
17,29,-3.377844e+003
17,30,-3.377844e+003
17,31,-3.377844e+003
17,32,-3.377844e+003
17,33,-3.377844e+003
17,34,-3.377844e+003
17,35,-3.377844e+003
17,36,-3.377844e+003
17,37,-3.377844e+003
17,38,-3.377844e+003
17,39,-3.377844e+003
17,40,-3.377844e+003
17,41,-3.377844e+003
18,0,-3.375969e+003
18,1,-3.375969e+003
18,2,-3.375969e+003
18,3,-3.375969e+003
18,4,-3.375969e+003
18,5,-3.375969e+003
18,6,-3.375969e+003
18,7,-3.375969e+003
18,8,-3.375969e+003
18,9,-3.375969e+003
18,10,-3.375969e+003
18,11,-3.375969e+003
18,12,-3.375969e+003
18,13,-3.375969e+003
18,14,-3.375969e+003
18,15,-3.375969e+003
18,16,-3.375969e+003
18,17,-3.375969e+003
18,18,-3.375969e+003
18,19,-3.375969e+003
18,20,-3.375969e+003
18,21,-3.375969e+003
19,0,-3.376070e+003
19,1,-3.376070e+003
19,2,-3.376070e+003
19,3,-3.376070e+003
19,4,-3.376070e+003
19,5,-3.376070e+003
19,6,-3.376070e+003
19,7,-3.376070e+003
19,8,-3.376070e+003
19,9,-3.376070e+003
19,10,-3.376070e+003
19,11,-3.376070e+003
19,12,-3.376070e+003
19,13,-3.376070e+003
19,14,-3.376070e+003
19,15,-3.376070e+003
19,16,-3.376070e+003
19,17,-3.376070e+003
19,18,-3.376070e+003
19,19,-3.376070e+003
19,20,-3.376070e+003
19,21,-3.376070e+003
20,0,-3.376135e+003
20,1,-3.376135e+003
20,2,-3.376135e+003
20,3,-3.376135e+003
20,4,-3.376135e+003
20,5,-3.376135e+003
20,6,-3.376135e+003
20,7,-3.376135e+003
20,8,-3.376135e+003
20,9,-3.376135e+003
20,10,-3.376135e+003
20,11,-3.376135e+003
20,12,-3.376135e+003
20,13,-3.376135e+003
20,14,-3.376135e+003
20,15,-3.376135e+003
20,16,-3.376135e+003
20,17,-3.376135e+003
20,18,-3.376135e+003
20,19,-3.376135e+003
20,20,-3.376135e+003
20,21,-3.376135e+003
21,0,-3.376177e+003
21,1,-3.376177e+003
21,2,-3.376177e+003
21,3,-3.376177e+003
21,4,-3.376177e+003
21,5,-3.376177e+003
21,6,-3.376177e+003
21,7,-3.376177e+003
21,8,-3.376177e+003
21,9,-3.376177e+003
21,10,-3.376177e+003
21,11,-3.376177e+003
21,12,-3.376177e+003
21,13,-3.376178e+003
21,14,-3.376178e+003
21,15,-3.376178e+003
21,16,-3.376178e+003
21,17,-3.376178e+003
21,18,-3.376178e+003
21,19,-3.376178e+003
21,20,-3.376178e+003
21,21,-3.376178e+003
21,22,-3.376178e+003
21,23,-3.376178e+003
21,24,-3.376178e+003
21,25,-3.376178e+003
21,26,-3.376178e+003
21,27,-3.376178e+003
21,28,-3.376178e+003
21,29,-3.376178e+003
21,30,-3.376178e+003
21,31,-3.376178e+003
21,32,-3.376178e+003
21,33,-3.376178e+003
21,34,-3.376178e+003
21,35,-3.376178e+003
22,0,-3.376207e+003
22,1,-3.376207e+003
22,2,-3.376207e+003
22,3,-3.376207e+003
22,4,-3.376207e+003
22,5,-3.376207e+003
22,6,-3.376207e+003
22,7,-3.376207e+003
22,8,-3.376207e+003
22,9,-3.376207e+003
22,10,-3.376207e+003
22,11,-3.376207e+003
22,12,-3.376207e+003
22,13,-3.376207e+003
22,14,-3.376207e+003
22,15,-3.376207e+003
22,16,-3.376207e+003
22,17,-3.376207e+003
22,18,-3.376207e+003
22,19,-3.376207e+003
22,20,-3.376207e+003
22,21,-3.376207e+003
23,0,-3.375855e+003
23,1,-3.375855e+003
23,2,-3.375855e+003
23,3,-3.375855e+003
23,4,-3.375855e+003
23,5,-3.375855e+003
23,6,-3.375855e+003
23,7,-3.375855e+003
23,8,-3.375855e+003
23,9,-3.375855e+003
23,10,-3.375855e+003
23,11,-3.375855e+003
23,12,-3.375855e+003
23,13,-3.375855e+003
23,14,-3.375855e+003
23,15,-3.375855e+003
23,16,-3.375855e+003
23,17,-3.375855e+003
23,18,-3.375855e+003
23,19,-3.375855e+003
23,20,-3.375855e+003
23,21,-3.375855e+003
24,0,-3.374512e+003
24,1,-3.374512e+003
24,2,-3.374512e+003
24,3,-3.374512e+003
24,4,-3.374512e+003
24,5,-3.374512e+003
24,6,-3.374512e+003
24,7,-3.374512e+003
24,8,-3.374512e+003
24,9,-3.374512e+003
24,10,-3.374512e+003
24,11,-3.374512e+003
24,12,-3.374512e+003
24,13,-3.374512e+003
24,14,-3.374512e+003
24,15,-3.374512e+003
24,16,-3.374512e+003
24,17,-3.374512e+003
24,18,-3.374512e+003
24,19,-3.374512e+003
24,20,-3.374512e+003
24,21,-3.374512e+003
25,0,-3.374696e+003
25,1,-3.374696e+003
25,2,-3.374696e+003
25,3,-3.374696e+003
25,4,-3.374696e+003
25,5,-3.374696e+003
25,6,-3.374696e+003
25,7,-3.374696e+003
25,8,-3.374696e+003
25,9,-3.374697e+003
25,10,-3.374697e+003
25,11,-3.374697e+003
25,12,-3.374697e+003
25,13,-3.374697e+003
25,14,-3.374697e+003
25,15,-3.374697e+003
25,16,-3.374697e+003
25,17,-3.374697e+003
25,18,-3.374697e+003
25,19,-3.374697e+003
25,20,-3.374697e+003
25,21,-3.374697e+003
25,22,-3.374697e+003
25,23,-3.374697e+003
25,24,-3.374697e+003
25,25,-3.374697e+003
25,26,-3.374697e+003
25,27,-3.374697e+003
25,28,-3.374697e+003
25,29,-3.374697e+003
25,30,-3.374697e+003
25,31,-3.374697e+003
25,32,-3.374697e+003
25,33,-3.374697e+003
26,0,-3.374861e+003
26,1,-3.374861e+003
26,2,-3.374861e+003
26,3,-3.374861e+003
26,4,-3.374861e+003
26,5,-3.374861e+003
26,6,-3.374861e+003
26,7,-3.374861e+003
26,8,-3.374861e+003
26,9,-3.374861e+003
26,10,-3.374861e+003
26,11,-3.374861e+003
26,12,-3.374861e+003
26,13,-3.374861e+003
26,14,-3.374861e+003
26,15,-3.374861e+003
26,16,-3.374861e+003
26,17,-3.374861e+003
26,18,-3.374861e+003
26,19,-3.374861e+003
26,20,-3.374861e+003
26,21,-3.374861e+003
27,0,-3.376563e+003
27,1,-3.376563e+003
27,2,-3.376563e+003
27,3,-3.376563e+003
27,4,-3.376563e+003
27,5,-3.376563e+003
27,6,-3.376563e+003
27,7,-3.376563e+003
27,8,-3.376563e+003
27,9,-3.376563e+003
27,10,-3.376563e+003
27,11,-3.376563e+003
27,12,-3.376563e+003
27,13,-3.376563e+003
27,14,-3.376563e+003
27,15,-3.376563e+003
27,16,-3.376563e+003
27,17,-3.376563e+003
27,18,-3.376563e+003
27,19,-3.376563e+003
27,20,-3.376563e+003
27,21,-3.376563e+003
28,0,-3.377214e+003
28,1,-3.377214e+003
28,2,-3.377214e+003
28,3,-3.377214e+003
28,4,-3.377214e+003
28,5,-3.377214e+003
28,6,-3.377214e+003
28,7,-3.377214e+003
28,8,-3.377214e+003
28,9,-3.377214e+003
28,10,-3.377214e+003
28,11,-3.377214e+003
28,12,-3.377214e+003
28,13,-3.377214e+003
28,14,-3.377214e+003
28,15,-3.377214e+003
28,16,-3.377214e+003
28,17,-3.377214e+003
28,18,-3.377214e+003
28,19,-3.377214e+003
28,20,-3.377214e+003
28,21,-3.377214e+003
29,0,-3.377420e+003
29,1,-3.377420e+003
29,2,-3.377420e+003
29,3,-3.377420e+003
29,4,-3.377420e+003
29,5,-3.377420e+003
29,6,-3.377420e+003
29,7,-3.377420e+003
29,8,-3.377420e+003
29,9,-3.377420e+003
29,10,-3.377420e+003
29,11,-3.377420e+003
29,12,-3.377420e+003
29,13,-3.377420e+003
29,14,-3.377420e+003
29,15,-3.377420e+003
29,16,-3.377420e+003
29,17,-3.377420e+003
29,18,-3.377420e+003
29,19,-3.377420e+003
29,20,-3.377420e+003
29,21,-3.377420e+003
29,22,-3.377420e+003
29,23,-3.377420e+003
29,24,-3.377420e+003
29,25,-3.377420e+003
29,26,-3.377420e+003
29,27,-3.377420e+003
29,28,-3.377420e+003
29,29,-3.377420e+003
29,30,-3.377420e+003
29,31,-3.377420e+003
29,32,-3.377420e+003
29,33,-3.377420e+003
29,34,-3.377420e+003
30,0,-3.377603e+003
30,1,-3.377603e+003
30,2,-3.377603e+003
30,3,-3.377603e+003
30,4,-3.377603e+003
30,5,-3.377603e+003
30,6,-3.377603e+003
30,7,-3.377603e+003
30,8,-3.377603e+003
30,9,-3.377603e+003
30,10,-3.377603e+003
30,11,-3.377603e+003
30,12,-3.377603e+003
30,13,-3.377603e+003
30,14,-3.377603e+003
30,15,-3.377603e+003
30,16,-3.377603e+003
30,17,-3.377603e+003
30,18,-3.377603e+003
30,19,-3.377603e+003
30,20,-3.377603e+003
30,21,-3.377603e+003
31,0,-3.377522e+003
31,1,-3.377522e+003
31,2,-3.377522e+003
31,3,-3.377522e+003
31,4,-3.377522e+003
31,5,-3.377522e+003
31,6,-3.377522e+003
31,7,-3.377522e+003
31,8,-3.377522e+003
31,9,-3.377522e+003
31,10,-3.377522e+003
31,11,-3.377522e+003
31,12,-3.377522e+003
31,13,-3.377522e+003
31,14,-3.377522e+003
31,15,-3.377522e+003
31,16,-3.377522e+003
31,17,-3.377522e+003
31,18,-3.377522e+003
31,19,-3.377522e+003
31,20,-3.377522e+003
31,21,-3.377522e+003
32,0,-3.377170e+003
32,1,-3.377170e+003
32,2,-3.377170e+003
32,3,-3.377170e+003
32,4,-3.377170e+003
32,5,-3.377170e+003
32,6,-3.377170e+003
32,7,-3.377170e+003
32,8,-3.377170e+003
32,9,-3.377170e+003
32,10,-3.377170e+003
32,11,-3.377170e+003
32,12,-3.377170e+003
32,13,-3.377170e+003
32,14,-3.377171e+003
32,15,-3.377171e+003
32,16,-3.377171e+003
32,17,-3.377171e+003
32,18,-3.377171e+003
32,19,-3.377171e+003
32,20,-3.377171e+003
32,21,-3.377171e+003
32,22,-3.377171e+003
32,23,-3.377171e+003
32,24,-3.377171e+003
32,25,-3.377171e+003
32,26,-3.377171e+003
32,27,-3.377171e+003
32,28,-3.377171e+003
32,29,-3.377171e+003
32,30,-3.377172e+003
32,31,-3.377172e+003
32,32,-3.377172e+003
32,33,-3.377172e+003
32,34,-3.377172e+003
32,35,-3.377173e+003
32,36,-3.377173e+003
32,37,-3.377173e+003
32,38,-3.377173e+003
32,39,-3.377173e+003
32,40,-3.377173e+003
32,41,-3.377173e+003
32,42,-3.377173e+003
32,43,-3.377173e+003
32,44,-3.377173e+003
32,45,-3.377173e+003
32,46,-3.377173e+003
32,47,-3.377173e+003
32,48,-3.377173e+003
32,49,-3.377173e+003
32,50,-3.377173e+003
32,51,-3.377173e+003
32,52,-3.377173e+003
32,53,-3.377173e+003
32,54,-3.377173e+003
32,55,-3.377173e+003
32,56,-3.377173e+003
32,57,-3.377173e+003
32,58,-3.377173e+003
32,59,-3.377173e+003
32,60,-3.377173e+003
33,0,-3.377182e+003
33,1,-3.377182e+003
33,2,-3.377182e+003
33,3,-3.377182e+003
33,4,-3.377182e+003
33,5,-3.377182e+003
33,6,-3.377182e+003
33,7,-3.377182e+003
33,8,-3.377182e+003
33,9,-3.377182e+003
33,10,-3.377182e+003
33,11,-3.377182e+003
33,12,-3.377182e+003
33,13,-3.377182e+003
33,14,-3.377182e+003
33,15,-3.377182e+003
33,16,-3.377182e+003
33,17,-3.377182e+003
33,18,-3.377182e+003
33,19,-3.377182e+003
33,20,-3.377182e+003
33,21,-3.377182e+003
33,22,-3.377182e+003
33,23,-3.377182e+003
33,24,-3.377182e+003
33,25,-3.377182e+003
33,26,-3.377182e+003
33,27,-3.377182e+003
33,28,-3.377182e+003
33,29,-3.377257e+003
33,30,-3.377257e+003
33,31,-3.377257e+003
33,32,-3.377257e+003
33,33,-3.377257e+003
33,34,-3.377257e+003
33,35,-3.377257e+003
33,36,-3.377257e+003
33,37,-3.377257e+003
33,38,-3.377257e+003
33,39,-3.377257e+003
33,40,-3.377257e+003
33,41,-3.377257e+003
33,42,-3.377257e+003
33,43,-3.377257e+003
33,44,-3.377257e+003
33,45,-3.377257e+003
33,46,-3.377257e+003
33,47,-3.377257e+003
33,48,-3.377257e+003
33,49,-3.377257e+003
33,50,-3.377257e+003
33,51,-3.377257e+003
33,52,-3.377257e+003
33,53,-3.377257e+003
33,54,-3.377257e+003
33,55,-3.377257e+003
33,56,-3.377257e+003
33,57,-3.377257e+003
33,58,-3.377257e+003
33,59,-3.377257e+003
33,60,-3.377257e+003
33,61,-3.377257e+003
33,62,-3.377257e+003
33,63,-3.377257e+003
34,0,-3.376097e+003
34,1,-3.376097e+003
34,2,-3.376097e+003
34,3,-3.376099e+003
34,4,-3.376103e+003
34,5,-3.376106e+003
34,6,-3.376109e+003
34,7,-3.376111e+003
34,8,-3.376113e+003
34,9,-3.376114e+003
34,10,-3.376115e+003
34,11,-3.376165e+003
34,12,-3.376166e+003
34,13,-3.376166e+003
34,14,-3.376166e+003
34,15,-3.376166e+003
34,16,-3.376166e+003
34,17,-3.376166e+003
34,18,-3.376166e+003
34,19,-3.376166e+003
34,20,-3.376166e+003
34,21,-3.376166e+003
34,22,-3.376166e+003
34,23,-3.376166e+003
34,24,-3.376166e+003
34,25,-3.376166e+003
34,26,-3.376166e+003
34,27,-3.376166e+003
34,28,-3.376166e+003
34,29,-3.376166e+003
34,30,-3.376166e+003
34,31,-3.376166e+003
34,32,-3.376166e+003
34,33,-3.376166e+003
34,34,-3.376166e+003
34,35,-3.376166e+003
34,36,-3.376166e+003
34,37,-3.376166e+003
34,38,-3.376166e+003
34,39,-3.376166e+003
34,40,-3.376166e+003
35,0,-3.373607e+003
35,1,-3.373607e+003
35,2,-3.373607e+003
35,3,-3.373607e+003
35,4,-3.373607e+003
35,5,-3.373607e+003
35,6,-3.373607e+003
35,7,-3.373607e+003
35,8,-3.373607e+003
35,9,-3.373607e+003
35,10,-3.373607e+003
35,11,-3.373607e+003
35,12,-3.373607e+003
35,13,-3.373607e+003
35,14,-3.373607e+003
35,15,-3.373607e+003
35,16,-3.373607e+003
35,17,-3.373607e+003
35,18,-3.373607e+003
35,19,-3.373607e+003
35,20,-3.373607e+003
35,21,-3.373607e+003
36,0,-3.370542e+003
36,1,-3.370542e+003
36,2,-3.370542e+003
36,3,-3.370542e+003
36,4,-3.370542e+003
36,5,-3.370542e+003
36,6,-3.370542e+003
36,7,-3.370542e+003
36,8,-3.370542e+003
36,9,-3.370542e+003
36,10,-3.370542e+003
36,11,-3.370542e+003
36,12,-3.370542e+003
36,13,-3.370542e+003
36,14,-3.370542e+003
36,15,-3.370542e+003
36,16,-3.370542e+003
36,17,-3.370542e+003
36,18,-3.370542e+003
36,19,-3.370542e+003
36,20,-3.370542e+003
36,21,-3.370542e+003
36,22,-3.370542e+003
36,23,-3.370542e+003
36,24,-3.370542e+003
36,25,-3.370542e+003
36,26,-3.370542e+003
36,27,-3.370542e+003
36,28,-3.370542e+003
36,29,-3.370542e+003
36,30,-3.370542e+003
36,31,-3.370542e+003
36,32,-3.370542e+003
36,33,-3.370542e+003
36,34,-3.370542e+003
36,35,-3.370542e+003
36,36,-3.370542e+003
36,37,-3.370542e+003
36,38,-3.370542e+003
36,39,-3.370542e+003
36,40,-3.370556e+003
36,41,-3.370627e+003
36,42,-3.370646e+003
36,43,-3.370664e+003
36,44,-3.370683e+003
36,45,-3.370696e+003
36,46,-3.370704e+003
36,47,-3.370711e+003
36,48,-3.370716e+003
36,49,-3.370718e+003
36,50,-3.370720e+003
36,51,-3.370721e+003
36,52,-3.370722e+003
36,53,-3.370722e+003
36,54,-3.370722e+003
36,55,-3.370722e+003
36,56,-3.370723e+003
36,57,-3.370723e+003
36,58,-3.370723e+003
36,59,-3.370723e+003
36,60,-3.370723e+003
36,61,-3.370723e+003
36,62,-3.370723e+003
36,63,-3.370723e+003
36,64,-3.370723e+003
36,65,-3.370723e+003
36,66,-3.370723e+003
36,67,-3.370723e+003
36,68,-3.370723e+003
36,69,-3.370723e+003
36,70,-3.370723e+003
36,71,-3.370723e+003
36,72,-3.370723e+003
36,73,-3.370723e+003
36,74,-3.370723e+003
36,75,-3.370723e+003
36,76,-3.370723e+003
36,77,-3.370723e+003
36,78,-3.370723e+003
36,79,-3.370723e+003
36,80,-3.370723e+003
36,81,-3.370723e+003
36,82,-3.370723e+003
36,83,-3.370723e+003
36,84,-3.370723e+003
36,85,-3.370723e+003
36,86,-3.370723e+003
36,87,-3.370723e+003
36,88,-3.370723e+003
36,89,-3.370723e+003
36,90,-3.370723e+003
36,91,-3.370723e+003
36,92,-3.370723e+003
36,93,-3.370723e+003
36,94,-3.370723e+003
36,95,-3.370723e+003
36,96,-3.370723e+003
36,97,-3.370723e+003
36,98,-3.370723e+003
36,99,-3.370723e+003
36,100,-3.370723e+003
36,101,-3.370723e+003
36,102,-3.370723e+003
36,103,-3.370723e+003
36,104,-3.370723e+003
36,105,-3.370723e+003
36,106,-3.370723e+003
36,107,-3.370723e+003
36,108,-3.370723e+003
36,109,-3.370723e+003
36,110,-3.370723e+003
36,111,-3.370723e+003
36,112,-3.370723e+003
36,113,-3.370723e+003
36,114,-3.370723e+003
36,115,-3.370723e+003
36,116,-3.370723e+003
36,117,-3.370723e+003
36,118,-3.370723e+003
36,119,-3.370723e+003
36,120,-3.370723e+003
36,121,-3.370723e+003
36,122,-3.370723e+003
36,123,-3.370723e+003
36,124,-3.370723e+003
36,125,-3.370723e+003
36,126,-3.370723e+003
36,127,-3.370723e+003
36,128,-3.370723e+003
36,129,-3.370723e+003
36,130,-3.370723e+003
37,0,-3.366200e+003
37,1,-3.366200e+003
37,2,-3.366200e+003
37,3,-3.366200e+003
37,4,-3.366200e+003
37,5,-3.366200e+003
37,6,-3.366200e+003
37,7,-3.366200e+003
37,8,-3.366200e+003
37,9,-3.366213e+003
37,10,-3.366232e+003
37,11,-3.366243e+003
37,12,-3.366260e+003
37,13,-3.366274e+003
37,14,-3.366282e+003
37,15,-3.366286e+003
37,16,-3.366368e+003
37,17,-3.366370e+003
37,18,-3.366371e+003
37,19,-3.366372e+003
37,20,-3.366373e+003
37,21,-3.366373e+003
37,22,-3.366374e+003
37,23,-3.366374e+003
37,24,-3.366374e+003
37,25,-3.366374e+003
37,26,-3.366374e+003
37,27,-3.366374e+003
37,28,-3.366374e+003
37,29,-3.366374e+003
37,30,-3.366374e+003
37,31,-3.366374e+003
37,32,-3.366374e+003
37,33,-3.366374e+003
37,34,-3.366374e+003
37,35,-3.366374e+003
37,36,-3.366374e+003
37,37,-3.366374e+003
37,38,-3.366374e+003
37,39,-3.366374e+003
37,40,-3.366374e+003
37,41,-3.366374e+003
37,42,-3.366374e+003
37,43,-3.366374e+003
37,44,-3.366374e+003
37,45,-3.366374e+003
37,46,-3.366374e+003
37,47,-3.366374e+003
37,48,-3.366374e+003
37,49,-3.366374e+003
37,50,-3.366374e+003
37,51,-3.366374e+003
37,52,-3.366374e+003
37,53,-3.366374e+003
37,54,-3.366374e+003
37,55,-3.366374e+003
37,56,-3.366374e+003
37,57,-3.366374e+003
37,58,-3.366374e+003
37,59,-3.366374e+003
37,60,-3.366374e+003
37,61,-3.366374e+003
37,62,-3.366374e+003
37,63,-3.366374e+003
37,64,-3.366374e+003
37,65,-3.366374e+003
37,66,-3.366374e+003
37,67,-3.366374e+003
37,68,-3.366374e+003
37,69,-3.366449e+003
37,70,-3.366449e+003
37,71,-3.366449e+003
37,72,-3.366449e+003
37,73,-3.366449e+003
37,74,-3.366449e+003
37,75,-3.366450e+003
37,76,-3.366450e+003
37,77,-3.366450e+003
37,78,-3.366450e+003
37,79,-3.366450e+003
37,80,-3.366450e+003
37,81,-3.366450e+003
37,82,-3.366450e+003
37,83,-3.366450e+003
37,84,-3.366450e+003
37,85,-3.366450e+003
37,86,-3.366450e+003
37,87,-3.366450e+003
37,88,-3.366450e+003
37,89,-3.366450e+003
37,90,-3.366450e+003
37,91,-3.366450e+003
37,92,-3.366450e+003
37,93,-3.366450e+003
37,94,-3.366450e+003
37,95,-3.366450e+003
37,96,-3.366450e+003
37,97,-3.366450e+003
37,98,-3.366450e+003
37,99,-3.366450e+003
37,100,-3.366450e+003
37,101,-3.366450e+003
37,102,-3.366450e+003
37,103,-3.366450e+003
37,104,-3.366450e+003
37,105,-3.366450e+003
38,0,-3.359880e+003
38,1,-3.359880e+003
38,2,-3.359880e+003
38,3,-3.359906e+003
38,4,-3.359992e+003
38,5,-3.360013e+003
38,6,-3.360050e+003
38,7,-3.360076e+003
38,8,-3.360091e+003
38,9,-3.360024e+003
38,10,-3.360037e+003
38,11,-3.360040e+003
38,12,-3.360042e+003
38,13,-3.360120e+003
38,14,-3.360121e+003
38,15,-3.360121e+003
38,16,-3.360122e+003
38,17,-3.360122e+003
38,18,-3.360122e+003
38,19,-3.360122e+003
38,20,-3.360122e+003
38,21,-3.360122e+003
38,22,-3.360122e+003
38,23,-3.360047e+003
38,24,-3.360047e+003
38,25,-3.360047e+003
38,26,-3.360047e+003
38,27,-3.360047e+003
38,28,-3.360047e+003
38,29,-3.360047e+003
38,30,-3.360047e+003
38,31,-3.360047e+003
38,32,-3.360047e+003
38,33,-3.360047e+003
38,34,-3.360047e+003
38,35,-3.360047e+003
38,36,-3.360047e+003
38,37,-3.360047e+003
38,38,-3.360047e+003
38,39,-3.360047e+003
38,40,-3.360047e+003
38,41,-3.360047e+003
38,42,-3.360047e+003
38,43,-3.360047e+003
38,44,-3.360047e+003
38,45,-3.360047e+003
38,46,-3.360047e+003
38,47,-3.360047e+003
38,48,-3.360047e+003
38,49,-3.360047e+003
38,50,-3.360047e+003
38,51,-3.360047e+003
38,52,-3.360047e+003
38,53,-3.360047e+003
38,54,-3.360047e+003
38,55,-3.360047e+003
38,56,-3.360047e+003
38,57,-3.360047e+003
38,58,-3.360047e+003
38,59,-3.360047e+003
38,60,-3.360047e+003
38,61,-3.360047e+003
38,62,-3.360047e+003
38,63,-3.360047e+003
38,64,-3.360047e+003
38,65,-3.360047e+003
38,66,-3.360047e+003
38,67,-3.360047e+003
38,68,-3.360047e+003
38,69,-3.360047e+003
38,70,-3.360047e+003
38,71,-3.360047e+003
38,72,-3.360047e+003
38,73,-3.360047e+003
38,74,-3.360047e+003
38,75,-3.360047e+003
38,76,-3.360047e+003
38,77,-3.360047e+003
38,78,-3.360047e+003
38,79,-3.360047e+003
38,80,-3.360047e+003
38,81,-3.360047e+003
38,82,-3.360047e+003
38,83,-3.360047e+003
38,84,-3.360047e+003
38,85,-3.360047e+003
38,86,-3.360047e+003
38,87,-3.360047e+003
38,88,-3.360047e+003
38,89,-3.360047e+003
38,90,-3.360047e+003
38,91,-3.360047e+003
38,92,-3.360047e+003
38,93,-3.360047e+003
38,94,-3.360047e+003
38,95,-3.360047e+003
38,96,-3.360047e+003
38,97,-3.360047e+003
38,98,-3.360047e+003
38,99,-3.360047e+003
38,100,-3.360047e+003
38,101,-3.360047e+003
39,0,-3.350937e+003
39,1,-3.350985e+003
39,2,-3.351051e+003
39,3,-3.351098e+003
39,4,-3.351160e+003
39,5,-3.351208e+003
39,6,-3.351235e+003
39,7,-3.351329e+003
39,8,-3.351345e+003
39,9,-3.351349e+003
39,10,-3.351352e+003
39,11,-3.351355e+003
39,12,-3.351356e+003
39,13,-3.351357e+003
39,14,-3.351357e+003
39,15,-3.351358e+003
39,16,-3.351358e+003
39,17,-3.351358e+003
39,18,-3.351358e+003
39,19,-3.351358e+003
39,20,-3.351358e+003
39,21,-3.351358e+003
39,22,-3.351358e+003
39,23,-3.351358e+003
39,24,-3.351358e+003
39,25,-3.351358e+003
39,26,-3.351358e+003
39,27,-3.351358e+003
39,28,-3.351358e+003
39,29,-3.351358e+003
39,30,-3.351358e+003
39,31,-3.351358e+003
39,32,-3.351358e+003
39,33,-3.351358e+003
39,34,-3.351358e+003
39,35,-3.351358e+003
39,36,-3.351358e+003
39,37,-3.351358e+003
39,38,-3.351358e+003
39,39,-3.351358e+003
39,40,-3.351358e+003
39,41,-3.351358e+003
39,42,-3.351358e+003
39,43,-3.351358e+003
39,44,-3.351358e+003
39,45,-3.351358e+003
39,46,-3.351358e+003
39,47,-3.351358e+003
39,48,-3.351358e+003
39,49,-3.351358e+003
39,50,-3.351358e+003
39,51,-3.351358e+003
39,52,-3.351358e+003
39,53,-3.351358e+003
39,54,-3.351358e+003
39,55,-3.351359e+003
39,56,-3.351359e+003
39,57,-3.351359e+003
39,58,-3.351359e+003
39,59,-3.351359e+003
39,60,-3.351359e+003
39,61,-3.351359e+003
39,62,-3.351359e+003
39,63,-3.351359e+003
39,64,-3.351359e+003
39,65,-3.351359e+003
39,66,-3.351359e+003
39,67,-3.351359e+003
39,68,-3.351359e+003
39,69,-3.351359e+003
39,70,-3.351359e+003
39,71,-3.351359e+003
39,72,-3.351359e+003
39,73,-3.351359e+003
39,74,-3.351359e+003
39,75,-3.351359e+003
39,76,-3.351359e+003
39,77,-3.351359e+003
39,78,-3.351359e+003
39,79,-3.351359e+003
39,80,-3.351359e+003
39,81,-3.351359e+003
39,82,-3.351359e+003
39,83,-3.351359e+003
39,84,-3.351359e+003
39,85,-3.351359e+003
39,86,-3.351359e+003
39,87,-3.351359e+003
39,88,-3.351359e+003
39,89,-3.351359e+003
39,90,-3.351359e+003
39,91,-3.351359e+003
39,92,-3.351359e+003
39,93,-3.351359e+003
39,94,-3.351359e+003
39,95,-3.351359e+003
40,0,-3.337480e+003
40,1,-3.337480e+003
40,2,-3.337480e+003
40,3,-3.337480e+003
40,4,-3.337480e+003
40,5,-3.337563e+003
40,6,-3.337671e+003
40,7,-3.337747e+003
40,8,-3.337935e+003
40,9,-3.337867e+003
40,10,-3.337907e+003
40,11,-3.337927e+003
40,12,-3.337956e+003
40,13,-3.337963e+003
40,14,-3.337968e+003
40,15,-3.337972e+003
40,16,-3.337975e+003
40,17,-3.337976e+003
40,18,-3.337977e+003
40,19,-3.337977e+003
40,20,-3.337978e+003
40,21,-3.337978e+003
40,22,-3.337978e+003
40,23,-3.337978e+003
40,24,-3.337978e+003
40,25,-3.337978e+003
40,26,-3.337978e+003
40,27,-3.337978e+003
40,28,-3.337978e+003
40,29,-3.337978e+003
40,30,-3.337978e+003
40,31,-3.337978e+003
40,32,-3.337978e+003
40,33,-3.337978e+003
40,34,-3.337978e+003
40,35,-3.337978e+003
40,36,-3.337978e+003
40,37,-3.337978e+003
40,38,-3.337978e+003
40,39,-3.337978e+003
40,40,-3.337978e+003
40,41,-3.337978e+003
40,42,-3.337978e+003
40,43,-3.337978e+003
40,44,-3.337978e+003
40,45,-3.337978e+003
40,46,-3.337978e+003
40,47,-3.337978e+003
40,48,-3.337978e+003
40,49,-3.337978e+003
40,50,-3.337978e+003
40,51,-3.337979e+003
40,52,-3.337979e+003
40,53,-3.337979e+003
40,54,-3.337979e+003
40,55,-3.337979e+003
40,56,-3.337979e+003
40,57,-3.337979e+003
40,58,-3.337979e+003
40,59,-3.337979e+003
40,60,-3.337979e+003
40,61,-3.337979e+003
40,62,-3.337979e+003
40,63,-3.337979e+003
40,64,-3.337979e+003
40,65,-3.337979e+003
40,66,-3.337979e+003
40,67,-3.337979e+003
40,68,-3.337979e+003
40,69,-3.337979e+003
40,70,-3.337979e+003
40,71,-3.337979e+003
40,72,-3.337979e+003
40,73,-3.337979e+003
40,74,-3.337979e+003
40,75,-3.337979e+003
40,76,-3.337979e+003
40,77,-3.337979e+003
40,78,-3.337979e+003
40,79,-3.337979e+003
40,80,-3.337979e+003
40,81,-3.337979e+003
40,82,-3.337979e+003
40,83,-3.337979e+003
40,84,-3.337979e+003
40,85,-3.337979e+003
40,86,-3.337979e+003
40,87,-3.337979e+003
40,88,-3.337979e+003
40,89,-3.337979e+003
40,90,-3.337979e+003
40,91,-3.337980e+003
40,92,-3.337980e+003
40,93,-3.337980e+003
40,94,-3.337980e+003
40,95,-3.337980e+003
40,96,-3.337980e+003
40,97,-3.337980e+003
40,98,-3.337980e+003
40,99,-3.337980e+003
40,100,-3.337980e+003
41,0,-3.322852e+003
41,1,-3.322852e+003
41,2,-3.322852e+003
41,3,-3.322852e+003
41,4,-3.322983e+003
41,5,-3.323150e+003
41,6,-3.323286e+003
41,7,-3.323308e+003
41,8,-3.323346e+003
41,9,-3.323478e+003
41,10,-3.323510e+003
41,11,-3.323541e+003
41,12,-3.323548e+003
41,13,-3.323554e+003
41,14,-3.323559e+003
41,15,-3.323562e+003
41,16,-3.323564e+003
41,17,-3.323565e+003
41,18,-3.323565e+003
41,19,-3.323565e+003
41,20,-3.323566e+003
41,21,-3.323566e+003
41,22,-3.323566e+003
41,23,-3.323566e+003
41,24,-3.323566e+003
41,25,-3.323566e+003
41,26,-3.323566e+003
41,27,-3.323566e+003
41,28,-3.323567e+003
41,29,-3.323567e+003
41,30,-3.323567e+003
41,31,-3.323567e+003
41,32,-3.323567e+003
41,33,-3.323567e+003
41,34,-3.323567e+003
41,35,-3.323567e+003
41,36,-3.323567e+003
41,37,-3.323567e+003
41,38,-3.323567e+003
41,39,-3.323567e+003
41,40,-3.323567e+003
41,41,-3.323567e+003
41,42,-3.323567e+003
41,43,-3.323567e+003
41,44,-3.323567e+003
41,45,-3.323567e+003
41,46,-3.323567e+003
41,47,-3.323567e+003
41,48,-3.323567e+003
41,49,-3.323567e+003
41,50,-3.323567e+003
41,51,-3.323568e+003
41,52,-3.323568e+003
41,53,-3.323568e+003
41,54,-3.323568e+003
41,55,-3.323568e+003
41,56,-3.323568e+003
41,57,-3.323568e+003
41,58,-3.323568e+003
41,59,-3.323568e+003
41,60,-3.323568e+003
41,61,-3.323569e+003
41,62,-3.323569e+003
41,63,-3.323569e+003
41,64,-3.323569e+003
41,65,-3.323569e+003
41,66,-3.323569e+003
41,67,-3.323569e+003
41,68,-3.323569e+003
41,69,-3.323569e+003
41,70,-3.323569e+003
41,71,-3.323569e+003
41,72,-3.323569e+003
41,73,-3.323569e+003
41,74,-3.323569e+003
41,75,-3.323569e+003
41,76,-3.323569e+003
41,77,-3.323569e+003
41,78,-3.323569e+003
41,79,-3.323569e+003
41,80,-3.323569e+003
41,81,-3.323569e+003
41,82,-3.323569e+003
41,83,-3.323569e+003
41,84,-3.323569e+003
41,85,-3.323569e+003
41,86,-3.323569e+003
41,87,-3.323569e+003
41,88,-3.323569e+003
41,89,-3.323569e+003
41,90,-3.323569e+003
41,91,-3.323569e+003
41,92,-3.323569e+003
41,93,-3.323569e+003
41,94,-3.323569e+003
41,95,-3.323569e+003
41,96,-3.323569e+003
41,97,-3.323569e+003
41,98,-3.323569e+003
41,99,-3.323569e+003
41,100,-3.323569e+003
41,101,-3.323569e+003
41,102,-3.323570e+003
41,103,-3.323570e+003
41,104,-3.323570e+003
41,105,-3.323570e+003
41,106,-3.323570e+003
41,107,-3.323570e+003
41,108,-3.323570e+003
41,109,-3.323570e+003
41,110,-3.323570e+003
41,111,-3.323570e+003
41,112,-3.323570e+003
41,113,-3.323570e+003
41,114,-3.323570e+003
41,115,-3.323570e+003
41,116,-3.323570e+003
41,117,-3.323570e+003
41,118,-3.323570e+003
41,119,-3.323570e+003
41,120,-3.323570e+003
41,121,-3.323570e+003
41,122,-3.323570e+003
41,123,-3.323570e+003
41,124,-3.323570e+003
41,125,-3.323570e+003
41,126,-3.323570e+003
41,127,-3.323570e+003
41,128,-3.323570e+003
41,129,-3.323570e+003
42,0,-3.305218e+003
42,1,-3.305218e+003
42,2,-3.305218e+003
42,3,-3.305218e+003
42,4,-3.305218e+003
42,5,-3.305218e+003
42,6,-3.305218e+003
42,7,-3.305218e+003
42,8,-3.305218e+003
42,9,-3.305218e+003
42,10,-3.305218e+003
42,11,-3.305218e+003
42,12,-3.305218e+003
42,13,-3.305218e+003
42,14,-3.305218e+003
42,15,-3.305218e+003
42,16,-3.305218e+003
42,17,-3.305218e+003
42,18,-3.305218e+003
42,19,-3.305218e+003
42,20,-3.305218e+003
42,21,-3.305218e+003
43,0,-3.280969e+003
43,1,-3.280969e+003
43,2,-3.280969e+003
43,3,-3.280969e+003
43,4,-3.280969e+003
43,5,-3.280969e+003
43,6,-3.280969e+003
43,7,-3.280969e+003
43,8,-3.280969e+003
43,9,-3.280969e+003
43,10,-3.280969e+003
43,11,-3.280969e+003
43,12,-3.280969e+003
43,13,-3.280969e+003
43,14,-3.280969e+003
43,15,-3.280969e+003
43,16,-3.280969e+003
43,17,-3.280969e+003
43,18,-3.280969e+003
43,19,-3.280969e+003
43,20,-3.280969e+003
43,21,-3.280969e+003
44,0,-3.249914e+003
44,1,-3.249914e+003
44,2,-3.249914e+003
44,3,-3.249914e+003
44,4,-3.249914e+003
44,5,-3.249914e+003
44,6,-3.249914e+003
44,7,-3.249914e+003
44,8,-3.249914e+003
44,9,-3.249914e+003
44,10,-3.249914e+003
44,11,-3.249914e+003
44,12,-3.249914e+003
44,13,-3.249914e+003
44,14,-3.249914e+003
44,15,-3.249914e+003
44,16,-3.249914e+003
44,17,-3.249914e+003
44,18,-3.249914e+003
44,19,-3.249914e+003
44,20,-3.249914e+003
44,21,-3.249914e+003
45,0,-3.213481e+003
45,1,-3.213481e+003
45,2,-3.213481e+003
45,3,-3.213481e+003
45,4,-3.213481e+003
45,5,-3.213481e+003
45,6,-3.213481e+003
45,7,-3.213481e+003
45,8,-3.220149e+003
45,9,-3.226314e+003
45,10,-3.229825e+003
45,11,-3.236648e+003
45,12,-3.240612e+003
45,13,-3.242075e+003
45,14,-3.242476e+003
45,15,-3.243024e+003
45,16,-3.243180e+003
45,17,-3.243273e+003
45,18,-3.243350e+003
45,19,-3.243387e+003
45,20,-3.243414e+003
45,21,-3.243434e+003
45,22,-3.243437e+003
45,23,-3.243441e+003
45,24,-3.243444e+003
45,25,-3.243446e+003
45,26,-3.243449e+003
45,27,-3.243451e+003
45,28,-3.243454e+003
45,29,-3.243456e+003
45,30,-3.243458e+003
45,31,-3.243459e+003
45,32,-3.243459e+003
45,33,-3.243460e+003
45,34,-3.243461e+003
45,35,-3.243463e+003
45,36,-3.243464e+003
45,37,-3.243465e+003
45,38,-3.243467e+003
45,39,-3.243468e+003
45,40,-3.243469e+003
45,41,-3.243469e+003
45,42,-3.243470e+003
45,43,-3.243471e+003
45,44,-3.243472e+003
45,45,-3.243473e+003
45,46,-3.243473e+003
45,47,-3.243474e+003
45,48,-3.243474e+003
45,49,-3.243399e+003
45,50,-3.243400e+003
45,51,-3.243400e+003
45,52,-3.243401e+003
45,53,-3.243401e+003
45,54,-3.243402e+003
45,55,-3.243403e+003
45,56,-3.243404e+003
45,57,-3.243406e+003
45,58,-3.243414e+003
45,59,-3.243416e+003
45,60,-3.243418e+003
45,61,-3.243420e+003
45,62,-3.243421e+003
45,63,-3.243423e+003
45,64,-3.243424e+003
45,65,-3.243426e+003
45,66,-3.243427e+003
45,67,-3.243428e+003
45,68,-3.243429e+003
45,69,-3.243429e+003
45,70,-3.243429e+003
45,71,-3.243430e+003
45,72,-3.243430e+003
45,73,-3.243430e+003
45,74,-3.243430e+003
45,75,-3.243430e+003
45,76,-3.243430e+003
45,77,-3.243430e+003
45,78,-3.243430e+003
45,79,-3.243430e+003
45,80,-3.243424e+003
45,81,-3.243424e+003
45,82,-3.243424e+003
45,83,-3.243424e+003
45,84,-3.243424e+003
45,85,-3.243424e+003
45,86,-3.243424e+003
45,87,-3.243424e+003
45,88,-3.243424e+003
45,89,-3.243424e+003
45,90,-3.243424e+003
45,91,-3.243424e+003
45,92,-3.243431e+003
45,93,-3.243431e+003
45,94,-3.243431e+003
45,95,-3.243431e+003
45,96,-3.243431e+003
45,97,-3.243431e+003
45,98,-3.243431e+003
45,99,-3.243431e+003
45,100,-3.243431e+003
45,101,-3.243431e+003
45,102,-3.243431e+003
45,103,-3.243431e+003
45,104,-3.243431e+003
45,105,-3.243431e+003
45,106,-3.243431e+003
45,107,-3.243431e+003
45,108,-3.243431e+003
45,109,-3.243431e+003
45,110,-3.243431e+003
45,111,-3.243431e+003
45,112,-3.243431e+003
45,113,-3.243431e+003
45,114,-3.243431e+003
45,115,-3.243431e+003
45,116,-3.243431e+003
45,117,-3.243431e+003
45,118,-3.243431e+003
45,119,-3.243431e+003
45,120,-3.243431e+003
45,121,-3.243431e+003
45,122,-3.243431e+003
45,123,-3.243431e+003
45,124,-3.243431e+003
45,125,-3.243431e+003
45,126,-3.243431e+003
45,127,-3.243431e+003
45,128,-3.243431e+003
45,129,-3.243431e+003
45,130,-3.243431e+003
45,131,-3.243431e+003
45,132,-3.243431e+003
45,133,-3.243431e+003
45,134,-3.243431e+003
45,135,-3.243431e+003
45,136,-3.243431e+003
45,137,-3.243431e+003
45,138,-3.243431e+003
45,139,-3.243431e+003
45,140,-3.243431e+003
45,141,-3.243431e+003
45,142,-3.243431e+003
45,143,-3.243431e+003
45,144,-3.243431e+003
45,145,-3.243431e+003
45,146,-3.243431e+003
45,147,-3.243431e+003
45,148,-3.243431e+003
45,149,-3.243431e+003
45,150,-3.243431e+003
45,151,-3.243431e+003
45,152,-3.243431e+003
45,153,-3.243431e+003
45,154,-3.243431e+003
45,155,-3.243431e+003
45,156,-3.243431e+003
45,157,-3.243431e+003
45,158,-3.243431e+003
45,159,-3.243431e+003
46,0,-3.218018e+003
46,1,-3.218018e+003
46,2,-3.218018e+003
46,3,-3.218018e+003
46,4,-3.218018e+003
46,5,-3.218018e+003
46,6,-3.218018e+003
46,7,-3.218018e+003
46,8,-3.218018e+003
46,9,-3.218018e+003
46,10,-3.218018e+003
46,11,-3.218018e+003
46,12,-3.218018e+003
46,13,-3.218018e+003
46,14,-3.218018e+003
46,15,-3.218018e+003
46,16,-3.218018e+003
46,17,-3.218018e+003
46,18,-3.218018e+003
46,19,-3.218018e+003
46,20,-3.218018e+003
46,21,-3.218018e+003
47,0,-3.189275e+003
47,1,-3.189275e+003
47,2,-3.189275e+003
47,3,-3.189275e+003
47,4,-3.189275e+003
47,5,-3.189275e+003
47,6,-3.189275e+003
47,7,-3.189275e+003
47,8,-3.189275e+003
47,9,-3.189275e+003
47,10,-3.189275e+003
47,11,-3.189275e+003
47,12,-3.189275e+003
47,13,-3.189275e+003
47,14,-3.189275e+003
47,15,-3.189275e+003
47,16,-3.189275e+003
47,17,-3.189275e+003
47,18,-3.189275e+003
47,19,-3.189275e+003
47,20,-3.189275e+003
47,21,-3.189275e+003
48,0,-3.158314e+003
48,1,-3.158314e+003
48,2,-3.158314e+003
48,3,-3.158314e+003
48,4,-3.162423e+003
48,5,-3.166382e+003
48,6,-3.169023e+003
48,7,-3.172052e+003
48,8,-3.173291e+003
48,9,-3.173618e+003
48,10,-3.173763e+003
48,11,-3.173945e+003
48,12,-3.174006e+003
48,13,-3.174051e+003
48,14,-3.174083e+003
48,15,-3.174099e+003
48,16,-3.174108e+003
48,17,-3.174114e+003
48,18,-3.174117e+003
48,19,-3.174118e+003
48,20,-3.174121e+003
48,21,-3.174123e+003
48,22,-3.174125e+003
48,23,-3.174126e+003
48,24,-3.174127e+003
48,25,-3.174129e+003
48,26,-3.174130e+003
48,27,-3.174081e+003
48,28,-3.174082e+003
48,29,-3.174083e+003
48,30,-3.174085e+003
48,31,-3.174036e+003
48,32,-3.174037e+003
48,33,-3.174038e+003
48,34,-3.174039e+003
48,35,-3.174040e+003
48,36,-3.174041e+003
48,37,-3.174042e+003
48,38,-3.174043e+003
48,39,-3.174044e+003
48,40,-3.174044e+003
48,41,-3.174045e+003
48,42,-3.174045e+003
48,43,-3.174046e+003
48,44,-3.174047e+003
48,45,-3.174048e+003
48,46,-3.174048e+003
48,47,-3.174049e+003
48,48,-3.174051e+003
48,49,-3.174052e+003
48,50,-3.174054e+003
48,51,-3.174057e+003
48,52,-3.174160e+003
48,53,-3.174066e+003
48,54,-3.174068e+003
48,55,-3.174070e+003
48,56,-3.174071e+003
48,57,-3.174072e+003
48,58,-3.174074e+003
48,59,-3.174074e+003
48,60,-3.174075e+003
48,61,-3.174075e+003
48,62,-3.174076e+003
48,63,-3.174076e+003
48,64,-3.174076e+003
48,65,-3.174076e+003
48,66,-3.174076e+003
48,67,-3.174077e+003
48,68,-3.174077e+003
48,69,-3.174077e+003
48,70,-3.174077e+003
48,71,-3.174077e+003
48,72,-3.174077e+003
48,73,-3.174077e+003
48,74,-3.174077e+003
48,75,-3.174077e+003
48,76,-3.174077e+003
48,77,-3.174077e+003
48,78,-3.174077e+003
48,79,-3.174077e+003
48,80,-3.174077e+003
48,81,-3.174077e+003
48,82,-3.174077e+003
48,83,-3.174077e+003
48,84,-3.174077e+003
48,85,-3.174077e+003
48,86,-3.174077e+003
48,87,-3.174077e+003
48,88,-3.174077e+003
48,89,-3.174077e+003
48,90,-3.174077e+003
48,91,-3.174077e+003
48,92,-3.174077e+003
48,93,-3.174077e+003
48,94,-3.174077e+003
48,95,-3.174077e+003
48,96,-3.174077e+003
48,97,-3.174077e+003
48,98,-3.174077e+003
48,99,-3.174077e+003
48,100,-3.174077e+003
48,101,-3.174077e+003
48,102,-3.174077e+003
48,103,-3.174077e+003
48,104,-3.174077e+003
48,105,-3.174077e+003
48,106,-3.174077e+003
48,107,-3.174077e+003
48,108,-3.174077e+003
48,109,-3.174077e+003
48,110,-3.174077e+003
48,111,-3.174077e+003
48,112,-3.174077e+003
48,113,-3.174077e+003
48,114,-3.174077e+003
48,115,-3.174077e+003
48,116,-3.174077e+003
48,117,-3.174077e+003
48,118,-3.174077e+003
48,119,-3.174077e+003
48,120,-3.174077e+003
48,121,-3.174077e+003
48,122,-3.174077e+003
49,0,-3.153084e+003
49,1,-3.153084e+003
49,2,-3.153084e+003
49,3,-3.153084e+003
49,4,-3.153084e+003
49,5,-3.153084e+003
49,6,-3.153084e+003
49,7,-3.153084e+003
49,8,-3.153084e+003
49,9,-3.153084e+003
49,10,-3.153084e+003
49,11,-3.153084e+003
49,12,-3.153084e+003
49,13,-3.153084e+003
49,14,-3.153084e+003
49,15,-3.153084e+003
49,16,-3.153084e+003
49,17,-3.153084e+003
49,18,-3.153084e+003
49,19,-3.153084e+003
49,20,-3.153084e+003
49,21,-3.153084e+003
50,0,-3.135104e+003
50,1,-3.135104e+003
50,2,-3.135104e+003
50,3,-3.135104e+003
50,4,-3.135104e+003
50,5,-3.135104e+003
50,6,-3.135104e+003
50,7,-3.135104e+003
50,8,-3.135104e+003
50,9,-3.135104e+003
50,10,-3.135104e+003
50,11,-3.135104e+003
50,12,-3.135104e+003
50,13,-3.135104e+003
50,14,-3.135104e+003
50,15,-3.135104e+003
50,16,-3.135104e+003
50,17,-3.135104e+003
50,18,-3.135104e+003
50,19,-3.135104e+003
50,20,-3.135104e+003
50,21,-3.135104e+003
51,0,-3.117280e+003
51,1,-3.117280e+003
51,2,-3.117280e+003
51,3,-3.117280e+003
51,4,-3.117280e+003
51,5,-3.117280e+003
51,6,-3.117280e+003
51,7,-3.117280e+003
51,8,-3.117280e+003
51,9,-3.117280e+003
51,10,-3.117280e+003
51,11,-3.117280e+003
51,12,-3.117280e+003
51,13,-3.117280e+003
51,14,-3.117280e+003
51,15,-3.117280e+003
51,16,-3.117280e+003
51,17,-3.117280e+003
51,18,-3.117280e+003
51,19,-3.117280e+003
51,20,-3.117280e+003
51,21,-3.117280e+003
52,0,-3.105542e+003
52,1,-3.105542e+003
52,2,-3.105542e+003
52,3,-3.105542e+003
52,4,-3.105542e+003
52,5,-3.105542e+003
52,6,-3.105542e+003
52,7,-3.105542e+003
52,8,-3.105542e+003
52,9,-3.105542e+003
52,10,-3.105542e+003
52,11,-3.105542e+003
52,12,-3.105542e+003
52,13,-3.105542e+003
52,14,-3.105542e+003
52,15,-3.109168e+003
52,16,-3.111797e+003
52,17,-3.112870e+003
52,18,-3.114693e+003
52,19,-3.115224e+003
52,20,-3.115562e+003
52,21,-3.115643e+003
52,22,-3.115879e+003
52,23,-3.115938e+003
52,24,-3.115912e+003
52,25,-3.115878e+003
52,26,-3.115898e+003
52,27,-3.115860e+003
52,28,-3.115867e+003
52,29,-3.115871e+003
52,30,-3.115924e+003
52,31,-3.115928e+003
52,32,-3.115932e+003
52,33,-3.115935e+003
52,34,-3.115937e+003
52,35,-3.115940e+003
52,36,-3.115941e+003
52,37,-3.115942e+003
52,38,-3.115944e+003
52,39,-3.115945e+003
52,40,-3.115947e+003
52,41,-3.116025e+003
52,42,-3.115977e+003
52,43,-3.115905e+003
52,44,-3.115908e+003
52,45,-3.115985e+003
52,46,-3.116063e+003
52,47,-3.116065e+003
52,48,-3.116068e+003
52,49,-3.116070e+003
52,50,-3.116072e+003
52,51,-3.116074e+003
52,52,-3.116075e+003
52,53,-3.116127e+003
52,54,-3.116128e+003
52,55,-3.116129e+003
52,56,-3.116131e+003
52,57,-3.116134e+003
52,58,-3.116137e+003
52,59,-3.116141e+003
52,60,-3.116144e+003
52,61,-3.116072e+003
52,62,-3.116076e+003
52,63,-3.116079e+003
52,64,-3.116082e+003
52,65,-3.116084e+003
52,66,-3.116086e+003
52,67,-3.116089e+003
52,68,-3.116092e+003
52,69,-3.116094e+003
52,70,-3.116095e+003
52,71,-3.116096e+003
52,72,-3.116097e+003
52,73,-3.116097e+003
52,74,-3.116098e+003
52,75,-3.116098e+003
52,76,-3.116098e+003
52,77,-3.116099e+003
52,78,-3.116099e+003
52,79,-3.116099e+003
52,80,-3.116099e+003
52,81,-3.116099e+003
52,82,-3.116099e+003
52,83,-3.116099e+003
52,84,-3.116099e+003
52,85,-3.116099e+003
52,86,-3.116024e+003
52,87,-3.116024e+003
52,88,-3.116024e+003
52,89,-3.116024e+003
52,90,-3.116024e+003
52,91,-3.116024e+003
52,92,-3.116024e+003
52,93,-3.116024e+003
52,94,-3.116024e+003
52,95,-3.116024e+003
52,96,-3.116024e+003
52,97,-3.116024e+003
52,98,-3.116024e+003
52,99,-3.116024e+003
52,100,-3.116024e+003
52,101,-3.116024e+003
52,102,-3.116024e+003
52,103,-3.116024e+003
52,104,-3.116024e+003
52,105,-3.116024e+003
52,106,-3.116024e+003
52,107,-3.116024e+003
52,108,-3.116024e+003
52,109,-3.116024e+003
52,110,-3.116024e+003
52,111,-3.116024e+003
52,112,-3.116024e+003
52,113,-3.116024e+003
52,114,-3.116024e+003
52,115,-3.116024e+003
53,0,-3.112189e+003
53,1,-3.112189e+003
53,2,-3.112189e+003
53,3,-3.112189e+003
53,4,-3.112189e+003
53,5,-3.112189e+003
53,6,-3.112189e+003
53,7,-3.112189e+003
53,8,-3.112189e+003
53,9,-3.112189e+003
53,10,-3.112189e+003
53,11,-3.112189e+003
53,12,-3.112189e+003
53,13,-3.112189e+003
53,14,-3.112189e+003
53,15,-3.112189e+003
53,16,-3.112189e+003
53,17,-3.112189e+003
53,18,-3.112189e+003
53,19,-3.112189e+003
53,20,-3.112189e+003
53,21,-3.112189e+003
54,0,-3.113406e+003
54,1,-3.113406e+003
54,2,-3.113406e+003
54,3,-3.113406e+003
54,4,-3.113406e+003
54,5,-3.113406e+003
54,6,-3.113406e+003
54,7,-3.113406e+003
54,8,-3.113406e+003
54,9,-3.113406e+003
54,10,-3.113406e+003
54,11,-3.113406e+003
54,12,-3.113406e+003
54,13,-3.113406e+003
54,14,-3.113406e+003
54,15,-3.113406e+003
54,16,-3.113406e+003
54,17,-3.113406e+003
54,18,-3.113406e+003
54,19,-3.113406e+003
54,20,-3.113406e+003
54,21,-3.113406e+003
55,0,-3.119242e+003
55,1,-3.119242e+003
55,2,-3.119242e+003
55,3,-3.119242e+003
55,4,-3.119242e+003
55,5,-3.119242e+003
55,6,-3.119242e+003
55,7,-3.119242e+003
55,8,-3.119242e+003
55,9,-3.119242e+003
55,10,-3.119242e+003
55,11,-3.119242e+003
55,12,-3.119242e+003
55,13,-3.119242e+003
55,14,-3.119242e+003
55,15,-3.119242e+003
55,16,-3.119242e+003
55,17,-3.119242e+003
55,18,-3.119242e+003
55,19,-3.119242e+003
55,20,-3.119242e+003
55,21,-3.119242e+003
56,0,-3.127427e+003
56,1,-3.127427e+003
56,2,-3.127427e+003
56,3,-3.127427e+003
56,4,-3.127427e+003
56,5,-3.127427e+003
56,6,-3.127427e+003
56,7,-3.127427e+003
56,8,-3.127427e+003
56,9,-3.127427e+003
56,10,-3.127427e+003
56,11,-3.127427e+003
56,12,-3.127427e+003
56,13,-3.127427e+003
56,14,-3.127427e+003
56,15,-3.127427e+003
56,16,-3.127427e+003
56,17,-3.127427e+003
56,18,-3.127427e+003
56,19,-3.127427e+003
56,20,-3.127427e+003
56,21,-3.127427e+003
57,0,-3.140285e+003
57,1,-3.140285e+003
57,2,-3.140285e+003
57,3,-3.140285e+003
57,4,-3.140285e+003
57,5,-3.140285e+003
57,6,-3.140285e+003
57,7,-3.140285e+003
57,8,-3.140285e+003
57,9,-3.140285e+003
57,10,-3.140285e+003
57,11,-3.141471e+003
57,12,-3.143761e+003
57,13,-3.144839e+003
57,14,-3.146345e+003
57,15,-3.147547e+003
57,16,-3.148522e+003
57,17,-3.148850e+003
57,18,-3.149184e+003
57,19,-3.149285e+003
57,20,-3.149303e+003
57,21,-3.149303e+003
57,22,-3.149340e+003
57,23,-3.149371e+003
57,24,-3.149395e+003
57,25,-3.149406e+003
57,26,-3.149412e+003
57,27,-3.149416e+003
57,28,-3.149420e+003
57,29,-3.149423e+003
57,30,-3.149426e+003
57,31,-3.149428e+003
57,32,-3.149430e+003
57,33,-3.149431e+003
57,34,-3.149433e+003
57,35,-3.149434e+003
57,36,-3.149437e+003
57,37,-3.149516e+003
57,38,-3.149519e+003
57,39,-3.149524e+003
57,40,-3.149530e+003
57,41,-3.149610e+003
57,42,-3.149541e+003
57,43,-3.149545e+003
57,44,-3.149551e+003
57,45,-3.149555e+003
57,46,-3.149486e+003
57,47,-3.149493e+003
57,48,-3.149505e+003
57,49,-3.149515e+003
57,50,-3.149525e+003
57,51,-3.149596e+003
57,52,-3.149601e+003
57,53,-3.149529e+003
57,54,-3.149531e+003
57,55,-3.149533e+003
57,56,-3.149534e+003
57,57,-3.149535e+003
57,58,-3.149536e+003
57,59,-3.149537e+003
57,60,-3.149538e+003
57,61,-3.149540e+003
57,62,-3.149541e+003
57,63,-3.149542e+003
57,64,-3.149543e+003
57,65,-3.149544e+003
57,66,-3.149544e+003
57,67,-3.149545e+003
57,68,-3.149545e+003
57,69,-3.149546e+003
57,70,-3.149546e+003
57,71,-3.149547e+003
57,72,-3.149547e+003
57,73,-3.149472e+003
57,74,-3.149472e+003
57,75,-3.149472e+003
57,76,-3.149473e+003
57,77,-3.149473e+003
57,78,-3.149473e+003
57,79,-3.149473e+003
57,80,-3.149473e+003
57,81,-3.149473e+003
57,82,-3.149473e+003
57,83,-3.149473e+003
57,84,-3.149473e+003
57,85,-3.149473e+003
57,86,-3.149473e+003
57,87,-3.149473e+003
57,88,-3.149473e+003
57,89,-3.149473e+003
57,90,-3.149473e+003
57,91,-3.149473e+003
57,92,-3.149473e+003
57,93,-3.149473e+003
57,94,-3.149473e+003
57,95,-3.149473e+003
57,96,-3.149473e+003
57,97,-3.149473e+003
57,98,-3.149473e+003
57,99,-3.149473e+003
57,100,-3.149473e+003
57,101,-3.149473e+003
57,102,-3.149473e+003
57,103,-3.149473e+003
57,104,-3.149473e+003
57,105,-3.149473e+003
57,106,-3.149473e+003
57,107,-3.149473e+003
57,108,-3.149473e+003
57,109,-3.149473e+003
57,110,-3.149473e+003
57,111,-3.149473e+003
57,112,-3.149473e+003
57,113,-3.149473e+003
57,114,-3.149473e+003
57,115,-3.149473e+003
57,116,-3.149473e+003
57,117,-3.149473e+003
57,118,-3.149473e+003
57,119,-3.149473e+003
57,120,-3.149473e+003
57,121,-3.149398e+003
57,122,-3.149398e+003
57,123,-3.149398e+003
57,124,-3.149398e+003
57,125,-3.149398e+003
57,126,-3.149398e+003
57,127,-3.149398e+003
57,128,-3.149398e+003
57,129,-3.149398e+003
57,130,-3.149398e+003
57,131,-3.149398e+003
57,132,-3.149398e+003
57,133,-3.149398e+003
57,134,-3.149398e+003
57,135,-3.149398e+003
57,136,-3.149398e+003
57,137,-3.149398e+003
57,138,-3.149398e+003
57,139,-3.149398e+003
57,140,-3.149398e+003
57,141,-3.149398e+003
57,142,-3.149398e+003
57,143,-3.149398e+003
57,144,-3.149398e+003
57,145,-3.149398e+003
57,146,-3.149398e+003
57,147,-3.149398e+003
57,148,-3.149398e+003
57,149,-3.149398e+003
57,150,-3.149398e+003
57,151,-3.149398e+003
57,152,-3.149398e+003
57,153,-3.149398e+003
57,154,-3.149398e+003
57,155,-3.149398e+003
57,156,-3.149398e+003
57,157,-3.149398e+003
57,158,-3.149398e+003
57,159,-3.149398e+003
57,160,-3.149398e+003
57,161,-3.149398e+003
57,162,-3.149398e+003
57,163,-3.149398e+003
57,164,-3.149398e+003
58,0,-3.168789e+003
58,1,-3.168789e+003
58,2,-3.168789e+003
58,3,-3.168789e+003
58,4,-3.168789e+003
58,5,-3.168789e+003
58,6,-3.168789e+003
58,7,-3.168789e+003
58,8,-3.168789e+003
58,9,-3.168789e+003
58,10,-3.168789e+003
58,11,-3.168789e+003
58,12,-3.168789e+003
58,13,-3.168789e+003
58,14,-3.168789e+003
58,15,-3.168789e+003
58,16,-3.168789e+003
58,17,-3.168789e+003
58,18,-3.168789e+003
58,19,-3.168789e+003
58,20,-3.168789e+003
58,21,-3.168789e+003
59,0,-3.188400e+003
59,1,-3.188400e+003
59,2,-3.188400e+003
59,3,-3.188400e+003
59,4,-3.188400e+003
59,5,-3.188400e+003
59,6,-3.188400e+003
59,7,-3.188400e+003
59,8,-3.188400e+003
59,9,-3.188400e+003
59,10,-3.188400e+003
59,11,-3.188400e+003
59,12,-3.188400e+003
59,13,-3.188400e+003
59,14,-3.188400e+003
59,15,-3.188400e+003
59,16,-3.188400e+003
59,17,-3.188400e+003
59,18,-3.188400e+003
59,19,-3.188400e+003
59,20,-3.188400e+003
59,21,-3.188400e+003
60,0,-3.207834e+003
60,1,-3.207834e+003
60,2,-3.210233e+003
60,3,-3.212552e+003
60,4,-3.214911e+003
60,5,-3.217309e+003
60,6,-3.218556e+003
60,7,-3.219185e+003
60,8,-3.219750e+003
60,9,-3.220030e+003
60,10,-3.220172e+003
60,11,-3.220308e+003
60,12,-3.220403e+003
60,13,-3.220501e+003
60,14,-3.220486e+003
60,15,-3.220510e+003
60,16,-3.220451e+003
60,17,-3.220463e+003
60,18,-3.220481e+003
60,19,-3.220487e+003
60,20,-3.220490e+003
60,21,-3.220492e+003
60,22,-3.220493e+003
60,23,-3.220494e+003
60,24,-3.220495e+003
60,25,-3.220496e+003
60,26,-3.220496e+003
60,27,-3.220497e+003
60,28,-3.220498e+003
60,29,-3.220493e+003
60,30,-3.220494e+003
60,31,-3.220495e+003
60,32,-3.220496e+003
60,33,-3.220506e+003
60,34,-3.220509e+003
60,35,-3.220512e+003
60,36,-3.220513e+003
60,37,-3.220566e+003
60,38,-3.220378e+003
60,39,-3.220380e+003
60,40,-3.220381e+003
60,41,-3.220384e+003
60,42,-3.220386e+003
60,43,-3.220381e+003
60,44,-3.220383e+003
60,45,-3.220392e+003
60,46,-3.220394e+003
60,47,-3.220389e+003
60,48,-3.220391e+003
60,49,-3.220391e+003
60,50,-3.220392e+003
60,51,-3.220393e+003
60,52,-3.220394e+003
60,53,-3.220345e+003
60,54,-3.220346e+003
60,55,-3.220347e+003
60,56,-3.220348e+003
60,57,-3.220349e+003
60,58,-3.220350e+003
60,59,-3.220300e+003
60,60,-3.220301e+003
60,61,-3.220301e+003
60,62,-3.220302e+003
60,63,-3.220302e+003
60,64,-3.220302e+003
60,65,-3.220309e+003
60,66,-3.220309e+003
60,67,-3.220309e+003
60,68,-3.220309e+003
60,69,-3.220309e+003
60,70,-3.220310e+003
60,71,-3.220310e+003
60,72,-3.220310e+003
60,73,-3.220310e+003
60,74,-3.220310e+003
60,75,-3.220310e+003
60,76,-3.220310e+003
60,77,-3.220310e+003
60,78,-3.220310e+003
61,0,-3.245120e+003
61,1,-3.245120e+003
61,2,-3.245120e+003
61,3,-3.245120e+003
61,4,-3.245120e+003
61,5,-3.245120e+003
61,6,-3.245120e+003
61,7,-3.245120e+003
61,8,-3.245120e+003
61,9,-3.245120e+003
61,10,-3.245120e+003
61,11,-3.245120e+003
61,12,-3.245120e+003
61,13,-3.245120e+003
61,14,-3.245120e+003
61,15,-3.245120e+003
61,16,-3.245120e+003
61,17,-3.245120e+003
61,18,-3.245120e+003
61,19,-3.245120e+003
61,20,-3.245120e+003
61,21,-3.245120e+003
62,0,-3.265143e+003
62,1,-3.266740e+003
62,2,-3.267741e+003
62,3,-3.268421e+003
62,4,-3.269762e+003
62,5,-3.270282e+003
62,6,-3.270601e+003
62,7,-3.270883e+003
62,8,-3.271223e+003
62,9,-3.271301e+003
62,10,-3.271386e+003
62,11,-3.271520e+003
62,12,-3.271629e+003
62,13,-3.271569e+003
62,14,-3.271583e+003
62,15,-3.271668e+003
62,16,-3.271677e+003
62,17,-3.271687e+003
62,18,-3.271694e+003
62,19,-3.271697e+003
62,20,-3.271699e+003
62,21,-3.271700e+003
62,22,-3.271701e+003
62,23,-3.271702e+003
62,24,-3.271702e+003
62,25,-3.271703e+003
62,26,-3.271704e+003
62,27,-3.271704e+003
62,28,-3.271705e+003
62,29,-3.271706e+003
62,30,-3.271706e+003
62,31,-3.271707e+003
62,32,-3.271708e+003
62,33,-3.271633e+003
62,34,-3.271634e+003
62,35,-3.271634e+003
62,36,-3.271635e+003
62,37,-3.271635e+003
62,38,-3.271635e+003
62,39,-3.271636e+003
62,40,-3.271636e+003
62,41,-3.271636e+003
62,42,-3.271636e+003
62,43,-3.271637e+003
62,44,-3.271637e+003
62,45,-3.271638e+003
62,46,-3.271638e+003
62,47,-3.271639e+003
62,48,-3.271639e+003
62,49,-3.271639e+003
62,50,-3.271640e+003
62,51,-3.271640e+003
62,52,-3.271640e+003
62,53,-3.271641e+003
62,54,-3.271643e+003
62,55,-3.271644e+003
62,56,-3.271645e+003
62,57,-3.271646e+003
62,58,-3.271647e+003
62,59,-3.271648e+003
62,60,-3.271649e+003
62,61,-3.271649e+003
62,62,-3.271650e+003
62,63,-3.271650e+003
62,64,-3.271650e+003
62,65,-3.271651e+003
62,66,-3.271651e+003
62,67,-3.271651e+003
62,68,-3.271651e+003
62,69,-3.271651e+003
62,70,-3.271651e+003
62,71,-3.271651e+003
62,72,-3.271651e+003
62,73,-3.271651e+003
62,74,-3.271651e+003
62,75,-3.271651e+003
62,76,-3.271651e+003
62,77,-3.271651e+003
62,78,-3.271651e+003
63,0,-3.292663e+003
63,1,-3.292663e+003
63,2,-3.292663e+003
63,3,-3.292663e+003
63,4,-3.292663e+003
63,5,-3.292663e+003
63,6,-3.292663e+003
63,7,-3.292663e+003
63,8,-3.292663e+003
63,9,-3.292663e+003
63,10,-3.292663e+003
63,11,-3.292663e+003
63,12,-3.292663e+003
63,13,-3.292663e+003
63,14,-3.292663e+003
63,15,-3.292663e+003
63,16,-3.292663e+003
63,17,-3.292663e+003
63,18,-3.292663e+003
63,19,-3.292663e+003
63,20,-3.292663e+003
63,21,-3.292663e+003
64,0,-3.309345e+003
64,1,-3.310220e+003
64,2,-3.310984e+003
64,3,-3.311668e+003
64,4,-3.311968e+003
64,5,-3.312239e+003
64,6,-3.312598e+003
64,7,-3.312825e+003
64,8,-3.312893e+003
64,9,-3.313045e+003
64,10,-3.313323e+003
64,11,-3.313345e+003
64,12,-3.313357e+003
64,13,-3.313292e+003
64,14,-3.313299e+003
64,15,-3.313305e+003
64,16,-3.313312e+003
64,17,-3.313317e+003
64,18,-3.313320e+003
64,19,-3.313322e+003
64,20,-3.313323e+003
64,21,-3.313324e+003
64,22,-3.313324e+003
64,23,-3.313325e+003
64,24,-3.313325e+003
64,25,-3.313326e+003
64,26,-3.313326e+003
64,27,-3.313327e+003
64,28,-3.313328e+003
64,29,-3.313328e+003
64,30,-3.313329e+003
64,31,-3.313329e+003
64,32,-3.313329e+003
64,33,-3.313330e+003
64,34,-3.313330e+003
64,35,-3.313330e+003
64,36,-3.313331e+003
64,37,-3.313331e+003
64,38,-3.313331e+003
64,39,-3.313331e+003
64,40,-3.313331e+003
64,41,-3.313331e+003
64,42,-3.313331e+003
64,43,-3.313331e+003
64,44,-3.313331e+003
64,45,-3.313331e+003
64,46,-3.313331e+003
64,47,-3.313332e+003
64,48,-3.313332e+003
64,49,-3.313332e+003
64,50,-3.313332e+003
64,51,-3.313332e+003
64,52,-3.313332e+003
64,53,-3.313332e+003
64,54,-3.313333e+003
64,55,-3.313333e+003
64,56,-3.313333e+003
64,57,-3.313334e+003
64,58,-3.313334e+003
64,59,-3.313335e+003
64,60,-3.313335e+003
64,61,-3.313336e+003
64,62,-3.313336e+003
64,63,-3.313336e+003
64,64,-3.313336e+003
64,65,-3.313337e+003
64,66,-3.313337e+003
64,67,-3.313337e+003
64,68,-3.313337e+003
64,69,-3.313337e+003
64,70,-3.313337e+003
64,71,-3.313337e+003
64,72,-3.313337e+003
64,73,-3.313337e+003
64,74,-3.313337e+003
64,75,-3.313337e+003
64,76,-3.313337e+003
64,77,-3.313337e+003
64,78,-3.313337e+003
64,79,-3.313337e+003
64,80,-3.313337e+003
64,81,-3.313337e+003
64,82,-3.313337e+003
64,83,-3.313337e+003
64,84,-3.313337e+003
64,85,-3.313337e+003
64,86,-3.313337e+003
64,87,-3.313337e+003
64,88,-3.313337e+003
64,89,-3.313337e+003
64,90,-3.313337e+003
64,91,-3.313337e+003
64,92,-3.313337e+003
64,93,-3.313337e+003
64,94,-3.313337e+003
64,95,-3.313337e+003
64,96,-3.313337e+003
64,97,-3.313337e+003
64,98,-3.313337e+003
64,99,-3.313337e+003
64,100,-3.313337e+003
64,101,-3.313337e+003
64,102,-3.313337e+003
64,103,-3.313337e+003
64,104,-3.313337e+003
64,105,-3.313337e+003
64,106,-3.313337e+003
64,107,-3.313337e+003
64,108,-3.313337e+003
65,0,-3.328866e+003
65,1,-3.328866e+003
65,2,-3.328866e+003
65,3,-3.328866e+003
65,4,-3.328866e+003
65,5,-3.328866e+003
65,6,-3.328866e+003
65,7,-3.328866e+003
65,8,-3.328866e+003
65,9,-3.328866e+003
65,10,-3.328866e+003
65,11,-3.328866e+003
65,12,-3.328866e+003
65,13,-3.328866e+003
65,14,-3.328866e+003
65,15,-3.328866e+003
65,16,-3.328866e+003
65,17,-3.328866e+003
65,18,-3.328866e+003
65,19,-3.328866e+003
65,20,-3.328866e+003
65,21,-3.328866e+003
66,0,-3.341305e+003
66,1,-3.341305e+003
66,2,-3.341305e+003
66,3,-3.341305e+003
66,4,-3.341305e+003
66,5,-3.341305e+003
66,6,-3.341305e+003
66,7,-3.341305e+003
66,8,-3.341305e+003
66,9,-3.341305e+003
66,10,-3.341305e+003
66,11,-3.341305e+003
66,12,-3.341305e+003
66,13,-3.341305e+003
66,14,-3.341305e+003
66,15,-3.341305e+003
66,16,-3.341305e+003
66,17,-3.341305e+003
66,18,-3.341305e+003
66,19,-3.341305e+003
66,20,-3.341305e+003
66,21,-3.341305e+003
67,0,-3.349075e+003
67,1,-3.349075e+003
67,2,-3.349075e+003
67,3,-3.349075e+003
67,4,-3.349075e+003
67,5,-3.349075e+003
67,6,-3.349075e+003
67,7,-3.349075e+003
67,8,-3.349075e+003
67,9,-3.349075e+003
67,10,-3.349075e+003
67,11,-3.349075e+003
67,12,-3.349075e+003
67,13,-3.349075e+003
67,14,-3.349075e+003
67,15,-3.349075e+003
67,16,-3.349075e+003
67,17,-3.349075e+003
67,18,-3.349075e+003
67,19,-3.349075e+003
67,20,-3.349075e+003
67,21,-3.349075e+003
68,0,-3.355049e+003
68,1,-3.355049e+003
68,2,-3.355049e+003
68,3,-3.355049e+003
68,4,-3.355049e+003
68,5,-3.355049e+003
68,6,-3.355049e+003
68,7,-3.355049e+003
68,8,-3.355049e+003
68,9,-3.355049e+003
68,10,-3.355049e+003
68,11,-3.355049e+003
68,12,-3.355049e+003
68,13,-3.355049e+003
68,14,-3.355049e+003
68,15,-3.355049e+003
68,16,-3.355049e+003
68,17,-3.355049e+003
68,18,-3.355049e+003
68,19,-3.355049e+003
68,20,-3.355049e+003
68,21,-3.355049e+003
69,0,-3.359113e+003
69,1,-3.359113e+003
69,2,-3.359113e+003
69,3,-3.361345e+003
69,4,-3.362598e+003
69,5,-3.364054e+003
69,6,-3.365211e+003
69,7,-3.365739e+003
69,8,-3.366229e+003
69,9,-3.366798e+003
69,10,-3.367242e+003
69,11,-3.367391e+003
69,12,-3.367565e+003
69,13,-3.367666e+003
69,14,-3.367714e+003
69,15,-3.367738e+003
69,16,-3.367758e+003
69,17,-3.367768e+003
69,18,-3.367777e+003
69,19,-3.367786e+003
69,20,-3.367796e+003
69,21,-3.367801e+003
69,22,-3.367805e+003
69,23,-3.367808e+003
69,24,-3.367809e+003
69,25,-3.367810e+003
69,26,-3.367736e+003
69,27,-3.367737e+003
69,28,-3.367737e+003
69,29,-3.367663e+003
69,30,-3.367664e+003
69,31,-3.367740e+003
69,32,-3.367741e+003
69,33,-3.367741e+003
69,34,-3.367742e+003
69,35,-3.367743e+003
69,36,-3.367744e+003
69,37,-3.367745e+003
69,38,-3.367746e+003
69,39,-3.367746e+003
69,40,-3.367671e+003
69,41,-3.367671e+003
69,42,-3.367671e+003
69,43,-3.367671e+003
69,44,-3.367671e+003
69,45,-3.367671e+003
69,46,-3.367672e+003
69,47,-3.367672e+003
69,48,-3.367672e+003
69,49,-3.367672e+003
69,50,-3.367672e+003
69,51,-3.367673e+003
69,52,-3.367673e+003
69,53,-3.367674e+003
69,54,-3.367674e+003
69,55,-3.367674e+003
69,56,-3.367675e+003
69,57,-3.367675e+003
69,58,-3.367675e+003
69,59,-3.367676e+003
69,60,-3.367676e+003
69,61,-3.367677e+003
69,62,-3.367677e+003
69,63,-3.367753e+003
69,64,-3.367753e+003
69,65,-3.367754e+003
69,66,-3.367754e+003
69,67,-3.367754e+003
69,68,-3.367754e+003
69,69,-3.367754e+003
69,70,-3.367754e+003
69,71,-3.367755e+003
69,72,-3.367755e+003
69,73,-3.367755e+003
69,74,-3.367755e+003
69,75,-3.367755e+003
69,76,-3.367755e+003
69,77,-3.367755e+003
69,78,-3.367755e+003
69,79,-3.367755e+003
69,80,-3.367755e+003
69,81,-3.367755e+003
69,82,-3.367755e+003
69,83,-3.367755e+003
69,84,-3.367755e+003
69,85,-3.367755e+003
69,86,-3.367755e+003
69,87,-3.367755e+003
69,88,-3.367755e+003
69,89,-3.367755e+003
69,90,-3.367755e+003
69,91,-3.367755e+003
69,92,-3.367755e+003
69,93,-3.367755e+003
69,94,-3.367755e+003
69,95,-3.367755e+003
69,96,-3.367755e+003
69,97,-3.367755e+003
69,98,-3.367755e+003
69,99,-3.367755e+003
69,100,-3.367755e+003
69,101,-3.367755e+003
69,102,-3.367755e+003
69,103,-3.367755e+003
69,104,-3.367755e+003
69,105,-3.367755e+003
69,106,-3.367755e+003
69,107,-3.367755e+003
69,108,-3.367755e+003
69,109,-3.367755e+003
69,110,-3.367755e+003
69,111,-3.367755e+003
69,112,-3.367755e+003
69,113,-3.367755e+003
69,114,-3.367755e+003
69,115,-3.367755e+003
69,116,-3.367755e+003
69,117,-3.367755e+003
69,118,-3.367755e+003
69,119,-3.367755e+003
69,120,-3.367755e+003
69,121,-3.367755e+003
69,122,-3.367755e+003
69,123,-3.367755e+003
69,124,-3.367755e+003
69,125,-3.367755e+003
69,126,-3.367755e+003
69,127,-3.367755e+003
69,128,-3.367755e+003
69,129,-3.367755e+003
69,130,-3.367755e+003
69,131,-3.367755e+003
69,132,-3.367755e+003
69,133,-3.367755e+003
69,134,-3.367755e+003
69,135,-3.367755e+003
69,136,-3.367755e+003
69,137,-3.367755e+003
69,138,-3.367755e+003
69,139,-3.367755e+003
69,140,-3.367755e+003
69,141,-3.367755e+003
69,142,-3.367755e+003
69,143,-3.367755e+003
69,144,-3.367755e+003
69,145,-3.367755e+003
69,146,-3.367755e+003
69,147,-3.367755e+003
69,148,-3.367755e+003
69,149,-3.367755e+003
69,150,-3.367755e+003
69,151,-3.367755e+003
69,152,-3.367755e+003
69,153,-3.367755e+003
69,154,-3.367755e+003
69,155,-3.367755e+003
69,156,-3.367755e+003
69,157,-3.367755e+003
69,158,-3.367755e+003
69,159,-3.367755e+003
69,160,-3.367755e+003
69,161,-3.367755e+003
69,162,-3.367755e+003
69,163,-3.367755e+003
69,164,-3.367755e+003
69,165,-3.367755e+003
69,166,-3.367755e+003
69,167,-3.367755e+003
69,168,-3.367755e+003
69,169,-3.367755e+003
69,170,-3.367755e+003
69,171,-3.367755e+003
69,172,-3.367755e+003
69,173,-3.367755e+003
69,174,-3.367755e+003
69,175,-3.367755e+003
69,176,-3.367755e+003
69,177,-3.367755e+003
69,178,-3.367755e+003
69,179,-3.367755e+003
69,180,-3.367755e+003
69,181,-3.367755e+003
69,182,-3.367755e+003
69,183,-3.367755e+003
69,184,-3.367755e+003
69,185,-3.367755e+003
69,186,-3.367755e+003
70,0,-3.371638e+003
70,1,-3.371638e+003
70,2,-3.371638e+003
70,3,-3.371638e+003
70,4,-3.371638e+003
70,5,-3.371638e+003
70,6,-3.371638e+003
70,7,-3.371638e+003
70,8,-3.371638e+003
70,9,-3.371638e+003
70,10,-3.371638e+003
70,11,-3.371638e+003
70,12,-3.371638e+003
70,13,-3.371638e+003
70,14,-3.371638e+003
70,15,-3.371638e+003
70,16,-3.371658e+003
70,17,-3.371667e+003
70,18,-3.371675e+003
70,19,-3.371685e+003
70,20,-3.371689e+003
70,21,-3.371693e+003
70,22,-3.371773e+003
70,23,-3.371775e+003
70,24,-3.371776e+003
70,25,-3.371777e+003
70,26,-3.371778e+003
70,27,-3.371778e+003
70,28,-3.371779e+003
70,29,-3.371779e+003
70,30,-3.371779e+003
70,31,-3.371779e+003
70,32,-3.371779e+003
70,33,-3.371779e+003
70,34,-3.371779e+003
70,35,-3.371779e+003
70,36,-3.371779e+003
70,37,-3.371779e+003
70,38,-3.371779e+003
70,39,-3.371779e+003
70,40,-3.371779e+003
70,41,-3.371779e+003
70,42,-3.371779e+003
70,43,-3.371779e+003
70,44,-3.371779e+003
70,45,-3.371779e+003
70,46,-3.371779e+003
70,47,-3.371779e+003
70,48,-3.371779e+003
70,49,-3.371779e+003
70,50,-3.371779e+003
70,51,-3.371779e+003
70,52,-3.371779e+003
70,53,-3.371779e+003
70,54,-3.371779e+003
70,55,-3.371779e+003
70,56,-3.371779e+003
70,57,-3.371779e+003
70,58,-3.371779e+003
70,59,-3.371779e+003
70,60,-3.371779e+003
70,61,-3.371779e+003
70,62,-3.371779e+003
70,63,-3.371779e+003
70,64,-3.371779e+003
70,65,-3.371779e+003
70,66,-3.371779e+003
70,67,-3.371779e+003
70,68,-3.371779e+003
70,69,-3.371779e+003
70,70,-3.371779e+003
70,71,-3.371779e+003
70,72,-3.371779e+003
70,73,-3.371780e+003
70,74,-3.371780e+003
70,75,-3.371780e+003
70,76,-3.371780e+003
70,77,-3.371780e+003
70,78,-3.371780e+003
70,79,-3.371780e+003
70,80,-3.371780e+003
70,81,-3.371780e+003
70,82,-3.371780e+003
70,83,-3.371780e+003
70,84,-3.371780e+003
70,85,-3.371780e+003
70,86,-3.371780e+003
70,87,-3.371780e+003
70,88,-3.371780e+003
70,89,-3.371780e+003
70,90,-3.371780e+003
70,91,-3.371780e+003
70,92,-3.371780e+003
71,0,-3.374335e+003
71,1,-3.374335e+003
71,2,-3.374335e+003
71,3,-3.374335e+003
71,4,-3.374335e+003
71,5,-3.374335e+003
71,6,-3.374335e+003
71,7,-3.374335e+003
71,8,-3.374335e+003
71,9,-3.374335e+003
71,10,-3.374335e+003
71,11,-3.374335e+003
71,12,-3.374335e+003
71,13,-3.374335e+003
71,14,-3.374335e+003
71,15,-3.374335e+003
71,16,-3.374335e+003
71,17,-3.374335e+003
71,18,-3.374335e+003
71,19,-3.374335e+003
71,20,-3.374335e+003
71,21,-3.374335e+003
71,22,-3.374335e+003
71,23,-3.374341e+003
71,24,-3.374349e+003
71,25,-3.374352e+003
71,26,-3.374357e+003
71,27,-3.374360e+003
71,28,-3.374361e+003
71,29,-3.374363e+003
71,30,-3.374365e+003
71,31,-3.374366e+003
71,32,-3.374316e+003
71,33,-3.374316e+003
71,34,-3.374316e+003
71,35,-3.374317e+003
71,36,-3.374317e+003
71,37,-3.374241e+003
71,38,-3.374241e+003
71,39,-3.374242e+003
71,40,-3.374242e+003
71,41,-3.374242e+003
71,42,-3.374242e+003
71,43,-3.374242e+003
71,44,-3.374242e+003
71,45,-3.374242e+003
71,46,-3.374242e+003
71,47,-3.374242e+003
71,48,-3.374242e+003
71,49,-3.374242e+003
71,50,-3.374242e+003
71,51,-3.374242e+003
71,52,-3.374242e+003
71,53,-3.374242e+003
71,54,-3.374242e+003
71,55,-3.374242e+003
71,56,-3.374242e+003
71,57,-3.374242e+003
71,58,-3.374242e+003
71,59,-3.374242e+003
71,60,-3.374242e+003
71,61,-3.374242e+003
71,62,-3.374242e+003
71,63,-3.374242e+003
71,64,-3.374242e+003
72,0,-3.375817e+003
72,1,-3.375817e+003
72,2,-3.375817e+003
72,3,-3.375817e+003
72,4,-3.375817e+003
72,5,-3.375817e+003
72,6,-3.375817e+003
72,7,-3.375817e+003
72,8,-3.375817e+003
72,9,-3.375817e+003
72,10,-3.375817e+003
72,11,-3.375817e+003
72,12,-3.375817e+003
72,13,-3.375817e+003
72,14,-3.375817e+003
72,15,-3.375817e+003
72,16,-3.375817e+003
72,17,-3.375817e+003
72,18,-3.375817e+003
72,19,-3.375817e+003
72,20,-3.375817e+003
72,21,-3.375817e+003
72,22,-3.375817e+003
72,23,-3.375817e+003
72,24,-3.375817e+003
72,25,-3.375817e+003
72,26,-3.375817e+003
72,27,-3.375817e+003
72,28,-3.375817e+003
72,29,-3.375817e+003
72,30,-3.375817e+003
72,31,-3.375817e+003
72,32,-3.375817e+003
72,33,-3.375817e+003
72,34,-3.375817e+003
72,35,-3.375817e+003
72,36,-3.375817e+003
72,37,-3.375892e+003
72,38,-3.375892e+003
72,39,-3.375892e+003
72,40,-3.375892e+003
72,41,-3.375892e+003
72,42,-3.375892e+003
72,43,-3.375892e+003
72,44,-3.375892e+003
72,45,-3.375892e+003
72,46,-3.375892e+003
72,47,-3.375892e+003
72,48,-3.375892e+003
72,49,-3.375892e+003
72,50,-3.375892e+003
72,51,-3.375892e+003
72,52,-3.375892e+003
72,53,-3.375892e+003
72,54,-3.375892e+003
72,55,-3.375892e+003
72,56,-3.375892e+003
72,57,-3.375892e+003
72,58,-3.375895e+003
72,59,-3.375898e+003
72,60,-3.375900e+003
72,61,-3.375902e+003
72,62,-3.375903e+003
72,63,-3.375904e+003
72,64,-3.375905e+003
72,65,-3.375906e+003
72,66,-3.375906e+003
72,67,-3.375906e+003
72,68,-3.375907e+003
72,69,-3.375907e+003
72,70,-3.375907e+003
72,71,-3.375907e+003
72,72,-3.375907e+003
72,73,-3.375907e+003
72,74,-3.375907e+003
72,75,-3.375907e+003
72,76,-3.375907e+003
72,77,-3.375907e+003
72,78,-3.375907e+003
72,79,-3.375907e+003
72,80,-3.375907e+003
72,81,-3.375907e+003
72,82,-3.375907e+003
72,83,-3.375907e+003
72,84,-3.375907e+003
72,85,-3.375907e+003
72,86,-3.375907e+003
72,87,-3.375907e+003
72,88,-3.375907e+003
72,89,-3.375907e+003
72,90,-3.375907e+003
72,91,-3.375907e+003
72,92,-3.375907e+003
72,93,-3.375907e+003
72,94,-3.375907e+003
72,95,-3.375907e+003
72,96,-3.375907e+003
72,97,-3.375907e+003
72,98,-3.375907e+003
73,0,-3.376406e+003
73,1,-3.376406e+003
73,2,-3.376406e+003
73,3,-3.376406e+003
73,4,-3.376406e+003
73,5,-3.376406e+003
73,6,-3.376406e+003
73,7,-3.376406e+003
73,8,-3.376406e+003
73,9,-3.376406e+003
73,10,-3.376406e+003
73,11,-3.376406e+003
73,12,-3.376406e+003
73,13,-3.376406e+003
73,14,-3.376406e+003
73,15,-3.376406e+003
73,16,-3.376406e+003
73,17,-3.376406e+003
73,18,-3.376406e+003
73,19,-3.376406e+003
73,20,-3.376406e+003
73,21,-3.376406e+003
74,0,-3.376294e+003
74,1,-3.376294e+003
74,2,-3.376294e+003
74,3,-3.376294e+003
74,4,-3.376294e+003
74,5,-3.376294e+003
74,6,-3.376294e+003
74,7,-3.376294e+003
74,8,-3.376294e+003
74,9,-3.376294e+003
74,10,-3.376294e+003
74,11,-3.376294e+003
74,12,-3.376294e+003
74,13,-3.376294e+003
74,14,-3.376294e+003
74,15,-3.376294e+003
74,16,-3.376294e+003
74,17,-3.376294e+003
74,18,-3.376294e+003
74,19,-3.376294e+003
74,20,-3.376294e+003
74,21,-3.376294e+003
74,22,-3.376294e+003
74,23,-3.376294e+003
74,24,-3.376294e+003
74,25,-3.376294e+003
74,26,-3.376294e+003
74,27,-3.376294e+003
74,28,-3.376294e+003
74,29,-3.376294e+003
74,30,-3.376294e+003
74,31,-3.376294e+003
74,32,-3.376294e+003
74,33,-3.376294e+003
74,34,-3.376294e+003
74,35,-3.376294e+003
74,36,-3.376294e+003
74,37,-3.376298e+003
74,38,-3.376300e+003
74,39,-3.376302e+003
74,40,-3.376304e+003
74,41,-3.376305e+003
74,42,-3.376306e+003
74,43,-3.376307e+003
74,44,-3.376308e+003
74,45,-3.376308e+003
74,46,-3.376309e+003
74,47,-3.376309e+003
74,48,-3.376309e+003
74,49,-3.376309e+003
74,50,-3.376309e+003
74,51,-3.376309e+003
74,52,-3.376309e+003
74,53,-3.376309e+003
74,54,-3.376309e+003
74,55,-3.376309e+003
74,56,-3.376309e+003
74,57,-3.376309e+003
74,58,-3.376310e+003
74,59,-3.376310e+003
74,60,-3.376310e+003
74,61,-3.376310e+003
74,62,-3.376310e+003
74,63,-3.376310e+003
74,64,-3.376310e+003
74,65,-3.376310e+003
74,66,-3.376310e+003
74,67,-3.376310e+003
74,68,-3.376310e+003
74,69,-3.376310e+003
74,70,-3.376310e+003
74,71,-3.376310e+003
74,72,-3.376310e+003
74,73,-3.376310e+003
74,74,-3.376310e+003
74,75,-3.376310e+003
75,0,-3.376437e+003
75,1,-3.376437e+003
75,2,-3.376437e+003
75,3,-3.376437e+003
75,4,-3.376437e+003
75,5,-3.376437e+003
75,6,-3.376437e+003
75,7,-3.376437e+003
75,8,-3.376437e+003
75,9,-3.376437e+003
75,10,-3.376437e+003
75,11,-3.376437e+003
75,12,-3.376437e+003
75,13,-3.376437e+003
75,14,-3.376437e+003
75,15,-3.376437e+003
75,16,-3.376437e+003
75,17,-3.376437e+003
75,18,-3.376437e+003
75,19,-3.376437e+003
75,20,-3.376437e+003
75,21,-3.376437e+003
75,22,-3.376437e+003
75,23,-3.376437e+003
75,24,-3.376437e+003
75,25,-3.376437e+003
75,26,-3.376437e+003
75,27,-3.376437e+003
75,28,-3.376437e+003
75,29,-3.376437e+003
75,30,-3.376437e+003
75,31,-3.376437e+003
75,32,-3.376437e+003
75,33,-3.376437e+003
75,34,-3.376437e+003
75,35,-3.376437e+003
75,36,-3.376437e+003
75,37,-3.376437e+003
75,38,-3.376437e+003
75,39,-3.376437e+003
75,40,-3.376437e+003
75,41,-3.376437e+003
75,42,-3.376437e+003
75,43,-3.376437e+003
75,44,-3.376437e+003
75,45,-3.376437e+003
75,46,-3.376437e+003
75,47,-3.376437e+003
75,48,-3.376437e+003
75,49,-3.376437e+003
75,50,-3.376437e+003
75,51,-3.376437e+003
75,52,-3.376437e+003
75,53,-3.376437e+003
75,54,-3.376437e+003
75,55,-3.376437e+003
75,56,-3.376437e+003
75,57,-3.376437e+003
75,58,-3.376437e+003
75,59,-3.376437e+003
75,60,-3.376437e+003
75,61,-3.376437e+003
75,62,-3.376437e+003
75,63,-3.376438e+003
75,64,-3.376438e+003
75,65,-3.376438e+003
75,66,-3.376438e+003
75,67,-3.376438e+003
75,68,-3.376438e+003
75,69,-3.376438e+003
75,70,-3.376438e+003
75,71,-3.376438e+003
75,72,-3.376438e+003
75,73,-3.376438e+003
75,74,-3.376438e+003
75,75,-3.376438e+003
75,76,-3.376438e+003
75,77,-3.376438e+003
75,78,-3.376438e+003
75,79,-3.376438e+003
75,80,-3.376438e+003
75,81,-3.376438e+003
75,82,-3.376438e+003
75,83,-3.376438e+003
75,84,-3.376438e+003
75,85,-3.376438e+003
75,86,-3.376438e+003
75,87,-3.376438e+003
75,88,-3.376438e+003
75,89,-3.376438e+003
75,90,-3.376438e+003
76,0,-3.378267e+003
76,1,-3.378267e+003
76,2,-3.378267e+003
76,3,-3.378267e+003
76,4,-3.378267e+003
76,5,-3.378267e+003
76,6,-3.378267e+003
76,7,-3.378267e+003
76,8,-3.378267e+003
76,9,-3.378267e+003
76,10,-3.378267e+003
76,11,-3.378267e+003
76,12,-3.378267e+003
76,13,-3.378267e+003
76,14,-3.378267e+003
76,15,-3.378267e+003
76,16,-3.378267e+003
76,17,-3.378267e+003
76,18,-3.378267e+003
76,19,-3.378267e+003
76,20,-3.378267e+003
76,21,-3.378267e+003
77,0,-3.378106e+003
77,1,-3.378106e+003
77,2,-3.378106e+003
77,3,-3.378106e+003
77,4,-3.378106e+003
77,5,-3.378106e+003
77,6,-3.378106e+003
77,7,-3.378106e+003
77,8,-3.378106e+003
77,9,-3.378106e+003
77,10,-3.378106e+003
77,11,-3.378106e+003
77,12,-3.378106e+003
77,13,-3.378106e+003
77,14,-3.378106e+003
77,15,-3.378106e+003
77,16,-3.378106e+003
77,17,-3.378106e+003
77,18,-3.378106e+003
77,19,-3.378106e+003
77,20,-3.378106e+003
77,21,-3.378106e+003
78,0,-3.377945e+003
78,1,-3.377945e+003
78,2,-3.377945e+003
78,3,-3.377945e+003
78,4,-3.377945e+003
78,5,-3.377945e+003
78,6,-3.377945e+003
78,7,-3.377945e+003
78,8,-3.377945e+003
78,9,-3.377945e+003
78,10,-3.377945e+003
78,11,-3.377945e+003
78,12,-3.377945e+003
78,13,-3.377945e+003
78,14,-3.377945e+003
78,15,-3.377945e+003
78,16,-3.377945e+003
78,17,-3.377945e+003
78,18,-3.377945e+003
78,19,-3.377945e+003
78,20,-3.377945e+003
78,21,-3.377945e+003
79,0,-3.377718e+003
79,1,-3.377718e+003
79,2,-3.377718e+003
79,3,-3.377718e+003
79,4,-3.377719e+003
79,5,-3.377719e+003
79,6,-3.377719e+003
79,7,-3.377719e+003
79,8,-3.377719e+003
79,9,-3.377719e+003
79,10,-3.377719e+003
79,11,-3.377719e+003
79,12,-3.377719e+003
79,13,-3.377719e+003
79,14,-3.377719e+003
79,15,-3.377719e+003
79,16,-3.377719e+003
79,17,-3.377719e+003
79,18,-3.377719e+003
79,19,-3.377719e+003
79,20,-3.377719e+003
79,21,-3.377719e+003
79,22,-3.377719e+003
79,23,-3.377719e+003
79,24,-3.377719e+003
79,25,-3.377719e+003
79,26,-3.377719e+003
79,27,-3.377719e+003
79,28,-3.377719e+003
79,29,-3.377719e+003
79,30,-3.377719e+003
79,31,-3.377719e+003
79,32,-3.377719e+003
80,0,-3.377442e+003
80,1,-3.377442e+003
80,2,-3.377442e+003
80,3,-3.377442e+003
80,4,-3.377442e+003
80,5,-3.377442e+003
80,6,-3.377442e+003
80,7,-3.377442e+003
80,8,-3.377442e+003
80,9,-3.377442e+003
80,10,-3.377442e+003
80,11,-3.377442e+003
80,12,-3.377442e+003
80,13,-3.377442e+003
80,14,-3.377442e+003
80,15,-3.377442e+003
80,16,-3.377442e+003
80,17,-3.377442e+003
80,18,-3.377442e+003
80,19,-3.377442e+003
80,20,-3.377442e+003
80,21,-3.377442e+003
81,0,-3.377696e+003
81,1,-3.377696e+003
81,2,-3.377696e+003
81,3,-3.377696e+003
81,4,-3.377696e+003
81,5,-3.377696e+003
81,6,-3.377696e+003
81,7,-3.377696e+003
81,8,-3.377696e+003
81,9,-3.377696e+003
81,10,-3.377696e+003
81,11,-3.377696e+003
81,12,-3.377696e+003
81,13,-3.377696e+003
81,14,-3.377696e+003
81,15,-3.377696e+003
81,16,-3.377696e+003
81,17,-3.377696e+003
81,18,-3.377696e+003
81,19,-3.377696e+003
81,20,-3.377696e+003
81,21,-3.377696e+003
82,0,-3.378834e+003
82,1,-3.378834e+003
82,2,-3.378834e+003
82,3,-3.378834e+003
82,4,-3.378834e+003
82,5,-3.378834e+003
82,6,-3.378834e+003
82,7,-3.378834e+003
82,8,-3.378834e+003
82,9,-3.378834e+003
82,10,-3.378834e+003
82,11,-3.378834e+003
82,12,-3.378834e+003
82,13,-3.378834e+003
82,14,-3.378834e+003
82,15,-3.378834e+003
82,16,-3.378834e+003
82,17,-3.378834e+003
82,18,-3.378834e+003
82,19,-3.378834e+003
82,20,-3.378834e+003
82,21,-3.378834e+003
83,0,-3.378637e+003
83,1,-3.378637e+003
83,2,-3.378637e+003
83,3,-3.378637e+003
83,4,-3.378637e+003
83,5,-3.378637e+003
83,6,-3.378637e+003
83,7,-3.378637e+003
83,8,-3.378637e+003
83,9,-3.378637e+003
83,10,-3.378637e+003
83,11,-3.378637e+003
83,12,-3.378637e+003
83,13,-3.378637e+003
83,14,-3.378637e+003
83,15,-3.378637e+003
83,16,-3.378637e+003
83,17,-3.378637e+003
83,18,-3.378637e+003
83,19,-3.378637e+003
83,20,-3.378637e+003
83,21,-3.378637e+003
83,22,-3.378637e+003
84,0,-3.378416e+003
84,1,-3.378416e+003
84,2,-3.378416e+003
84,3,-3.378416e+003
84,4,-3.378416e+003
84,5,-3.378416e+003
84,6,-3.378416e+003
84,7,-3.378416e+003
84,8,-3.378416e+003
84,9,-3.378416e+003
84,10,-3.378416e+003
84,11,-3.378416e+003
84,12,-3.378416e+003
84,13,-3.378416e+003
84,14,-3.378416e+003
84,15,-3.378416e+003
84,16,-3.378416e+003
84,17,-3.378416e+003
84,18,-3.378416e+003
84,19,-3.378416e+003
84,20,-3.378416e+003
84,21,-3.378416e+003
85,0,-3.377290e+003
85,1,-3.377290e+003
85,2,-3.377290e+003
85,3,-3.377290e+003
85,4,-3.377290e+003
85,5,-3.377290e+003
85,6,-3.377290e+003
85,7,-3.377290e+003
85,8,-3.377290e+003
85,9,-3.377290e+003
85,10,-3.377290e+003
85,11,-3.377290e+003
85,12,-3.377290e+003
85,13,-3.377290e+003
85,14,-3.377290e+003
85,15,-3.377290e+003
85,16,-3.377290e+003
85,17,-3.377290e+003
85,18,-3.377290e+003
85,19,-3.377290e+003
85,20,-3.377290e+003
85,21,-3.377290e+003
86,0,-3.377102e+003
86,1,-3.377102e+003
86,2,-3.377102e+003
86,3,-3.377102e+003
86,4,-3.377102e+003
86,5,-3.377102e+003
86,6,-3.377102e+003
86,7,-3.377102e+003
86,8,-3.377102e+003
86,9,-3.377102e+003
86,10,-3.377102e+003
86,11,-3.377102e+003
86,12,-3.377102e+003
86,13,-3.377102e+003
86,14,-3.377102e+003
86,15,-3.377102e+003
86,16,-3.377102e+003
86,17,-3.377102e+003
86,18,-3.377102e+003
86,19,-3.377102e+003
86,20,-3.377102e+003
86,21,-3.377102e+003
87,0,-3.376887e+003
87,1,-3.376887e+003
87,2,-3.376887e+003
87,3,-3.376887e+003
87,4,-3.376887e+003
87,5,-3.376887e+003
87,6,-3.376887e+003
87,7,-3.376887e+003
87,8,-3.376887e+003
87,9,-3.376887e+003
87,10,-3.376887e+003
87,11,-3.376887e+003
87,12,-3.376887e+003
87,13,-3.376887e+003
87,14,-3.376887e+003
87,15,-3.376887e+003
87,16,-3.376887e+003
87,17,-3.376887e+003
87,18,-3.376887e+003
87,19,-3.376887e+003
87,20,-3.376887e+003
87,21,-3.376887e+003
87,22,-3.376887e+003
87,23,-3.376887e+003
87,24,-3.376887e+003
87,25,-3.376887e+003
87,26,-3.376887e+003
87,27,-3.376887e+003
87,28,-3.376887e+003
87,29,-3.376887e+003
87,30,-3.376887e+003
87,31,-3.376887e+003
87,32,-3.376887e+003
87,33,-3.376887e+003
87,34,-3.376887e+003
87,35,-3.376887e+003
87,36,-3.376887e+003
88,0,-3.376650e+003
88,1,-3.376650e+003
88,2,-3.376650e+003
88,3,-3.376650e+003
88,4,-3.376650e+003
88,5,-3.376650e+003
88,6,-3.376650e+003
88,7,-3.376650e+003
88,8,-3.376650e+003
88,9,-3.376650e+003
88,10,-3.376650e+003
88,11,-3.376650e+003
88,12,-3.376650e+003
88,13,-3.376650e+003
88,14,-3.376650e+003
88,15,-3.376650e+003
88,16,-3.376650e+003
88,17,-3.376650e+003
88,18,-3.376650e+003
88,19,-3.376650e+003
88,20,-3.376650e+003
88,21,-3.376650e+003
89,0,-3.375490e+003
89,1,-3.375490e+003
89,2,-3.375490e+003
89,3,-3.375490e+003
89,4,-3.375490e+003
89,5,-3.375490e+003
89,6,-3.375490e+003
89,7,-3.375490e+003
89,8,-3.375490e+003
89,9,-3.375490e+003
89,10,-3.375490e+003
89,11,-3.375490e+003
89,12,-3.375490e+003
89,13,-3.375490e+003
89,14,-3.375490e+003
89,15,-3.375490e+003
89,16,-3.375490e+003
89,17,-3.375490e+003
89,18,-3.375490e+003
89,19,-3.375490e+003
89,20,-3.375490e+003
89,21,-3.375490e+003
90,0,-3.375053e+003
90,1,-3.375053e+003
90,2,-3.375053e+003
90,3,-3.375053e+003
90,4,-3.375053e+003
90,5,-3.375053e+003
90,6,-3.375053e+003
90,7,-3.375053e+003
90,8,-3.375053e+003
90,9,-3.375053e+003
90,10,-3.375053e+003
90,11,-3.375053e+003
90,12,-3.375053e+003
90,13,-3.375053e+003
90,14,-3.375053e+003
90,15,-3.375053e+003
90,16,-3.375053e+003
90,17,-3.375053e+003
90,18,-3.375053e+003
90,19,-3.375053e+003
90,20,-3.375053e+003
90,21,-3.375053e+003
91,0,-3.374535e+003
91,1,-3.374535e+003
91,2,-3.374535e+003
91,3,-3.374535e+003
91,4,-3.374535e+003
91,5,-3.374535e+003
91,6,-3.374535e+003
91,7,-3.374535e+003
91,8,-3.374535e+003
91,9,-3.374535e+003
91,10,-3.374535e+003
91,11,-3.374535e+003
91,12,-3.374535e+003
91,13,-3.374535e+003
91,14,-3.374535e+003
91,15,-3.374535e+003
91,16,-3.374535e+003
91,17,-3.374535e+003
91,18,-3.374535e+003
91,19,-3.374535e+003
91,20,-3.374535e+003
91,21,-3.374535e+003
91,22,-3.374536e+003
91,23,-3.374536e+003
91,24,-3.374536e+003
91,25,-3.374536e+003
91,26,-3.374536e+003
91,27,-3.374536e+003
91,28,-3.374536e+003
91,29,-3.374536e+003
91,30,-3.374536e+003
91,31,-3.374536e+003
91,32,-3.374536e+003
91,33,-3.374536e+003
91,34,-3.374536e+003
91,35,-3.374536e+003
91,36,-3.374536e+003
91,37,-3.374536e+003
92,0,-3.374555e+003
92,1,-3.374555e+003
92,2,-3.374555e+003
92,3,-3.374555e+003
92,4,-3.374555e+003
92,5,-3.374555e+003
92,6,-3.374555e+003
92,7,-3.374555e+003
92,8,-3.374555e+003
92,9,-3.374555e+003
92,10,-3.374555e+003
92,11,-3.374555e+003
92,12,-3.374555e+003
92,13,-3.374555e+003
92,14,-3.374555e+003
92,15,-3.374555e+003
92,16,-3.374555e+003
92,17,-3.374555e+003
92,18,-3.374555e+003
92,19,-3.374555e+003
92,20,-3.374555e+003
92,21,-3.374555e+003
93,0,-3.374722e+003
93,1,-3.374722e+003
93,2,-3.374722e+003
93,3,-3.374722e+003
93,4,-3.374722e+003
93,5,-3.374722e+003
93,6,-3.374722e+003
93,7,-3.374722e+003
93,8,-3.374722e+003
93,9,-3.374722e+003
93,10,-3.374722e+003
93,11,-3.374722e+003
93,12,-3.374722e+003
93,13,-3.374722e+003
93,14,-3.374722e+003
93,15,-3.374722e+003
93,16,-3.374722e+003
93,17,-3.374722e+003
93,18,-3.374722e+003
93,19,-3.374722e+003
93,20,-3.374722e+003
93,21,-3.374722e+003
94,0,-3.374854e+003
94,1,-3.374854e+003
94,2,-3.374854e+003
94,3,-3.374854e+003
94,4,-3.374854e+003
94,5,-3.374854e+003
94,6,-3.374854e+003
94,7,-3.374854e+003
94,8,-3.374854e+003
94,9,-3.374854e+003
94,10,-3.374854e+003
94,11,-3.374854e+003
94,12,-3.374854e+003
94,13,-3.374854e+003
94,14,-3.374854e+003
94,15,-3.374854e+003
94,16,-3.374854e+003
94,17,-3.374854e+003
94,18,-3.374854e+003
94,19,-3.374854e+003
94,20,-3.374854e+003
94,21,-3.374854e+003
95,0,-3.374946e+003
95,1,-3.374946e+003
95,2,-3.374946e+003
95,3,-3.374946e+003
95,4,-3.374946e+003
95,5,-3.374946e+003
95,6,-3.374946e+003
95,7,-3.374946e+003
95,8,-3.374946e+003
95,9,-3.374946e+003
95,10,-3.374946e+003
95,11,-3.374946e+003
95,12,-3.374946e+003
95,13,-3.374947e+003
95,14,-3.374947e+003
95,15,-3.374947e+003
95,16,-3.374947e+003
95,17,-3.374947e+003
95,18,-3.374947e+003
95,19,-3.374947e+003
95,20,-3.374947e+003
95,21,-3.374947e+003
95,22,-3.374947e+003
95,23,-3.374947e+003
95,24,-3.374947e+003
95,25,-3.374947e+003
95,26,-3.374947e+003
95,27,-3.374947e+003
95,28,-3.374947e+003
95,29,-3.374947e+003
95,30,-3.374947e+003
95,31,-3.374947e+003
95,32,-3.374947e+003
95,33,-3.374947e+003
95,34,-3.374947e+003
95,35,-3.374947e+003
95,36,-3.374947e+003
95,37,-3.374947e+003
96,0,-3.374992e+003
96,1,-3.374992e+003
96,2,-3.374992e+003
96,3,-3.374992e+003
96,4,-3.374992e+003
96,5,-3.374992e+003
96,6,-3.374992e+003
96,7,-3.374992e+003
96,8,-3.374992e+003
96,9,-3.374992e+003
96,10,-3.374992e+003
96,11,-3.374992e+003
96,12,-3.374992e+003
96,13,-3.374992e+003
96,14,-3.374992e+003
96,15,-3.374992e+003
96,16,-3.374992e+003
96,17,-3.374992e+003
96,18,-3.374992e+003
96,19,-3.374992e+003
96,20,-3.374992e+003
96,21,-3.374992e+003
97,0,-3.375365e+003
97,1,-3.375365e+003
97,2,-3.375365e+003
97,3,-3.375365e+003
97,4,-3.375365e+003
97,5,-3.375365e+003
97,6,-3.375365e+003
97,7,-3.375365e+003
97,8,-3.375365e+003
97,9,-3.375365e+003
97,10,-3.375365e+003
97,11,-3.375365e+003
97,12,-3.375365e+003
97,13,-3.375365e+003
97,14,-3.375365e+003
97,15,-3.375365e+003
97,16,-3.375365e+003
97,17,-3.375365e+003
97,18,-3.375365e+003
97,19,-3.375365e+003
97,20,-3.375365e+003
97,21,-3.375365e+003
98,0,-3.376975e+003
98,1,-3.376975e+003
98,2,-3.376975e+003
98,3,-3.376975e+003
98,4,-3.376975e+003
98,5,-3.376975e+003
98,6,-3.376975e+003
98,7,-3.376975e+003
98,8,-3.376975e+003
98,9,-3.376975e+003
98,10,-3.376975e+003
98,11,-3.376975e+003
98,12,-3.376975e+003
98,13,-3.376975e+003
98,14,-3.376975e+003
98,15,-3.376975e+003
98,16,-3.376975e+003
98,17,-3.376975e+003
98,18,-3.376975e+003
98,19,-3.376975e+003
98,20,-3.376975e+003
98,21,-3.376975e+003
99,0,-3.377043e+003
99,1,-3.377043e+003
99,2,-3.377043e+003
99,3,-3.377043e+003
99,4,-3.377043e+003
99,5,-3.377043e+003
99,6,-3.377043e+003
99,7,-3.377043e+003
99,8,-3.377043e+003
99,9,-3.377043e+003
99,10,-3.377043e+003
99,11,-3.377043e+003
99,12,-3.377043e+003
99,13,-3.377043e+003
99,14,-3.377043e+003
99,15,-3.377043e+003
99,16,-3.377043e+003
99,17,-3.377043e+003
99,18,-3.377043e+003
99,19,-3.377043e+003
99,20,-3.377043e+003
99,21,-3.377043e+003
99,22,-3.377043e+003
99,23,-3.377043e+003
99,24,-3.377043e+003
99,25,-3.377043e+003
100,0,-3.377059e+003
100,1,-3.377059e+003
100,2,-3.377059e+003
100,3,-3.377059e+003
100,4,-3.377059e+003
100,5,-3.377059e+003
100,6,-3.377059e+003
100,7,-3.377059e+003
100,8,-3.377059e+003
100,9,-3.377059e+003
100,10,-3.377059e+003
100,11,-3.377059e+003
100,12,-3.377059e+003
100,13,-3.377059e+003
100,14,-3.377059e+003
100,15,-3.377059e+003
100,16,-3.377059e+003
100,17,-3.377059e+003
100,18,-3.377059e+003
100,19,-3.377059e+003
100,20,-3.377059e+003
100,21,-3.377059e+003
