"Angle"	"Energy kJ/mol"	"BondedTermsEnergy"	"NonBondedTermsEnergy"	"BondStretchEnergy"	"AngleStretchEnergy"	"TorsionEnergy"	"OutOfPlaneEnergy"	"DispersionEnergy"	"ElectrostaticEnergy"	"NonBondedEnergyC"	"NonBondedEnergyD"
-60.000000	4799.528910	1680.965786	3118.563125	1481.135333	756.460324	-556.629872	0.000000	3206.019772	-87.456648	0.000000	0.000000
-59.800000	4795.523119	1679.019324	3116.503796	1481.135321	754.496180	-556.612177	0.000000	3203.941340	-87.437544	0.000000	0.000000
-59.600000	4791.546923	1677.076214	3114.470709	1481.135328	752.536348	-556.595463	0.000000	3201.889233	-87.418524	0.000000	0.000000
-59.400000	4787.599912	1675.136354	3112.463558	1481.135332	750.580752	-556.579730	0.000000	3199.863147	-87.399589	0.000000	0.000000
-59.200000	4783.681997	1673.199750	3110.482247	1481.135330	748.629401	-556.564981	0.000000	3197.862987	-87.380740	0.000000	0.000000
-59.000000	4779.793262	1671.266496	3108.526766	1481.135318	746.682397	-556.551219	0.000000	3195.888745	-87.361979	0.000000	0.000000
-58.800000	4775.933664	1669.336565	3106.597099	1481.135327	744.739682	-556.538445	0.000000	3193.940404	-87.343305	0.000000	0.000000
-58.600000	4772.102657	1667.409824	3104.692833	1481.135316	742.801168	-556.526660	0.000000	3192.017552	-87.324719	0.000000	0.000000
-58.400000	4768.300578	1665.486424	3102.814154	1481.135326	740.866964	-556.515866	0.000000	3190.120375	-87.306221	0.000000	0.000000
-58.200000	4764.527083	1663.566317	3100.960767	1481.135326	738.937054	-556.506064	0.000000	3188.248580	-87.287813	0.000000	0.000000
-58.000000	4760.782157	1661.649553	3099.132603	1481.135322	737.011487	-556.497255	0.000000	3186.402099	-87.269496	0.000000	0.000000
-57.800000	4757.065412	1659.736000	3097.329411	1481.135321	735.090120	-556.489440	0.000000	3184.580680	-87.251268	0.000000	0.000000
-57.600000	4753.376963	1657.825794	3095.551170	1481.135319	733.173095	-556.482620	0.000000	3182.784302	-87.233132	0.000000	0.000000
-57.400000	4749.716687	1655.918934	3093.797753	1481.135330	731.260398	-556.476795	0.000000	3181.012840	-87.215087	0.000000	0.000000
-57.200000	4746.084223	1654.015358	3092.068865	1481.135333	729.351990	-556.471965	0.000000	3179.266000	-87.197135	0.000000	0.000000
-57.000000	4742.479467	1652.115102	3090.364365	1481.135322	727.447910	-556.468130	0.000000	3177.543642	-87.179277	0.000000	0.000000
-56.800000	4738.902312	1650.218152	3088.684160	1481.135329	725.548113	-556.465290	0.000000	3175.845671	-87.161511	0.000000	0.000000
-56.600000	4735.352556	1648.324546	3087.028009	1481.135323	723.652668	-556.463445	0.000000	3174.171849	-87.143840	0.000000	0.000000
-56.400000	4731.829970	1646.434238	3085.395732	1481.135317	721.761515	-556.462594	0.000000	3172.521994	-87.126263	0.000000	0.000000
-56.200000	4728.334553	1644.547306	3083.787247	1481.135328	719.874713	-556.462736	0.000000	3170.896027	-87.108779	0.000000	0.000000
-56.000000	4724.866075	1642.663781	3082.202294	1481.135323	717.992328	-556.463870	0.000000	3169.293688	-87.091394	0.000000	0.000000
-55.800000	4721.424101	1640.783495	3080.640606	1481.135327	716.114164	-556.465996	0.000000	3167.714708	-87.074102	0.000000	0.000000
-55.600000	4718.008824	1638.906681	3079.102143	1481.135331	714.240461	-556.469112	0.000000	3166.159050	-87.056907	0.000000	0.000000
-55.400000	4714.619694	1637.033158	3077.586536	1481.135328	712.371046	-556.473216	0.000000	3164.626346	-87.039810	0.000000	0.000000
-55.200000	4711.256676	1635.163003	3076.093674	1481.135329	710.505981	-556.478306	0.000000	3163.116482	-87.022809	0.000000	0.000000
-55.000000	4707.919825	1633.296383	3074.623442	1481.135322	708.645442	-556.484381	0.000000	3161.629349	-87.005907	0.000000	0.000000
-54.800000	4704.608431	1631.432997	3073.175434	1481.135328	706.789109	-556.491440	0.000000	3160.164536	-86.989101	0.000000	0.000000
-54.600000	4701.322722	1629.573120	3071.749601	1481.135327	704.937271	-556.499478	0.000000	3158.721997	-86.972395	0.000000	0.000000
-54.400000	4698.062166	1627.716560	3070.345605	1481.135330	703.089725	-556.508494	0.000000	3157.301392	-86.955787	0.000000	0.000000
-54.200000	4694.826903	1625.863542	3068.963362	1481.135325	701.246702	-556.518485	0.000000	3155.902641	-86.939279	0.000000	0.000000
-54.000000	4691.616504	1624.013933	3067.602571	1481.135325	699.408057	-556.529449	0.000000	3154.525441	-86.922870	0.000000	0.000000
-53.800000	4688.430891	1622.167819	3066.263073	1481.135329	697.573871	-556.541381	0.000000	3153.169634	-86.906561	0.000000	0.000000
-53.600000	4685.269646	1620.325111	3064.944535	1481.135321	695.744070	-556.554280	0.000000	3151.834888	-86.890352	0.000000	0.000000
-53.400000	4682.132802	1618.485931	3063.646870	1481.135331	693.918742	-556.568141	0.000000	3150.521113	-86.874243	0.000000	0.000000
-53.200000	4679.019913	1616.650182	3062.369731	1481.135332	692.097812	-556.582962	0.000000	3149.227966	-86.858235	0.000000	0.000000
-53.000000	4675.930909	1614.817953	3061.112956	1481.135329	690.281363	-556.598738	0.000000	3147.955284	-86.842328	0.000000	0.000000
-52.800000	4672.865553	1612.989242	3059.876311	1481.135325	688.469382	-556.615465	0.000000	3146.702834	-86.826523	0.000000	0.000000
-52.600000	4669.823662	1611.164077	3058.659584	1481.135322	686.661895	-556.633139	0.000000	3145.470404	-86.810819	0.000000	0.000000
-52.400000	4666.805010	1609.342470	3057.462540	1481.135319	684.858909	-556.651757	0.000000	3144.257757	-86.795217	0.000000	0.000000
-52.200000	4663.809337	1607.524394	3056.284944	1481.135328	683.060379	-556.671313	0.000000	3143.064659	-86.779716	0.000000	0.000000
-52.000000	4660.836467	1605.709911	3055.126556	1481.135319	681.266395	-556.691803	0.000000	3141.890874	-86.764318	0.000000	0.000000
-51.800000	4657.886255	1603.899058	3053.987197	1481.135322	679.476957	-556.713221	0.000000	3140.736220	-86.749022	0.000000	0.000000
-51.600000	4654.958350	1602.091772	3052.866578	1481.135325	677.692012	-556.735564	0.000000	3139.600407	-86.733829	0.000000	0.000000
-51.400000	4652.052515	1600.288061	3051.764454	1481.135323	675.911566	-556.758827	0.000000	3138.483192	-86.718738	0.000000	0.000000
-51.200000	4649.168818	1598.488104	3050.680714	1481.135327	674.135779	-556.783002	0.000000	3137.384464	-86.703750	0.000000	0.000000
-51.000000	4646.306708	1596.691724	3049.614985	1481.135322	672.364488	-556.808086	0.000000	3136.303851	-86.688866	0.000000	0.000000
-50.800000	4643.466081	1594.898989	3048.567092	1481.135319	670.597743	-556.834074	0.000000	3135.241176	-86.674084	0.000000	0.000000
-50.600000	4640.646861	1593.110007	3047.536854	1481.135319	668.835645	-556.860957	0.000000	3134.196260	-86.659406	0.000000	0.000000
-50.400000	4637.848721	1591.324713	3046.524008	1481.135330	667.078115	-556.888732	0.000000	3133.168838	-86.644830	0.000000	0.000000
-50.200000	4635.071506	1589.543186	3045.528320	1481.135321	665.325256	-556.917391	0.000000	3132.158680	-86.630360	0.000000	0.000000
-50.000000	4632.314887	1587.765341	3044.549546	1481.135323	663.576947	-556.946929	0.000000	3131.165538	-86.615992	0.000000	0.000000
-49.800000	4629.578789	1585.991291	3043.587498	1481.135326	661.833304	-556.977340	0.000000	3130.189225	-86.601727	0.000000	0.000000
-49.600000	4626.863026	1584.221071	3042.641955	1481.135321	660.094365	-557.008615	0.000000	3129.229522	-86.587567	0.000000	0.000000
-49.400000	4624.167241	1582.454592	3041.712649	1481.135332	658.360011	-557.040751	0.000000	3128.286159	-86.573510	0.000000	0.000000
-49.200000	4621.491399	1580.691994	3040.799405	1481.135333	656.630399	-557.073737	0.000000	3127.358962	-86.559557	0.000000	0.000000
-49.000000	4618.835124	1578.933189	3039.901935	1481.135318	654.905442	-557.107570	0.000000	3126.447644	-86.545709	0.000000	0.000000
-48.800000	4616.198348	1577.178263	3039.020086	1481.135324	653.185180	-557.142241	0.000000	3125.552049	-86.531963	0.000000	0.000000
-48.600000	4613.580895	1575.427268	3038.153627	1481.135321	651.469689	-557.177742	0.000000	3124.671949	-86.518322	0.000000	0.000000
-48.400000	4610.982473	1573.680156	3037.302317	1481.135322	649.758902	-557.214067	0.000000	3123.807101	-86.504785	0.000000	0.000000
-48.200000	4608.402848	1571.936919	3036.465929	1481.135332	648.052798	-557.251210	0.000000	3122.957278	-86.491349	0.000000	0.000000
-48.000000	4605.842019	1570.197720	3035.644298	1481.135330	646.351550	-557.289159	0.000000	3122.122318	-86.478020	0.000000	0.000000
-47.800000	4603.299687	1568.462505	3034.837182	1481.135326	644.655087	-557.327909	0.000000	3121.301977	-86.464794	0.000000	0.000000
-47.600000	4600.775562	1566.731221	3034.044341	1481.135330	642.963343	-557.367453	0.000000	3120.496013	-86.451671	0.000000	0.000000
-47.400000	4598.269497	1565.003924	3033.265574	1481.135332	641.276374	-557.407782	0.000000	3119.704226	-86.438652	0.000000	0.000000
-47.200000	4595.781486	1563.280764	3032.500722	1481.135326	639.594325	-557.448886	0.000000	3118.926460	-86.425738	0.000000	0.000000
-47.000000	4593.311110	1561.561595	3031.749514	1481.135326	637.917031	-557.490761	0.000000	3118.162440	-86.412926	0.000000	0.000000
-46.800000	4590.858422	1559.846611	3031.011811	1481.135320	636.244684	-557.533393	0.000000	3117.412029	-86.400218	0.000000	0.000000
-46.600000	4588.423013	1558.135667	3030.287346	1481.135325	634.577121	-557.576779	0.000000	3116.674958	-86.387613	0.000000	0.000000
-46.400000	4586.004810	1556.428871	3029.575939	1481.135321	632.914458	-557.620908	0.000000	3115.951051	-86.375111	0.000000	0.000000
-46.200000	4583.603681	1554.726268	3028.877413	1481.135328	631.256711	-557.665771	0.000000	3115.240125	-86.362712	0.000000	0.000000
-46.000000	4581.219351	1553.027821	3028.191530	1481.135327	629.603854	-557.711360	0.000000	3114.541946	-86.350416	0.000000	0.000000
-45.800000	4578.851681	1551.333575	3027.518106	1481.135319	627.955922	-557.757666	0.000000	3113.856329	-86.338224	0.000000	0.000000
-45.600000	4576.500553	1549.643588	3026.856965	1481.135322	626.312946	-557.804680	0.000000	3113.183098	-86.326133	0.000000	0.000000
-45.400000	4574.165761	1547.957862	3026.207899	1481.135318	624.674937	-557.852392	0.000000	3112.522044	-86.314146	0.000000	0.000000
-45.200000	4571.847184	1546.276449	3025.570734	1481.135328	623.041915	-557.900794	0.000000	3111.872994	-86.302260	0.000000	0.000000
-45.000000	4569.544558	1544.599308	3024.945249	1481.135331	621.413855	-557.949878	0.000000	3111.235725	-86.290476	0.000000	0.000000
-44.800000	4567.257816	1542.926531	3024.331285	1481.135334	619.790829	-557.999632	0.000000	3110.610080	-86.278794	0.000000	0.000000
-44.600000	4564.986785	1541.258137	3023.728649	1481.135327	618.172857	-558.050046	0.000000	3109.995864	-86.267216	0.000000	0.000000
-44.400000	4562.731215	1539.594078	3023.137138	1481.135325	616.559869	-558.101116	0.000000	3109.392875	-86.255738	0.000000	0.000000
-44.200000	4560.491110	1537.934499	3022.556610	1481.135320	614.952005	-558.152825	0.000000	3108.800972	-86.244362	0.000000	0.000000
-44.000000	4558.266237	1536.279369	3021.986868	1481.135317	613.349220	-558.205168	0.000000	3108.219955	-86.233087	0.000000	0.000000
-43.800000	4556.056422	1534.628691	3021.427731	1481.135330	611.751496	-558.258136	0.000000	3107.649643	-86.221912	0.000000	0.000000
-43.600000	4553.861527	1532.982508	3020.879020	1481.135322	610.158901	-558.311716	0.000000	3107.089858	-86.210839	0.000000	0.000000
-43.400000	4551.681474	1531.340890	3020.340584	1481.135328	608.571462	-558.365899	0.000000	3106.540449	-86.199865	0.000000	0.000000
-43.200000	4549.516015	1529.703790	3019.812225	1481.135330	606.989138	-558.420678	0.000000	3106.001217	-86.188992	0.000000	0.000000
-43.000000	4547.365153	1528.071344	3019.293809	1481.135324	605.412057	-558.476037	0.000000	3105.472030	-86.178220	0.000000	0.000000
-42.800000	4545.228577	1526.443446	3018.785131	1481.135329	603.840090	-558.531973	0.000000	3104.952677	-86.167547	0.000000	0.000000
-42.600000	4543.106333	1524.820267	3018.286066	1481.135324	602.273412	-558.588469	0.000000	3104.443040	-86.156974	0.000000	0.000000
-42.400000	4540.998096	1523.201688	3017.796408	1481.135315	600.711894	-558.645521	0.000000	3103.942909	-86.146500	0.000000	0.000000
-42.200000	4538.903838	1521.587811	3017.316027	1481.135324	599.155603	-558.703117	0.000000	3103.452151	-86.136124	0.000000	0.000000
-42.000000	4536.823454	1519.978690	3016.844764	1481.135329	597.604605	-558.761244	0.000000	3102.970611	-86.125847	0.000000	0.000000
-41.800000	4534.756779	1518.374323	3016.382455	1481.135325	596.058892	-558.819894	0.000000	3102.498124	-86.115669	0.000000	0.000000
-41.600000	4532.703729	1516.774772	3015.928957	1481.135319	594.518508	-558.879055	0.000000	3102.034547	-86.105590	0.000000	0.000000
-41.400000	4530.664109	1515.180005	3015.484104	1481.135321	592.983404	-558.938720	0.000000	3101.579711	-86.095607	0.000000	0.000000
-41.200000	4528.637882	1513.590121	3015.047761	1481.135319	591.453675	-558.998874	0.000000	3101.133483	-86.085722	0.000000	0.000000
-41.000000	4526.624789	1512.005036	3014.619752	1481.135317	589.929231	-559.059512	0.000000	3100.695687	-86.075934	0.000000	0.000000
-40.800000	4524.624936	1510.424956	3014.199981	1481.135331	588.410242	-559.120617	0.000000	3100.266224	-86.066243	0.000000	0.000000
-40.600000	4522.638034	1508.849771	3013.788262	1481.135327	586.896628	-559.182184	0.000000	3099.844911	-86.056649	0.000000	0.000000
-40.400000	4520.664021	1507.279553	3013.384468	1481.135322	585.388430	-559.244199	0.000000	3099.431619	-86.047151	0.000000	0.000000
-40.200000	4518.702831	1505.714364	3012.988468	1481.135324	583.885692	-559.306652	0.000000	3099.026216	-86.037749	0.000000	0.000000
-40.000000	4516.754265	1504.154160	3012.600105	1481.135329	582.388366	-559.369535	0.000000	3098.628546	-86.028441	0.000000	0.000000
-39.800000	4514.818246	1502.598997	3012.219249	1481.135317	580.896516	-559.432836	0.000000	3098.238479	-86.019230	0.000000	0.000000
-39.600000	4512.894776	1501.048986	3011.845790	1481.135331	579.410196	-559.496541	0.000000	3097.855902	-86.010112	0.000000	0.000000
-39.400000	4510.983592	1499.504031	3011.479560	1481.135319	577.929357	-559.560645	0.000000	3097.480651	-86.001091	0.000000	0.000000
-39.200000	4509.084818	1497.964340	3011.120478	1481.135329	576.454141	-559.625130	0.000000	3097.112640	-85.992162	0.000000	0.000000
-39.000000	4507.197983	1496.429642	3010.768340	1481.135317	574.984322	-559.689996	0.000000	3096.751668	-85.983328	0.000000	0.000000
-38.800000	4505.323477	1494.900361	3010.423116	1481.135324	573.520256	-559.755219	0.000000	3096.397703	-85.974587	0.000000	0.000000
-38.600000	4503.460854	1493.376240	3010.084614	1481.135332	572.061707	-559.820799	0.000000	3096.050552	-85.965938	0.000000	0.000000
-38.400000	4501.610031	1491.857318	3009.752713	1481.135320	570.608722	-559.886724	0.000000	3095.710096	-85.957384	0.000000	0.000000
-38.200000	4499.771146	1490.343810	3009.427336	1481.135324	569.161463	-559.952976	0.000000	3095.376256	-85.948920	0.000000	0.000000
-38.000000	4497.944013	1488.835668	3009.108346	1481.135329	567.719888	-560.019549	0.000000	3095.048895	-85.940549	0.000000	0.000000
-37.800000	4496.128415	1487.332813	3008.795603	1481.135326	566.283922	-560.086435	0.000000	3094.727872	-85.932269	0.000000	0.000000
-37.600000	4494.324361	1485.835352	3008.489009	1481.135319	564.853654	-560.153621	0.000000	3094.413090	-85.924081	0.000000	0.000000
-37.400000	4492.531855	1484.343389	3008.188467	1481.135322	563.429161	-560.221094	0.000000	3094.104450	-85.915983	0.000000	0.000000
-37.200000	4490.750688	1482.856845	3007.893842	1481.135326	562.010366	-560.288847	0.000000	3093.801818	-85.907975	0.000000	0.000000
-37.000000	4488.980858	1481.375819	3007.605040	1481.135326	560.597359	-560.356866	0.000000	3093.505098	-85.900058	0.000000	0.000000
-36.800000	4487.222268	1479.900321	3007.321947	1481.135328	559.190136	-560.425143	0.000000	3093.214177	-85.892230	0.000000	0.000000
-36.600000	4485.474871	1478.430407	3007.044464	1481.135328	557.788743	-560.493664	0.000000	3092.928956	-85.884491	0.000000	0.000000
-36.400000	4483.738526	1476.966050	3006.772475	1481.135325	556.393148	-560.562423	0.000000	3092.649317	-85.876842	0.000000	0.000000
-36.200000	4482.013235	1475.507345	3006.505890	1481.135322	555.003428	-560.631405	0.000000	3092.375170	-85.869280	0.000000	0.000000
-36.000000	4480.298863	1474.054266	3006.244597	1481.135319	553.619550	-560.700603	0.000000	3092.106404	-85.861807	0.000000	0.000000
-35.800000	4478.595414	1472.606906	3005.988508	1481.135314	552.241595	-560.770003	0.000000	3091.842929	-85.854421	0.000000	0.000000
-35.600000	4476.902830	1471.165303	3005.737528	1481.135326	550.869573	-560.839596	0.000000	3091.584649	-85.847121	0.000000	0.000000
-35.400000	4475.220895	1469.729358	3005.491537	1481.135327	549.503406	-560.909376	0.000000	3091.331445	-85.839909	0.000000	0.000000
-35.200000	4473.549722	1468.299255	3005.250467	1481.135327	548.143252	-560.979325	0.000000	3091.083250	-85.832783	0.000000	0.000000
-35.000000	4471.889199	1466.874981	3005.014219	1481.135332	546.789084	-561.049435	0.000000	3090.839961	-85.825743	0.000000	0.000000
-34.800000	4470.239264	1465.456565	3004.782700	1481.135327	545.440934	-561.119696	0.000000	3090.601488	-85.818789	0.000000	0.000000
-34.600000	4468.599764	1464.043956	3004.555808	1481.135320	544.098738	-561.190101	0.000000	3090.367727	-85.811920	0.000000	0.000000
-34.400000	4466.970815	1462.637337	3004.333479	1481.135320	542.762651	-561.260634	0.000000	3090.138614	-85.805135	0.000000	0.000000
-34.200000	4465.352241	1461.236632	3004.115609	1481.135318	541.432603	-561.331289	0.000000	3089.914043	-85.798435	0.000000	0.000000
-34.000000	4463.744042	1459.841921	3003.902121	1481.135329	540.108645	-561.402053	0.000000	3089.693937	-85.791817	0.000000	0.000000
-33.800000	4462.146132	1458.453206	3003.692926	1481.135321	538.790802	-561.472917	0.000000	3089.478210	-85.785284	0.000000	0.000000
-33.600000	4460.558458	1457.070515	3003.487942	1481.135326	537.479061	-561.543872	0.000000	3089.266775	-85.778833	0.000000	0.000000
-33.400000	4458.981050	1455.693951	3003.287099	1481.135328	536.173527	-561.614904	0.000000	3089.059564	-85.772465	0.000000	0.000000
-33.200000	4457.413758	1454.323454	3003.090304	1481.135329	534.874133	-561.686008	0.000000	3088.856483	-85.766179	0.000000	0.000000
-33.000000	4455.856600	1452.959113	3002.897487	1481.135321	533.580961	-561.757169	0.000000	3088.657463	-85.759976	0.000000	0.000000
-32.800000	4454.309502	1451.600934	3002.708568	1481.135331	532.293985	-561.828382	0.000000	3088.462420	-85.753852	0.000000	0.000000
-32.600000	4452.772423	1450.248952	3002.523472	1481.135317	531.013267	-561.899633	0.000000	3088.271283	-85.747812	0.000000	0.000000
-32.400000	4451.245365	1448.903235	3002.342130	1481.135315	529.738832	-561.970912	0.000000	3088.083980	-85.741850	0.000000	0.000000
-32.200000	4449.728267	1447.563801	3002.164467	1481.135325	528.470687	-562.042211	0.000000	3087.900435	-85.735968	0.000000	0.000000
-32.000000	4448.220973	1446.230575	3001.990398	1481.135320	527.208780	-562.113524	0.000000	3087.720565	-85.730166	0.000000	0.000000
-31.800000	4446.723606	1444.903733	3001.819873	1481.135320	525.953248	-562.184835	0.000000	3087.544316	-85.724443	0.000000	0.000000
-31.600000	4445.236095	1443.583278	3001.652817	1481.135322	524.704091	-562.256136	0.000000	3087.371616	-85.718799	0.000000	0.000000
-31.400000	4443.758373	1442.269213	3001.489160	1481.135323	523.461308	-562.327418	0.000000	3087.202394	-85.713233	0.000000	0.000000
-31.200000	4442.290382	1440.961549	3001.328833	1481.135324	522.224897	-562.398672	0.000000	3087.036578	-85.707745	0.000000	0.000000
-31.000000	4440.832148	1439.660371	3001.171777	1481.135325	520.994933	-562.469887	0.000000	3086.874112	-85.702335	0.000000	0.000000
-30.800000	4439.383587	1438.365664	3001.017923	1481.135322	519.771398	-562.541056	0.000000	3086.714925	-85.697002	0.000000	0.000000
-30.600000	4437.944704	1437.077493	3000.867211	1481.135318	518.554342	-562.612167	0.000000	3086.558957	-85.691745	0.000000	0.000000
-30.400000	4436.515412	1435.795837	3000.719574	1481.135327	517.343726	-562.683215	0.000000	3086.406138	-85.686564	0.000000	0.000000
-30.200000	4435.095799	1434.520835	3000.574964	1481.135323	516.139696	-562.754184	0.000000	3086.256423	-85.681459	0.000000	0.000000
-30.000000	4433.685673	1433.252370	3000.433304	1481.135326	514.942116	-562.825073	0.000000	3086.109733	-85.676429	0.000000	0.000000
-29.800000	4432.285186	1431.990633	3000.294552	1481.135331	513.751166	-562.895864	0.000000	3085.966027	-85.671474	0.000000	0.000000
-29.600000	4430.894174	1430.735534	3000.158640	1481.135321	512.566767	-562.966554	0.000000	3085.825235	-85.666595	0.000000	0.000000
-29.400000	4429.512645	1429.487132	3000.025513	1481.135318	511.388948	-563.037135	0.000000	3085.687302	-85.661789	0.000000	0.000000
-29.200000	4428.140615	1428.245495	2999.895120	1481.135325	510.217764	-563.107594	0.000000	3085.552176	-85.657056	0.000000	0.000000
-29.000000	4426.778025	1427.010621	2999.767404	1481.135320	509.053226	-563.177924	0.000000	3085.419801	-85.652397	0.000000	0.000000
-28.800000	4425.424818	1425.782511	2999.642307	1481.135323	507.895309	-563.248120	0.000000	3085.290117	-85.647811	0.000000	0.000000
-28.600000	4424.081132	1424.561341	2999.519792	1481.135327	506.744178	-563.318164	0.000000	3085.163089	-85.643297	0.000000	0.000000
-28.400000	4422.746725	1423.346938	2999.399788	1481.135326	505.599669	-563.388058	0.000000	3085.038642	-85.638855	0.000000	0.000000
-28.200000	4421.421729	1422.139471	2999.282258	1481.135325	504.461933	-563.457787	0.000000	3084.916742	-85.634485	0.000000	0.000000
-28.000000	4420.106061	1420.938915	2999.167146	1481.135323	503.330937	-563.527345	0.000000	3084.797332	-85.630186	0.000000	0.000000
-27.800000	4418.799771	1419.745360	2999.054411	1481.135321	502.206759	-563.596721	0.000000	3084.680368	-85.625957	0.000000	0.000000
-27.600000	4417.502743	1418.558747	2998.943996	1481.135319	501.089339	-563.665911	0.000000	3084.565795	-85.621800	0.000000	0.000000
-27.400000	4416.214995	1417.379138	2998.835857	1481.135321	499.978723	-563.734906	0.000000	3084.453568	-85.617711	0.000000	0.000000
-27.200000	4414.936595	1416.206640	2998.729955	1481.135322	498.875011	-563.803693	0.000000	3084.343648	-85.613693	0.000000	0.000000
-27.000000	4413.667415	1415.041179	2998.626236	1481.135328	497.778122	-563.872271	0.000000	3084.235980	-85.609743	0.000000	0.000000
-26.800000	4412.407490	1413.882829	2998.524661	1481.135319	496.688138	-563.940627	0.000000	3084.130524	-85.605864	0.000000	0.000000
-26.600000	4411.156824	1412.731638	2998.425186	1481.135325	495.605069	-564.008756	0.000000	3084.027237	-85.602051	0.000000	0.000000
-26.400000	4409.915345	1411.587581	2998.327765	1481.135329	494.528902	-564.076650	0.000000	3083.926071	-85.598307	0.000000	0.000000
-26.200000	4408.683117	1410.450755	2998.232362	1481.135329	493.459725	-564.144299	0.000000	3083.826992	-85.594630	0.000000	0.000000
-26.000000	4407.460080	1409.321148	2998.138932	1481.135321	492.397524	-564.211697	0.000000	3083.729954	-85.591022	0.000000	0.000000
-25.800000	4406.246249	1408.198812	2998.047437	1481.135328	491.342320	-564.278837	0.000000	3083.634916	-85.587478	0.000000	0.000000
-25.600000	4405.041559	1407.083724	2997.957835	1481.135319	490.294117	-564.345712	0.000000	3083.541838	-85.584003	0.000000	0.000000
-25.400000	4403.846072	1405.975982	2997.870090	1481.135324	489.252971	-564.412313	0.000000	3083.450683	-85.580593	0.000000	0.000000
-25.200000	4402.659760	1404.875595	2997.784165	1481.135326	488.218903	-564.478633	0.000000	3083.361413	-85.577248	0.000000	0.000000
-25.000000	4401.482602	1403.782581	2997.700021	1481.135325	487.191922	-564.544666	0.000000	3083.273990	-85.573969	0.000000	0.000000
-24.800000	4400.314548	1402.696929	2997.617618	1481.135325	486.172011	-564.610406	0.000000	3083.188373	-85.570755	0.000000	0.000000
-24.600000	4399.155676	1401.618749	2997.536927	1481.135323	485.159268	-564.675843	0.000000	3083.104533	-85.567605	0.000000	0.000000
-24.400000	4398.005911	1400.548003	2997.457909	1481.135320	484.153655	-564.740972	0.000000	3083.022429	-85.564520	0.000000	0.000000
-24.200000	4396.865295	1399.484764	2997.380531	1481.135320	483.155230	-564.805786	0.000000	3082.942029	-85.561498	0.000000	0.000000
-24.000000	4395.733832	1398.429071	2997.304761	1481.135318	482.164029	-564.870276	0.000000	3082.863301	-85.558540	0.000000	0.000000
-23.800000	4394.611439	1397.380879	2997.230561	1481.135324	481.179996	-564.934441	0.000000	3082.786205	-85.555644	0.000000	0.000000
-23.600000	4393.498221	1396.340317	2997.157905	1481.135326	480.203258	-564.998267	0.000000	3082.710716	-85.552812	0.000000	0.000000
-23.400000	4392.394060	1395.307306	2997.086754	1481.135322	479.233738	-565.061755	0.000000	3082.636796	-85.550042	0.000000	0.000000
-23.200000	4391.299033	1394.281950	2997.017082	1481.135328	478.271516	-565.124893	0.000000	3082.564415	-85.547333	0.000000	0.000000
-23.000000	4390.213086	1393.264229	2996.948856	1481.135325	477.316583	-565.187679	0.000000	3082.493543	-85.544687	0.000000	0.000000
-22.800000	4389.136266	1392.254217	2996.882049	1481.135327	476.368994	-565.250103	0.000000	3082.424150	-85.542101	0.000000	0.000000
-22.600000	4388.068526	1391.251898	2996.816628	1481.135321	475.428739	-565.312162	0.000000	3082.356205	-85.539577	0.000000	0.000000
-22.400000	4387.009884	1390.257318	2996.752566	1481.135320	474.495847	-565.373849	0.000000	3082.289679	-85.537113	0.000000	0.000000
-22.200000	4385.960397	1389.270560	2996.689838	1481.135329	473.570386	-565.435155	0.000000	3082.224546	-85.534708	0.000000	0.000000
-22.000000	4384.919950	1388.291541	2996.628409	1481.135331	472.652290	-565.496081	0.000000	3082.160774	-85.532364	0.000000	0.000000
-21.800000	4383.888631	1387.320372	2996.568259	1481.135322	471.741663	-565.556614	0.000000	3082.098339	-85.530081	0.000000	0.000000
-21.600000	4382.866401	1386.357044	2996.509357	1481.135319	470.838477	-565.616752	0.000000	3082.037212	-85.527856	0.000000	0.000000
-21.400000	4381.853290	1385.401611	2996.451679	1481.135327	469.942773	-565.676489	0.000000	3081.977368	-85.525689	0.000000	0.000000
-21.200000	4380.849245	1384.454047	2996.395198	1481.135319	469.054548	-565.735821	0.000000	3081.918779	-85.523581	0.000000	0.000000
-21.000000	4379.854344	1383.514453	2996.339892	1481.135331	468.173861	-565.794740	0.000000	3081.861422	-85.521531	0.000000	0.000000
-20.800000	4378.868508	1382.582776	2996.285731	1481.135324	467.300694	-565.853242	0.000000	3081.805271	-85.519540	0.000000	0.000000
-20.600000	4377.891797	1381.659101	2996.232696	1481.135324	466.435099	-565.911322	0.000000	3081.750302	-85.517605	0.000000	0.000000
-20.400000	4376.924184	1380.743422	2996.180762	1481.135322	465.577075	-565.968975	0.000000	3081.696490	-85.515728	0.000000	0.000000
-20.200000	4375.965706	1379.835800	2996.129906	1481.135328	464.726667	-566.026194	0.000000	3081.643814	-85.513908	0.000000	0.000000
-20.000000	4375.016321	1378.936217	2996.080104	1481.135332	463.883863	-566.082978	0.000000	3081.592248	-85.512144	0.000000	0.000000
-19.800000	4374.076054	1378.044720	2996.031334	1481.135330	463.048708	-566.139319	0.000000	3081.541771	-85.510437	0.000000	0.000000
-19.600000	4373.144910	1377.161333	2995.983576	1481.135324	462.221222	-566.195212	0.000000	3081.492362	-85.508786	0.000000	0.000000
-19.400000	4372.222907	1376.286098	2995.936809	1481.135328	461.401423	-566.250654	0.000000	3081.443999	-85.507190	0.000000	0.000000
-19.200000	4371.310012	1375.419003	2995.891009	1481.135328	460.589315	-566.305640	0.000000	3081.396659	-85.505650	0.000000	0.000000
-19.000000	4370.406237	1374.560080	2995.846157	1481.135318	459.784928	-566.360166	0.000000	3081.350323	-85.504165	0.000000	0.000000
-18.800000	4369.511622	1373.709387	2995.802235	1481.135320	458.988293	-566.414226	0.000000	3081.304970	-85.502735	0.000000	0.000000
-18.600000	4368.626183	1372.866960	2995.759223	1481.135325	458.199450	-566.467815	0.000000	3081.260582	-85.501358	0.000000	0.000000
-18.400000	4367.749854	1372.032755	2995.717099	1481.135325	457.418362	-566.520932	0.000000	3081.217136	-85.500036	0.000000	0.000000
-18.200000	4366.882678	1371.206833	2995.675846	1481.135324	456.645080	-566.573572	0.000000	3081.174614	-85.498768	0.000000	0.000000
-18.000000	4366.024675	1370.389229	2995.635445	1481.135327	455.879632	-566.625729	0.000000	3081.132999	-85.497554	0.000000	0.000000
-17.800000	4365.175816	1369.579938	2995.595878	1481.135329	455.122011	-566.677402	0.000000	3081.092271	-85.496393	0.000000	0.000000
-17.600000	4364.336159	1368.779030	2995.557129	1481.135329	454.372284	-566.728582	0.000000	3081.052414	-85.495285	0.000000	0.000000
-17.400000	4363.505647	1367.986470	2995.519178	1481.135316	453.630424	-566.779271	0.000000	3081.013408	-85.494230	0.000000	0.000000
-17.200000	4362.684350	1367.202340	2995.482010	1481.135328	452.896473	-566.829462	0.000000	3080.975236	-85.493226	0.000000	0.000000
-17.000000	4361.872239	1366.426631	2995.445608	1481.135325	452.170457	-566.879151	0.000000	3080.937884	-85.492276	0.000000	0.000000
-16.800000	4361.069324	1365.659370	2995.409954	1481.135326	451.452379	-566.928336	0.000000	3080.901332	-85.491377	0.000000	0.000000
-16.600000	4360.275587	1364.900554	2995.375033	1481.135318	450.742250	-566.977014	0.000000	3080.865564	-85.490531	0.000000	0.000000
-16.400000	4359.491091	1364.150259	2995.340832	1481.135329	450.040111	-567.025181	0.000000	3080.830566	-85.489734	0.000000	0.000000
-16.200000	4358.715807	1363.408475	2995.307332	1481.135322	449.345984	-567.072832	0.000000	3080.796322	-85.488990	0.000000	0.000000
-16.000000	4357.949764	1362.675244	2995.274520	1481.135322	448.659886	-567.119964	0.000000	3080.762817	-85.488297	0.000000	0.000000
-15.800000	4357.192952	1361.950570	2995.242382	1481.135329	447.981818	-567.166576	0.000000	3080.730035	-85.487653	0.000000	0.000000
-15.600000	4356.445354	1361.234454	2995.210900	1481.135322	447.311798	-567.212665	0.000000	3080.697961	-85.487061	0.000000	0.000000
-15.400000	4355.707049	1360.526984	2995.180065	1481.135320	446.649889	-567.258225	0.000000	3080.666584	-85.486519	0.000000	0.000000
-15.200000	4354.977963	1359.828104	2995.149858	1481.135318	445.996043	-567.303257	0.000000	3080.635885	-85.486027	0.000000	0.000000
-15.000000	4354.258167	1359.137897	2995.120270	1481.135321	445.350330	-567.347754	0.000000	3080.605854	-85.485583	0.000000	0.000000
-14.800000	4353.547653	1358.456366	2995.091286	1481.135322	444.712760	-567.391716	0.000000	3080.576476	-85.485190	0.000000	0.000000
-14.600000	4352.846448	1357.783553	2995.062895	1481.135329	444.083362	-567.435138	0.000000	3080.547740	-85.484845	0.000000	0.000000
-14.400000	4352.154466	1357.119387	2995.035079	1481.135321	443.462088	-567.478023	0.000000	3080.519629	-85.484550	0.000000	0.000000
-14.200000	4351.471851	1356.464019	2995.007832	1481.135331	442.849049	-567.520361	0.000000	3080.492135	-85.484303	0.000000	0.000000
-14.000000	4350.798509	1355.817371	2994.981137	1481.135330	442.244196	-567.562154	0.000000	3080.465242	-85.484105	0.000000	0.000000
-13.800000	4350.134497	1355.179512	2994.954985	1481.135329	441.647582	-567.603399	0.000000	3080.438940	-85.483955	0.000000	0.000000
-13.600000	4349.479825	1354.550461	2994.929365	1481.135329	441.059224	-567.644093	0.000000	3080.413218	-85.483853	0.000000	0.000000
-13.400000	4348.834449	1353.930188	2994.904261	1481.135313	440.479109	-567.684235	0.000000	3080.388062	-85.483800	0.000000	0.000000
-13.200000	4348.198443	1353.318775	2994.879668	1481.135319	439.907278	-567.723822	0.000000	3080.363461	-85.483793	0.000000	0.000000
-13.000000	4347.571799	1352.716227	2994.855572	1481.135320	439.343758	-567.762851	0.000000	3080.339406	-85.483834	0.000000	0.000000
-12.800000	4346.954535	1352.122572	2994.831963	1481.135324	438.788569	-567.801321	0.000000	3080.315885	-85.483922	0.000000	0.000000
-12.600000	4346.346637	1351.537807	2994.808830	1481.135324	438.241712	-567.839229	0.000000	3080.292887	-85.484057	0.000000	0.000000
-12.400000	4345.748123	1350.961959	2994.786164	1481.135332	437.703203	-567.876576	0.000000	3080.270402	-85.484238	0.000000	0.000000
-12.200000	4345.158986	1350.395033	2994.763953	1481.135321	437.173068	-567.913357	0.000000	3080.248420	-85.484467	0.000000	0.000000
-12.000000	4344.579263	1349.837074	2994.742189	1481.135322	436.651324	-567.949572	0.000000	3080.226932	-85.484742	0.000000	0.000000
-11.800000	4344.008958	1349.288095	2994.720863	1481.135326	436.137988	-567.985219	0.000000	3080.205926	-85.485063	0.000000	0.000000
-11.600000	4343.448053	1348.748089	2994.699964	1481.135319	435.633068	-568.020297	0.000000	3080.185394	-85.485430	0.000000	0.000000
-11.400000	4342.896612	1348.217127	2994.679485	1481.135325	435.136605	-568.054803	0.000000	3080.165327	-85.485842	0.000000	0.000000
-11.200000	4342.354593	1347.695178	2994.659415	1481.135321	434.648593	-568.088737	0.000000	3080.145716	-85.486301	0.000000	0.000000
-11.000000	4341.822049	1347.182302	2994.639747	1481.135326	434.169072	-568.122096	0.000000	3080.126552	-85.486805	0.000000	0.000000
-10.800000	4341.298936	1346.678465	2994.620471	1481.135324	433.698022	-568.154881	0.000000	3080.107825	-85.487354	0.000000	0.000000
-10.600000	4340.785307	1346.183727	2994.601580	1481.135317	433.235499	-568.187088	0.000000	3080.089528	-85.487948	0.000000	0.000000
-10.400000	4340.281156	1345.698091	2994.583065	1481.135315	432.781495	-568.218719	0.000000	3080.071653	-85.488587	0.000000	0.000000
-10.200000	4339.786521	1345.221600	2994.564921	1481.135334	432.336036	-568.249770	0.000000	3080.054190	-85.489270	0.000000	0.000000
-10.000000	4339.301364	1344.754229	2994.547135	1481.135325	431.899145	-568.280241	0.000000	3080.037134	-85.489998	0.000000	0.000000
-9.800000	4338.825706	1344.296003	2994.529703	1481.135321	431.470814	-568.310133	0.000000	3080.020474	-85.490771	0.000000	0.000000
-9.600000	4338.359599	1343.846981	2994.512618	1481.135321	431.051101	-568.339441	0.000000	3080.004206	-85.491588	0.000000	0.000000
-9.400000	4337.903012	1343.407141	2994.495871	1481.135326	430.639983	-568.368168	0.000000	3079.988320	-85.492449	0.000000	0.000000
-9.200000	4337.455950	1342.976494	2994.479456	1481.135324	430.237482	-568.396312	0.000000	3079.972809	-85.493353	0.000000	0.000000
-9.000000	4337.018465	1342.555098	2994.463366	1481.135325	429.843643	-568.423870	0.000000	3079.957668	-85.494302	0.000000	0.000000
-8.800000	4336.590520	1342.142925	2994.447594	1481.135319	429.458450	-568.450844	0.000000	3079.942889	-85.495294	0.000000	0.000000
-8.600000	4336.172163	1341.740028	2994.432135	1481.135322	429.081939	-568.477233	0.000000	3079.928464	-85.496330	0.000000	0.000000
-8.400000	4335.763393	1341.346412	2994.416981	1481.135333	428.714114	-568.503035	0.000000	3079.914389	-85.497407	0.000000	0.000000
-8.200000	4335.364192	1340.962067	2994.402125	1481.135321	428.354998	-568.528252	0.000000	3079.900656	-85.498530	0.000000	0.000000
-8.000000	4334.974602	1340.587039	2994.387563	1481.135321	428.004599	-568.552881	0.000000	3079.887259	-85.499695	0.000000	0.000000
-7.800000	4334.594624	1340.221335	2994.373289	1481.135324	427.662934	-568.576924	0.000000	3079.874192	-85.500903	0.000000	0.000000
-7.600000	4334.224266	1339.864970	2994.359296	1481.135330	427.330019	-568.600379	0.000000	3079.861449	-85.502153	0.000000	0.000000
-7.400000	4333.863546	1339.517968	2994.345579	1481.135325	427.005887	-568.623245	0.000000	3079.849025	-85.503446	0.000000	0.000000
-7.200000	4333.512459	1339.180327	2994.332132	1481.135323	426.690528	-568.645524	0.000000	3079.836914	-85.504782	0.000000	0.000000
-7.000000	4333.171015	1338.852065	2994.318950	1481.135317	426.383963	-568.667215	0.000000	3079.825111	-85.506161	0.000000	0.000000
-6.800000	4332.839257	1338.533228	2994.306030	1481.135327	426.086218	-568.688317	0.000000	3079.813610	-85.507580	0.000000	0.000000
-6.600000	4332.517159	1338.223795	2994.293364	1481.135326	425.797300	-568.708831	0.000000	3079.802406	-85.509042	0.000000	0.000000
-6.400000	4332.204731	1337.923784	2994.280947	1481.135327	425.517215	-568.728758	0.000000	3079.791493	-85.510546	0.000000	0.000000
-6.200000	4331.902010	1337.633233	2994.268777	1481.135326	425.246002	-568.748095	0.000000	3079.780869	-85.512092	0.000000	0.000000
-6.000000	4331.608972	1337.352125	2994.256846	1481.135321	424.983650	-568.766845	0.000000	3079.770527	-85.513680	0.000000	0.000000
-5.800000	4331.325652	1337.080500	2994.245153	1481.135319	424.730187	-568.785007	0.000000	3079.760463	-85.515310	0.000000	0.000000
-5.600000	4331.052059	1336.818368	2994.233691	1481.135328	424.485622	-568.802582	0.000000	3079.750671	-85.516980	0.000000	0.000000
-5.400000	4330.788190	1336.565733	2994.222457	1481.135325	424.249976	-568.819568	0.000000	3079.741150	-85.518692	0.000000	0.000000
-5.200000	4330.534066	1336.322619	2994.211447	1481.135326	424.023260	-568.835968	0.000000	3079.731893	-85.520446	0.000000	0.000000
-5.000000	4330.289684	1336.089028	2994.200656	1481.135325	423.805484	-568.851781	0.000000	3079.722897	-85.522241	0.000000	0.000000
-4.800000	4330.055063	1335.864983	2994.190081	1481.135327	423.596664	-568.867008	0.000000	3079.714157	-85.524076	0.000000	0.000000
-4.600000	4329.830211	1335.650494	2994.179717	1481.135324	423.396819	-568.881649	0.000000	3079.705671	-85.525953	0.000000	0.000000
-4.400000	4329.615129	1335.445567	2994.169562	1481.135325	423.205947	-568.895706	0.000000	3079.697433	-85.527871	0.000000	0.000000
-4.200000	4329.409849	1335.250237	2994.159612	1481.135324	423.024089	-568.909176	0.000000	3079.689442	-85.529830	0.000000	0.000000
-4.000000	4329.214360	1335.064497	2994.149863	1481.135325	422.851235	-568.922063	0.000000	3079.681692	-85.531829	0.000000	0.000000
-3.800000	4329.028679	1334.888367	2994.140313	1481.135329	422.687405	-568.934367	0.000000	3079.674181	-85.533868	0.000000	0.000000
-3.600000	4328.852799	1334.721844	2994.130956	1481.135323	422.532609	-568.946089	0.000000	3079.666905	-85.535949	0.000000	0.000000
-3.400000	4328.686762	1334.564970	2994.121792	1481.135321	422.386877	-568.957228	0.000000	3079.659862	-85.538070	0.000000	0.000000
-3.200000	4328.530559	1334.417742	2994.112817	1481.135329	422.250199	-568.967786	0.000000	3079.653048	-85.540231	0.000000	0.000000
-3.000000	4328.384191	1334.280163	2994.104028	1481.135325	422.122602	-568.977764	0.000000	3079.646460	-85.542433	0.000000	0.000000
-2.800000	4328.247690	1334.152267	2994.095422	1481.135332	422.004098	-568.987162	0.000000	3079.640096	-85.544674	0.000000	0.000000
-2.600000	4328.121027	1334.034031	2994.086996	1481.135321	421.894692	-568.995982	0.000000	3079.633953	-85.546957	0.000000	0.000000
-2.400000	4328.004257	1333.925507	2994.078749	1481.135327	421.794405	-569.004225	0.000000	3079.628028	-85.549279	0.000000	0.000000
-2.200000	4327.897357	1333.826679	2994.070678	1481.135328	421.703243	-569.011891	0.000000	3079.622318	-85.551641	0.000000	0.000000
-2.000000	4327.800346	1333.737567	2994.062779	1481.135325	421.621224	-569.018982	0.000000	3079.616822	-85.554043	0.000000	0.000000
-1.800000	4327.713242	1333.658190	2994.055052	1481.135331	421.548357	-569.025498	0.000000	3079.611537	-85.556485	0.000000	0.000000
-1.600000	4327.636030	1333.588537	2994.047494	1481.135324	421.484655	-569.031442	0.000000	3079.606460	-85.558967	0.000000	0.000000
-1.400000	4327.568742	1333.528640	2994.040102	1481.135322	421.430131	-569.036813	0.000000	3079.601591	-85.561489	0.000000	0.000000
-1.200000	4327.511377	1333.478501	2994.032876	1481.135320	421.384795	-569.041614	0.000000	3079.596926	-85.564050	0.000000	0.000000
-1.000000	4327.463948	1333.438136	2994.025813	1481.135320	421.348661	-569.045845	0.000000	3079.592464	-85.566651	0.000000	0.000000
-0.800000	4327.426471	1333.407559	2994.018911	1481.135328	421.321739	-569.049508	0.000000	3079.588203	-85.569291	0.000000	0.000000
-0.600000	4327.398931	1333.386762	2994.012169	1481.135324	421.304041	-569.052604	0.000000	3079.584141	-85.571972	0.000000	0.000000
-0.400000	4327.381352	1333.375766	2994.005585	1481.135321	421.295579	-569.055134	0.000000	3079.580277	-85.574692	0.000000	0.000000
-0.200000	4327.373748	1333.374590	2993.999159	1481.135325	421.296365	-569.057101	0.000000	3079.576610	-85.577451	0.000000	0.000000
0.000000	4327.376115	1333.383228	2993.992887	1481.135324	421.306409	-569.058505	0.000000	3079.573137	-85.580250	0.000000	0.000000
0.200000	4327.388468	1333.401698	2993.986770	1481.135322	421.325724	-569.059347	0.000000	3079.569858	-85.583088	0.000000	0.000000
0.400000	4327.410821	1333.430015	2993.980806	1481.135328	421.354318	-569.059630	0.000000	3079.566772	-85.585966	0.000000	0.000000
0.600000	4327.443168	1333.468174	2993.974994	1481.135325	421.392204	-569.059355	0.000000	3079.563876	-85.588883	0.000000	0.000000
0.800000	4327.485524	1333.516192	2993.969332	1481.135323	421.439392	-569.058524	0.000000	3079.561171	-85.591839	0.000000	0.000000
1.000000	4327.537898	1333.574077	2993.963821	1481.135320	421.495894	-569.057137	0.000000	3079.558656	-85.594835	0.000000	0.000000
1.200000	4327.600299	1333.641841	2993.958458	1481.135317	421.561721	-569.055198	0.000000	3079.556328	-85.597870	0.000000	0.000000
1.400000	4327.672744	1333.719499	2993.953245	1481.135325	421.636880	-569.052706	0.000000	3079.554189	-85.600944	0.000000	0.000000
1.600000	4327.755228	1333.807048	2993.948180	1481.135324	421.721389	-569.049665	0.000000	3079.552237	-85.604057	0.000000	0.000000
1.800000	4327.847759	1333.904497	2993.943262	1481.135329	421.815245	-569.046076	0.000000	3079.550471	-85.607209	0.000000	0.000000
2.000000	4327.950346	1334.011855	2993.938490	1481.135324	421.918472	-569.041940	0.000000	3079.548892	-85.610402	0.000000	0.000000
2.200000	4328.063001	1334.129135	2993.933866	1481.135322	422.031073	-569.037260	0.000000	3079.547498	-85.613633	0.000000	0.000000
2.400000	4328.185733	1334.256345	2993.929388	1481.135325	422.153058	-569.032038	0.000000	3079.546290	-85.616903	0.000000	0.000000
2.600000	4328.318550	1334.393494	2993.925056	1481.135331	422.284436	-569.026274	0.000000	3079.545268	-85.620211	0.000000	0.000000
2.800000	4328.461454	1334.540584	2993.920870	1481.135327	422.425228	-569.019972	0.000000	3079.544430	-85.623560	0.000000	0.000000
3.000000	4328.614452	1334.697622	2993.916830	1481.135325	422.575429	-569.013132	0.000000	3079.543778	-85.626948	0.000000	0.000000
3.200000	4328.777553	1334.864616	2993.912937	1481.135325	422.735049	-569.005758	0.000000	3079.543312	-85.630375	0.000000	0.000000
3.400000	4328.950761	1335.041571	2993.909189	1481.135320	422.904102	-568.997851	0.000000	3079.543031	-85.633841	0.000000	0.000000
3.600000	4329.134109	1335.228519	2993.905590	1481.135329	423.082602	-568.989412	0.000000	3079.542936	-85.637346	0.000000	0.000000
3.800000	4329.327564	1335.425428	2993.902136	1481.135321	423.270552	-568.980445	0.000000	3079.543027	-85.640891	0.000000	0.000000
4.000000	4329.531174	1335.632343	2993.898831	1481.135325	423.467969	-568.970951	0.000000	3079.543305	-85.644474	0.000000	0.000000
4.200000	4329.744909	1335.849235	2993.895674	1481.135322	423.674845	-568.960932	0.000000	3079.543770	-85.648097	0.000000	0.000000
4.400000	4329.968799	1336.076134	2993.892665	1481.135320	423.891204	-568.950390	0.000000	3079.544424	-85.651759	0.000000	0.000000
4.600000	4330.202851	1336.313045	2993.889806	1481.135323	424.117050	-568.939328	0.000000	3079.545266	-85.655460	0.000000	0.000000
4.800000	4330.447073	1336.559975	2993.887098	1481.135324	424.352398	-568.927748	0.000000	3079.546298	-85.659200	0.000000	0.000000
5.000000	4330.701450	1336.816909	2993.884541	1481.135323	424.597238	-568.915651	0.000000	3079.547520	-85.662979	0.000000	0.000000
5.200000	4330.966022	1337.083886	2993.882136	1481.135321	424.851606	-568.903040	0.000000	3079.548934	-85.666798	0.000000	0.000000
5.400000	4331.240760	1337.360876	2993.879884	1481.135320	425.115475	-568.889919	0.000000	3079.550541	-85.670656	0.000000	0.000000
5.600000	4331.525710	1337.647922	2993.877788	1481.135325	425.388885	-568.876287	0.000000	3079.552342	-85.674554	0.000000	0.000000
5.800000	4331.820848	1337.945001	2993.875847	1481.135324	425.671825	-568.862149	0.000000	3079.554338	-85.678490	0.000000	0.000000
6.000000	4332.126197	1338.252133	2993.874064	1481.135320	425.964319	-568.847505	0.000000	3079.556531	-85.682467	0.000000	0.000000
6.200000	4332.441754	1338.569315	2993.872439	1481.135317	426.266358	-568.832360	0.000000	3079.558922	-85.686483	0.000000	0.000000
6.400000	4332.767539	1338.896563	2993.870976	1481.135328	426.577949	-568.816714	0.000000	3079.561513	-85.690537	0.000000	0.000000
6.600000	4333.103549	1339.233875	2993.869674	1481.135320	426.899126	-568.800571	0.000000	3079.564306	-85.694632	0.000000	0.000000
6.800000	4333.449791	1339.581255	2993.868536	1481.135318	427.229868	-568.783932	0.000000	3079.567302	-85.698766	0.000000	0.000000
7.000000	4333.806269	1339.938705	2993.867564	1481.135322	427.570184	-568.766801	0.000000	3079.570504	-85.702940	0.000000	0.000000
7.200000	4334.173002	1340.306242	2993.866760	1481.135319	427.920102	-568.749179	0.000000	3079.573913	-85.707153	0.000000	0.000000
7.400000	4334.549989	1340.683863	2993.866126	1481.135320	428.279612	-568.731070	0.000000	3079.577532	-85.711406	0.000000	0.000000
7.600000	4334.937240	1341.071576	2993.865664	1481.135326	428.648725	-568.712475	0.000000	3079.581363	-85.715698	0.000000	0.000000
7.800000	4335.334753	1341.469376	2993.865377	1481.135328	429.027446	-568.693398	0.000000	3079.585408	-85.720031	0.000000	0.000000
8.000000	4335.742534	1341.877268	2993.865266	1481.135327	429.415781	-568.673840	0.000000	3079.589669	-85.724403	0.000000	0.000000
8.200000	4336.160588	1342.295254	2993.865334	1481.135320	429.813739	-568.653805	0.000000	3079.594150	-85.728816	0.000000	0.000000
8.400000	4336.588962	1342.723377	2993.865585	1481.135323	430.221347	-568.633293	0.000000	3079.598853	-85.733268	0.000000	0.000000
8.600000	4337.027608	1343.161587	2993.866021	1481.135327	430.638571	-568.612310	0.000000	3079.603780	-85.737759	0.000000	0.000000
8.800000	4337.476541	1343.609899	2993.866643	1481.135316	431.065439	-568.590857	0.000000	3079.608935	-85.742292	0.000000	0.000000
9.000000	4337.935792	1344.068336	2993.867456	1481.135319	431.501954	-568.568937	0.000000	3079.614320	-85.746864	0.000000	0.000000
9.200000	4338.405342	1344.536879	2993.868463	1481.135320	431.948112	-568.546553	0.000000	3079.619939	-85.751477	0.000000	0.000000
9.400000	4338.885247	1345.015581	2993.869666	1481.135321	432.403964	-568.523705	0.000000	3079.625796	-85.756130	0.000000	0.000000
9.600000	4339.375447	1345.504377	2993.871070	1481.135331	432.869446	-568.500399	0.000000	3079.631892	-85.760822	0.000000	0.000000
9.800000	4339.875991	1346.003315	2993.872676	1481.135325	433.344626	-568.476636	0.000000	3079.638232	-85.765556	0.000000	0.000000
10.000000	4340.386871	1346.512382	2993.874489	1481.135316	433.829485	-568.452419	0.000000	3079.644819	-85.770331	0.000000	0.000000
10.200000	4340.908104	1347.031591	2993.876513	1481.135323	434.324020	-568.427751	0.000000	3079.651658	-85.775145	0.000000	0.000000
10.400000	4341.439682	1347.560932	2993.878751	1481.135323	434.828244	-568.402635	0.000000	3079.658751	-85.780000	0.000000	0.000000
10.600000	4341.981593	1348.100387	2993.881207	1481.135322	435.342140	-568.377074	0.000000	3079.666103	-85.784896	0.000000	0.000000
10.800000	4342.533899	1348.650014	2993.883885	1481.135322	435.865761	-568.351070	0.000000	3079.673718	-85.789833	0.000000	0.000000
11.000000	4343.096570	1349.209780	2993.886789	1481.135328	436.399078	-568.324625	0.000000	3079.681600	-85.794810	0.000000	0.000000
11.200000	4343.669580	1349.779656	2993.889923	1481.135322	436.942079	-568.297745	0.000000	3079.689753	-85.799829	0.000000	0.000000
11.400000	4344.253015	1350.359722	2993.893293	1481.135324	437.494827	-568.270429	0.000000	3079.698182	-85.804889	0.000000	0.000000
11.600000	4344.846825	1350.949923	2993.896902	1481.135321	438.057284	-568.242682	0.000000	3079.706892	-85.809990	0.000000	0.000000
11.800000	4345.451018	1351.550264	2993.900754	1481.135320	438.629450	-568.214507	0.000000	3079.715887	-85.815133	0.000000	0.000000
12.000000	4346.065627	1352.160772	2993.904856	1481.135321	439.211356	-568.185905	0.000000	3079.725172	-85.820317	0.000000	0.000000
12.200000	4346.690648	1352.781437	2993.909211	1481.135324	439.802995	-568.156881	0.000000	3079.734752	-85.825542	0.000000	0.000000
12.400000	4347.326055	1353.412230	2993.913825	1481.135330	440.404339	-568.127439	0.000000	3079.744633	-85.830808	0.000000	0.000000
12.600000	4347.971909	1354.053207	2993.918702	1481.135323	441.015461	-568.097577	0.000000	3079.754819	-85.836117	0.000000	0.000000
12.800000	4348.628166	1354.704317	2993.923848	1481.135321	441.636300	-568.067303	0.000000	3079.765316	-85.841468	0.000000	0.000000
13.000000	4349.294858	1355.365588	2993.929270	1481.135328	442.266878	-568.036618	0.000000	3079.776130	-85.846860	0.000000	0.000000
13.200000	4349.971999	1356.037027	2993.934972	1481.135326	442.907226	-568.005525	0.000000	3079.787266	-85.852294	0.000000	0.000000
13.400000	4350.659572	1356.718613	2993.940959	1481.135319	443.557320	-567.974026	0.000000	3079.798731	-85.857771	0.000000	0.000000
13.600000	4351.357641	1357.410401	2993.947240	1481.135328	444.217198	-567.942125	0.000000	3079.810530	-85.863290	0.000000	0.000000
13.800000	4352.066109	1358.112291	2993.953818	1481.135327	444.886790	-567.909826	0.000000	3079.822669	-85.868851	0.000000	0.000000
14.000000	4352.785070	1358.824369	2993.960701	1481.135328	445.566171	-567.877131	0.000000	3079.835156	-85.874455	0.000000	0.000000
14.200000	4353.514498	1359.546604	2993.967894	1481.135327	446.255319	-567.844042	0.000000	3079.847996	-85.880102	0.000000	0.000000
14.400000	4354.254390	1360.278985	2993.975405	1481.135321	446.954227	-567.810564	0.000000	3079.861196	-85.885791	0.000000	0.000000
14.600000	4355.004773	1361.021534	2993.983239	1481.135321	447.662912	-567.776699	0.000000	3079.874763	-85.891524	0.000000	0.000000
14.800000	4355.765668	1361.774262	2993.991406	1481.135322	448.381389	-567.742449	0.000000	3079.888705	-85.897299	0.000000	0.000000
15.000000	4356.537033	1362.537122	2993.999910	1481.135324	449.109619	-567.707820	0.000000	3079.903028	-85.903117	0.000000	0.000000
15.200000	4357.318907	1363.310146	2994.008760	1481.135326	449.847634	-567.672813	0.000000	3079.917740	-85.908979	0.000000	0.000000
15.400000	4358.111290	1364.093327	2994.017963	1481.135320	450.595438	-567.637431	0.000000	3079.932848	-85.914885	0.000000	0.000000
15.600000	4358.914204	1364.886677	2994.027527	1481.135326	451.353028	-567.601678	0.000000	3079.948360	-85.920833	0.000000	0.000000
15.800000	4359.727633	1365.690174	2994.037459	1481.135317	452.120414	-567.565557	0.000000	3079.964285	-85.926827	0.000000	0.000000
16.000000	4360.551588	1366.503821	2994.047767	1481.135328	452.897563	-567.529071	0.000000	3079.980630	-85.932863	0.000000	0.000000
16.200000	4361.386071	1367.327611	2994.058460	1481.135321	453.684513	-567.492223	0.000000	3079.997404	-85.938944	0.000000	0.000000
16.400000	4362.231116	1368.161570	2994.069546	1481.135323	454.481263	-567.455016	0.000000	3080.014615	-85.945069	0.000000	0.000000
16.600000	4363.086712	1369.005678	2994.081034	1481.135324	455.287807	-567.417454	0.000000	3080.032272	-85.951238	0.000000	0.000000
16.800000	4363.952855	1369.859923	2994.092932	1481.135323	456.104139	-567.379539	0.000000	3080.050384	-85.957452	0.000000	0.000000
17.000000	4364.829564	1370.724313	2994.105250	1481.135326	456.930263	-567.341276	0.000000	3080.068960	-85.963710	0.000000	0.000000
17.200000	4365.716843	1371.598846	2994.117997	1481.135325	457.766188	-567.302666	0.000000	3080.088010	-85.970013	0.000000	0.000000
17.400000	4366.614696	1372.483515	2994.131181	1481.135319	458.611910	-567.263714	0.000000	3080.107543	-85.976362	0.000000	0.000000
17.600000	4367.523163	1373.378349	2994.144814	1481.135323	459.467449	-567.224422	0.000000	3080.127570	-85.982756	0.000000	0.000000
17.800000	4368.442218	1374.283314	2994.158904	1481.135319	460.332789	-567.184794	0.000000	3080.148099	-85.989195	0.000000	0.000000
18.000000	4369.371885	1375.198422	2994.173463	1481.135326	461.207928	-567.144833	0.000000	3080.169142	-85.995679	0.000000	0.000000
18.200000	4370.312137	1376.123637	2994.188500	1481.135324	462.092856	-567.104542	0.000000	3080.190708	-86.002209	0.000000	0.000000
18.400000	4371.263026	1377.059001	2994.204026	1481.135331	462.987595	-567.063925	0.000000	3080.212810	-86.008784	0.000000	0.000000
18.600000	4372.224528	1378.004478	2994.220051	1481.135326	463.892136	-567.022985	0.000000	3080.235457	-86.015407	0.000000	0.000000
18.800000	4373.196654	1378.960068	2994.236586	1481.135322	464.806472	-566.981725	0.000000	3080.258661	-86.022075	0.000000	0.000000
19.000000	4374.179462	1379.925817	2994.253644	1481.135320	465.730645	-566.940148	0.000000	3080.282434	-86.028790	0.000000	0.000000
19.200000	4375.172884	1380.901648	2994.271236	1481.135320	466.664586	-566.898259	0.000000	3080.306787	-86.035551	0.000000	0.000000
19.400000	4376.176989	1381.887616	2994.289374	1481.135325	467.608349	-566.856059	0.000000	3080.331733	-86.042359	0.000000	0.000000
19.600000	4377.191784	1382.883714	2994.308070	1481.135328	468.561937	-566.813551	0.000000	3080.357283	-86.049214	0.000000	0.000000
19.800000	4378.217231	1383.889896	2994.327335	1481.135323	469.525314	-566.770741	0.000000	3080.383451	-86.056116	0.000000	0.000000
20.000000	4379.253336	1384.906153	2994.347182	1481.135324	470.498462	-566.727633	0.000000	3080.410248	-86.063066	0.000000	0.000000
20.200000	4380.300170	1385.932544	2994.367627	1481.135332	471.481438	-566.684227	0.000000	3080.437689	-86.070062	0.000000	0.000000
20.400000	4381.357715	1386.969036	2994.388679	1481.135319	472.474243	-566.640526	0.000000	3080.465787	-86.077108	0.000000	0.000000
20.600000	4382.425972	1388.015617	2994.410355	1481.135322	473.476832	-566.596537	0.000000	3080.494556	-86.084201	0.000000	0.000000
20.800000	4383.504954	1389.072288	2994.432667	1481.135326	474.489222	-566.552261	0.000000	3080.524008	-86.091341	0.000000	0.000000
21.000000	4384.594646	1390.139017	2994.455629	1481.135330	475.511389	-566.507703	0.000000	3080.554159	-86.098530	0.000000	0.000000
21.200000	4385.695101	1391.215846	2994.479256	1481.135321	476.543389	-566.462864	0.000000	3080.585025	-86.105769	0.000000	0.000000
21.400000	4386.806300	1392.302737	2994.503562	1481.135323	477.585164	-566.417750	0.000000	3080.616618	-86.113055	0.000000	0.000000
21.600000	4387.928267	1393.399703	2994.528564	1481.135328	478.636737	-566.372363	0.000000	3080.648955	-86.120391	0.000000	0.000000
21.800000	4389.060993	1394.506718	2994.554275	1481.135321	479.698103	-566.326706	0.000000	3080.682051	-86.127776	0.000000	0.000000
22.000000	4390.204561	1395.623848	2994.580713	1481.135326	480.769304	-566.280782	0.000000	3080.715924	-86.135210	0.000000	0.000000
22.200000	4391.358861	1396.750969	2994.607892	1481.135326	481.850241	-566.234598	0.000000	3080.750586	-86.142694	0.000000	0.000000
22.400000	4392.524022	1397.888191	2994.635831	1481.135327	482.941016	-566.188152	0.000000	3080.786059	-86.150228	0.000000	0.000000
22.600000	4393.699951	1399.035408	2994.664543	1481.135322	484.041539	-566.141453	0.000000	3080.822355	-86.157812	0.000000	0.000000
22.800000	4394.886720	1400.192672	2994.694048	1481.135326	485.151847	-566.094502	0.000000	3080.859494	-86.165446	0.000000	0.000000
23.000000	4396.084359	1401.359995	2994.724364	1481.135327	486.271969	-566.047300	0.000000	3080.897495	-86.173131	0.000000	0.000000
23.200000	4397.292844	1402.537338	2994.755507	1481.135320	487.401871	-565.999854	0.000000	3080.936374	-86.180867	0.000000	0.000000
23.400000	4398.512187	1403.724691	2994.787496	1481.135323	488.541534	-565.952166	0.000000	3080.976149	-86.188654	0.000000	0.000000
23.600000	4399.742416	1404.922066	2994.820350	1481.135317	489.690990	-565.904240	0.000000	3081.016842	-86.196492	0.000000	0.000000
23.800000	4400.983521	1406.129434	2994.854087	1481.135325	490.850190	-565.856081	0.000000	3081.058467	-86.204381	0.000000	0.000000
24.000000	4402.235563	1407.346835	2994.888728	1481.135323	492.019200	-565.807688	0.000000	3081.101050	-86.212322	0.000000	0.000000
24.200000	4403.498498	1408.574206	2994.924292	1481.135324	493.197951	-565.759069	0.000000	3081.144606	-86.220315	0.000000	0.000000
24.400000	4404.772363	1409.811565	2994.960799	1481.135330	494.386461	-565.710226	0.000000	3081.189158	-86.228360	0.000000	0.000000
24.600000	4406.057194	1411.058924	2994.998270	1481.135327	495.584759	-565.661162	0.000000	3081.234727	-86.236458	0.000000	0.000000
24.800000	4407.352992	1412.316265	2995.036727	1481.135319	496.792826	-565.611880	0.000000	3081.281335	-86.244609	0.000000	0.000000
25.000000	4408.659734	1413.583545	2995.076190	1481.135330	498.010601	-565.562386	0.000000	3081.329001	-86.252811	0.000000	0.000000
25.200000	4409.977465	1414.860784	2995.116681	1481.135326	499.238141	-565.512682	0.000000	3081.377749	-86.261068	0.000000	0.000000
25.400000	4411.306265	1416.148039	2995.158226	1481.135329	500.475479	-565.462770	0.000000	3081.427604	-86.269378	0.000000	0.000000
25.600000	4412.646039	1417.445195	2995.200844	1481.135326	501.722526	-565.412656	0.000000	3081.478586	-86.277742	0.000000	0.000000
25.800000	4413.996827	1418.752268	2995.244559	1481.135327	502.979285	-565.362344	0.000000	3081.530718	-86.286159	0.000000	0.000000
26.000000	4415.358703	1420.069306	2995.289396	1481.135324	504.245817	-565.311835	0.000000	3081.584028	-86.294632	0.000000	0.000000
26.200000	4416.731666	1421.396285	2995.335381	1481.135328	505.522092	-565.261134	0.000000	3081.638539	-86.303158	0.000000	0.000000
26.400000	4418.115671	1422.733136	2995.382535	1481.135324	506.808058	-565.210246	0.000000	3081.694275	-86.311739	0.000000	0.000000
26.600000	4419.510801	1424.079915	2995.430887	1481.135323	508.103764	-565.159172	0.000000	3081.751262	-86.320376	0.000000	0.000000
26.800000	4420.917099	1425.436637	2995.480462	1481.135319	509.409234	-565.107916	0.000000	3081.809530	-86.329068	0.000000	0.000000
27.000000	4422.334472	1426.803187	2995.531285	1481.135329	510.724343	-565.056484	0.000000	3081.869099	-86.337814	0.000000	0.000000
27.200000	4423.763038	1428.179653	2995.583385	1481.135324	512.049206	-565.004877	0.000000	3081.930002	-86.346617	0.000000	0.000000
27.400000	4425.202734	1429.565947	2995.636787	1481.135326	513.383724	-564.953102	0.000000	3081.992263	-86.355476	0.000000	0.000000
27.600000	4426.653720	1430.962196	2995.691524	1481.135327	514.728026	-564.901157	0.000000	3082.055916	-86.364392	0.000000	0.000000
27.800000	4428.115872	1432.368252	2995.747620	1481.135323	516.081979	-564.849051	0.000000	3082.120985	-86.373364	0.000000	0.000000
28.000000	4429.589241	1433.784136	2995.805106	1481.135323	517.445599	-564.796786	0.000000	3082.187499	-86.382393	0.000000	0.000000
28.200000	4431.073927	1435.209913	2995.864014	1481.135329	518.818948	-564.744364	0.000000	3082.255493	-86.391479	0.000000	0.000000
28.400000	4432.569855	1436.645485	2995.924370	1481.135319	520.201955	-564.691790	0.000000	3082.324994	-86.400624	0.000000	0.000000
28.600000	4434.077084	1438.090875	2995.986209	1481.135329	521.594615	-564.639069	0.000000	3082.396034	-86.409824	0.000000	0.000000
28.800000	4435.595660	1439.546098	2996.049562	1481.135321	522.996979	-564.586202	0.000000	3082.468647	-86.419085	0.000000	0.000000
29.000000	4437.125572	1441.011111	2996.114461	1481.135326	524.408981	-564.533195	0.000000	3082.542863	-86.428403	0.000000	0.000000
29.200000	4438.666865	1442.485926	2996.180939	1481.135322	525.830655	-564.480051	0.000000	3082.618718	-86.437780	0.000000	0.000000
29.400000	4440.219562	1443.970532	2996.249030	1481.135328	527.261976	-564.426772	0.000000	3082.696245	-86.447215	0.000000	0.000000
29.600000	4441.783653	1445.464885	2996.318768	1481.135330	528.702920	-564.373365	0.000000	3082.775477	-86.456709	0.000000	0.000000
29.800000	4443.359173	1446.968986	2996.390187	1481.135327	530.153491	-564.319832	0.000000	3082.856451	-86.466264	0.000000	0.000000
30.000000	4444.946232	1448.482905	2996.463328	1481.135324	531.613756	-564.266175	0.000000	3082.939206	-86.475879	0.000000	0.000000
30.200000	4446.544772	1450.006549	2996.538222	1481.135332	533.083617	-564.212400	0.000000	3083.023775	-86.485552	0.000000	0.000000
30.400000	4448.154788	1451.539881	2996.614907	1481.135328	534.563064	-564.158511	0.000000	3083.110194	-86.495287	0.000000	0.000000
30.600000	4449.776388	1453.082966	2996.693423	1481.135326	536.052151	-564.104510	0.000000	3083.198506	-86.505083	0.000000	0.000000
30.800000	4451.409579	1454.635771	2996.773808	1481.135330	537.550843	-564.050402	0.000000	3083.288747	-86.514939	0.000000	0.000000
31.000000	4453.054351	1456.198251	2996.856100	1481.135327	539.059115	-563.996191	0.000000	3083.380957	-86.524857	0.000000	0.000000
31.200000	4454.710784	1457.770442	2996.940342	1481.135327	540.576994	-563.941879	0.000000	3083.475179	-86.534837	0.000000	0.000000
31.400000	4456.378826	1459.352256	2997.026571	1481.135326	542.104403	-563.887473	0.000000	3083.571449	-86.544878	0.000000	0.000000
31.600000	4458.058641	1460.943806	2997.114835	1481.135324	543.641456	-563.832973	0.000000	3083.669817	-86.554982	0.000000	0.000000
31.800000	4459.750180	1462.545007	2997.205173	1481.135328	545.188064	-563.778385	0.000000	3083.770321	-86.565148	0.000000	0.000000
32.000000	4461.453463	1464.155835	2997.297628	1481.135322	546.744225	-563.723712	0.000000	3083.873005	-86.575377	0.000000	0.000000
32.200000	4463.168503	1465.776261	2997.392242	1481.135318	548.309902	-563.668959	0.000000	3083.977912	-86.585670	0.000000	0.000000
32.400000	4464.895419	1467.406352	2997.489067	1481.135320	549.885161	-563.614129	0.000000	3084.085093	-86.596025	0.000000	0.000000
32.600000	4466.634220	1469.046073	2997.588147	1481.135325	551.469972	-563.559224	0.000000	3084.194592	-86.606445	0.000000	0.000000
32.800000	4468.384827	1470.695305	2997.689522	1481.135320	553.064237	-563.504253	0.000000	3084.306450	-86.616928	0.000000	0.000000
33.000000	4470.147433	1472.354184	2997.793249	1481.135326	554.668072	-563.449214	0.000000	3084.420725	-86.627476	0.000000	0.000000
33.200000	4471.922007	1474.022634	2997.899373	1481.135322	556.281425	-563.394114	0.000000	3084.537462	-86.638089	0.000000	0.000000
33.400000	4473.708575	1475.700631	2998.007944	1481.135329	557.904258	-563.338956	0.000000	3084.656710	-86.648766	0.000000	0.000000
33.600000	4475.507190	1477.388178	2998.119012	1481.135326	559.536597	-563.283745	0.000000	3084.778521	-86.659509	0.000000	0.000000
33.800000	4477.317888	1479.085259	2998.232629	1481.135328	561.178414	-563.228483	0.000000	3084.902947	-86.670318	0.000000	0.000000
34.000000	4479.140672	1480.791826	2998.348846	1481.135326	562.829675	-563.173176	0.000000	3085.030038	-86.681192	0.000000	0.000000
34.200000	4480.975692	1482.507969	2998.467723	1481.135322	564.490472	-563.117824	0.000000	3085.159857	-86.692134	0.000000	0.000000
34.400000	4482.822865	1484.233558	2998.589307	1481.135329	566.160665	-563.062436	0.000000	3085.292448	-86.703141	0.000000	0.000000
34.600000	4484.682273	1485.968618	2998.713655	1481.135320	567.840312	-563.007014	0.000000	3085.427871	-86.714216	0.000000	0.000000
34.800000	4486.554014	1487.713184	2998.840829	1481.135330	569.529414	-562.951560	0.000000	3085.566186	-86.725357	0.000000	0.000000
35.000000	4488.438043	1489.467163	2998.970880	1481.135329	571.227913	-562.896080	0.000000	3085.707446	-86.736566	0.000000	0.000000
35.200000	4490.334543	1491.230667	2999.103876	1481.135324	572.935917	-562.840575	0.000000	3085.851721	-86.747844	0.000000	0.000000
35.400000	4492.243393	1493.003526	2999.239866	1481.135328	574.653252	-562.785053	0.000000	3085.999056	-86.759189	0.000000	0.000000
35.600000	4494.164762	1494.785843	2999.378920	1481.135325	576.380032	-562.729515	0.000000	3086.149523	-86.770604	0.000000	0.000000
35.800000	4496.098635	1496.577541	2999.521094	1481.135328	578.116180	-562.673966	0.000000	3086.303180	-86.782086	0.000000	0.000000
36.000000	4498.045076	1498.378622	2999.666454	1481.135328	579.861705	-562.618410	0.000000	3086.460092	-86.793638	0.000000	0.000000
36.200000	4500.004081	1500.189022	2999.815059	1481.135326	581.616549	-562.562853	0.000000	3086.620318	-86.805260	0.000000	0.000000
36.400000	4501.975792	1502.008810	2999.966982	1481.135327	583.380778	-562.507296	0.000000	3086.783933	-86.816951	0.000000	0.000000
36.600000	4503.960296	1503.838003	3000.122293	1481.135326	585.154418	-562.451741	0.000000	3086.951005	-86.828713	0.000000	0.000000
36.800000	4505.957541	1505.676490	3000.281051	1481.135321	586.937365	-562.396196	0.000000	3087.121596	-86.840545	0.000000	0.000000
37.000000	4507.967588	1507.524260	3000.443328	1481.135331	588.729595	-562.340665	0.000000	3087.295774	-86.852447	0.000000	0.000000
37.200000	4509.990517	1509.381324	3000.609193	1481.135328	590.531147	-562.285150	0.000000	3087.473613	-86.864420	0.000000	0.000000
37.400000	4512.026425	1511.247701	3000.778724	1481.135328	592.342029	-562.229656	0.000000	3087.655189	-86.876465	0.000000	0.000000
37.600000	4514.075301	1513.123316	3000.951985	1481.135318	594.162184	-562.174186	0.000000	3087.840568	-86.888583	0.000000	0.000000
37.800000	4516.137261	1515.008201	3001.129059	1481.135321	595.991626	-562.118745	0.000000	3088.029831	-86.900772	0.000000	0.000000
38.000000	4518.212361	1516.902341	3001.310020	1481.135327	597.830351	-562.063336	0.000000	3088.223053	-86.913032	0.000000	0.000000
38.200000	4520.300606	1518.805667	3001.494939	1481.135322	599.678309	-562.007965	0.000000	3088.420305	-86.925367	0.000000	0.000000
38.400000	4522.402085	1520.718188	3001.683897	1481.135321	601.535500	-561.952634	0.000000	3088.621670	-86.937773	0.000000	0.000000
38.600000	4524.516906	1522.639928	3001.876978	1481.135327	603.401949	-561.897348	0.000000	3088.827231	-86.950253	0.000000	0.000000
38.800000	4526.645114	1524.570852	3002.074262	1481.135333	605.277629	-561.842110	0.000000	3089.037068	-86.962806	0.000000	0.000000
39.000000	4528.786724	1526.510899	3002.275825	1481.135326	607.162498	-561.786925	0.000000	3089.251259	-86.975434	0.000000	0.000000
39.200000	4530.941861	1528.460104	3002.481757	1481.135325	609.056576	-561.731797	0.000000	3089.469893	-86.988136	0.000000	0.000000
39.400000	4533.110524	1530.418387	3002.692137	1481.135328	610.959790	-561.676731	0.000000	3089.693049	-87.000912	0.000000	0.000000
39.600000	4535.292948	1532.385880	3002.907068	1481.135324	612.872283	-561.621727	0.000000	3089.920832	-87.013764	0.000000	0.000000
39.800000	4537.488997	1534.362380	3003.126617	1481.135325	614.793850	-561.566794	0.000000	3090.153307	-87.026690	0.000000	0.000000
40.000000	4539.698858	1536.347972	3003.350886	1481.135328	616.724578	-561.511935	0.000000	3090.390577	-87.039691	0.000000	0.000000
40.200000	4541.922567	1538.342606	3003.579961	1481.135326	618.664432	-561.457152	0.000000	3090.632730	-87.052769	0.000000	0.000000
40.400000	4544.160189	1540.346255	3003.813934	1481.135319	620.613388	-561.402451	0.000000	3090.879857	-87.065923	0.000000	0.000000
40.600000	4546.411896	1542.358985	3004.052911	1481.135324	622.571496	-561.347834	0.000000	3091.132063	-87.079152	0.000000	0.000000
40.800000	4548.677710	1544.380729	3004.296981	1481.135328	624.538708	-561.293307	0.000000	3091.389439	-87.092459	0.000000	0.000000
41.000000	4550.957613	1546.411385	3004.546228	1481.135320	626.514939	-561.238874	0.000000	3091.652070	-87.105842	0.000000	0.000000
41.200000	4553.251846	1548.451073	3004.800773	1481.135327	628.500284	-561.184538	0.000000	3091.920076	-87.119303	0.000000	0.000000
41.400000	4555.560367	1550.499668	3005.060700	1481.135325	630.494648	-561.130305	0.000000	3092.193541	-87.132841	0.000000	0.000000
41.600000	4557.883336	1552.557217	3005.326119	1481.135322	632.498072	-561.076177	0.000000	3092.472576	-87.146457	0.000000	0.000000
41.800000	4560.220786	1554.623655	3005.597131	1481.135326	634.510488	-561.022159	0.000000	3092.757282	-87.160151	0.000000	0.000000
42.000000	4562.572828	1556.698987	3005.873841	1481.135323	636.531920	-560.968256	0.000000	3093.047764	-87.173923	0.000000	0.000000
42.200000	4564.939561	1558.783202	3006.156359	1481.135324	638.562348	-560.914471	0.000000	3093.344133	-87.187774	0.000000	0.000000
42.400000	4567.321105	1560.876308	3006.444797	1481.135323	640.601793	-560.860808	0.000000	3093.646501	-87.201704	0.000000	0.000000
42.600000	4569.717538	1562.978274	3006.739264	1481.135326	642.650218	-560.807270	0.000000	3093.954978	-87.215713	0.000000	0.000000
42.800000	4572.128816	1565.088961	3007.039856	1481.135324	644.707503	-560.753866	0.000000	3094.269657	-87.229802	0.000000	0.000000
43.000000	4574.555253	1567.208541	3007.346712	1481.135323	646.773812	-560.700594	0.000000	3094.590682	-87.243970	0.000000	0.000000
43.200000	4576.996825	1569.336891	3007.659935	1481.135323	648.849030	-560.647462	0.000000	3094.918153	-87.258219	0.000000	0.000000
43.400000	4579.453598	1571.473960	3007.979637	1481.135328	650.933106	-560.594474	0.000000	3095.252184	-87.272547	0.000000	0.000000
43.600000	4581.925762	1573.619813	3008.305949	1481.135326	653.026120	-560.541632	0.000000	3095.592905	-87.286956	0.000000	0.000000
43.800000	4584.413344	1575.774363	3008.638981	1481.135322	655.127983	-560.488943	0.000000	3095.940428	-87.301446	0.000000	0.000000
44.000000	4586.916475	1577.937613	3008.978863	1481.135326	657.238697	-560.436410	0.000000	3096.294880	-87.316017	0.000000	0.000000
44.200000	4589.435294	1580.109575	3009.325720	1481.135321	659.358289	-560.384035	0.000000	3096.656389	-87.330670	0.000000	0.000000
44.400000	4591.969866	1582.290190	3009.679676	1481.135327	661.486688	-560.331826	0.000000	3097.025079	-87.345403	0.000000	0.000000
44.600000	4594.520335	1584.479474	3010.040861	1481.135322	663.623935	-560.279784	0.000000	3097.401080	-87.360219	0.000000	0.000000
44.800000	4597.086746	1586.677346	3010.409400	1481.135330	665.769931	-560.227915	0.000000	3097.784516	-87.375116	0.000000	0.000000
45.000000	4599.669293	1588.883861	3010.785432	1481.135327	667.924757	-560.176222	0.000000	3098.175528	-87.390096	0.000000	0.000000
45.200000	4602.268051	1591.098963	3011.169088	1481.135326	670.088347	-560.124710	0.000000	3098.574247	-87.405159	0.000000	0.000000
45.400000	4604.883028	1593.322543	3011.560485	1481.135322	672.260606	-560.073385	0.000000	3098.980789	-87.420304	0.000000	0.000000
45.600000	4607.514579	1595.554778	3011.959800	1481.135322	674.441704	-560.022247	0.000000	3099.395333	-87.435532	0.000000	0.000000
45.800000	4610.162575	1597.795442	3012.367133	1481.135324	676.631423	-559.971305	0.000000	3099.817976	-87.450843	0.000000	0.000000
46.000000	4612.827309	1600.044658	3012.782651	1481.135324	678.829894	-559.920559	0.000000	3100.248888	-87.466238	0.000000	0.000000
46.200000	4615.508773	1602.302297	3013.206476	1481.135322	681.036992	-559.870017	0.000000	3100.688191	-87.481716	0.000000	0.000000
46.400000	4618.207213	1604.568439	3013.638774	1481.135325	683.252794	-559.819680	0.000000	3101.136051	-87.497277	0.000000	0.000000
46.600000	4620.922669	1606.842991	3014.079678	1481.135329	685.477217	-559.769554	0.000000	3101.592601	-87.512923	0.000000	0.000000
46.800000	4623.655333	1609.125989	3014.529343	1481.135323	687.710309	-559.719642	0.000000	3102.057996	-87.528653	0.000000	0.000000
47.000000	4626.405236	1611.417329	3014.987908	1481.135320	689.951959	-559.669951	0.000000	3102.532375	-87.544467	0.000000	0.000000
47.200000	4629.172659	1613.717107	3015.455552	1481.135329	692.202258	-559.620481	0.000000	3103.015917	-87.560365	0.000000	0.000000
47.400000	4631.957561	1616.025167	3015.932394	1481.135327	694.461080	-559.571240	0.000000	3103.508742	-87.576349	0.000000	0.000000
47.600000	4634.760156	1618.341552	3016.418604	1481.135322	696.728461	-559.522231	0.000000	3104.011021	-87.592417	0.000000	0.000000
47.800000	4637.580674	1620.666310	3016.914364	1481.135330	699.004437	-559.473456	0.000000	3104.522934	-87.608570	0.000000	0.000000
48.000000	4640.419087	1622.999294	3017.419793	1481.135321	701.288896	-559.424923	0.000000	3105.044602	-87.624809	0.000000	0.000000
48.200000	4643.275592	1625.340518	3017.935074	1481.135323	703.581830	-559.376635	0.000000	3105.576206	-87.641133	0.000000	0.000000
48.400000	4646.150430	1627.690049	3018.460382	1481.135321	705.883321	-559.328594	0.000000	3106.117924	-87.657542	0.000000	0.000000
48.600000	4649.043618	1630.047755	3018.995864	1481.135325	708.193237	-559.280808	0.000000	3106.669900	-87.674037	0.000000	0.000000
48.800000	4651.955287	1632.413608	3019.541680	1481.135327	710.511560	-559.233279	0.000000	3107.232297	-87.690617	0.000000	0.000000
49.000000	4654.885724	1634.787699	3020.098025	1481.135325	712.838384	-559.186011	0.000000	3107.805309	-87.707284	0.000000	0.000000
49.200000	4657.834925	1637.169880	3020.665045	1481.135327	715.173562	-559.139009	0.000000	3108.389081	-87.724036	0.000000	0.000000
49.400000	4660.803134	1639.560208	3021.242926	1481.135323	717.517163	-559.092277	0.000000	3108.983801	-87.740875	0.000000	0.000000
49.600000	4663.790500	1641.958653	3021.831847	1481.135324	719.869149	-559.045819	0.000000	3109.589647	-87.757800	0.000000	0.000000
49.800000	4666.797058	1644.365100	3022.431958	1481.135325	722.229416	-558.999642	0.000000	3110.206769	-87.774811	0.000000	0.000000
50.000000	4669.823128	1646.779656	3023.043472	1481.135329	724.598073	-558.953746	0.000000	3110.835380	-87.791908	0.000000	0.000000
50.200000	4672.868725	1649.202193	3023.666533	1481.135325	726.975006	-558.908138	0.000000	3111.475625	-87.809093	0.000000	0.000000
50.400000	4675.934112	1651.632763	3024.301349	1481.135323	729.360260	-558.862821	0.000000	3112.127713	-87.826364	0.000000	0.000000
50.600000	4679.019397	1654.071299	3024.948097	1481.135329	731.753770	-558.817800	0.000000	3112.791818	-87.843721	0.000000	0.000000
50.800000	4682.124659	1656.517727	3025.606933	1481.135325	734.155483	-558.773081	0.000000	3113.468097	-87.861165	0.000000	0.000000
51.000000	4685.250305	1658.972204	3026.278101	1481.135323	736.565545	-558.728663	0.000000	3114.156797	-87.878696	0.000000	0.000000
51.200000	4688.396196	1661.434469	3026.961727	1481.135325	738.983700	-558.684556	0.000000	3114.858040	-87.896313	0.000000	0.000000
51.400000	4691.562678	1663.904643	3027.658036	1481.135328	741.410077	-558.640762	0.000000	3115.572053	-87.914018	0.000000	0.000000
51.600000	4694.749878	1666.382672	3028.367206	1481.135327	743.844629	-558.597285	0.000000	3116.299015	-87.931809	0.000000	0.000000
51.800000	4697.958035	1668.868590	3029.089445	1481.135320	746.287398	-558.554127	0.000000	3117.039133	-87.949688	0.000000	0.000000
52.000000	4701.187088	1671.362179	3029.824908	1481.135328	748.738150	-558.511299	0.000000	3117.792561	-87.967653	0.000000	0.000000
52.200000	4704.437489	1673.863653	3030.573836	1481.135325	751.197126	-558.468798	0.000000	3118.559542	-87.985705	0.000000	0.000000
52.400000	4707.709144	1676.372774	3031.336370	1481.135321	753.664086	-558.426633	0.000000	3119.340214	-88.003844	0.000000	0.000000
52.600000	4711.002535	1678.889746	3032.112789	1481.135326	756.139224	-558.384804	0.000000	3120.134859	-88.022071	0.000000	0.000000
52.800000	4714.317517	1681.414312	3032.903205	1481.135327	758.622306	-558.343320	0.000000	3120.943588	-88.040383	0.000000	0.000000
53.000000	4717.654447	1683.946587	3033.707860	1481.135324	761.113445	-558.302183	0.000000	3121.766643	-88.058784	0.000000	0.000000
53.200000	4721.013429	1686.486479	3034.526950	1481.135330	763.612546	-558.261397	0.000000	3122.604220	-88.077270	0.000000	0.000000
53.400000	4724.394744	1689.034058	3035.360685	1481.135326	766.119698	-558.220966	0.000000	3123.456529	-88.095844	0.000000	0.000000
53.600000	4727.798483	1691.589218	3036.209264	1481.135330	768.634782	-558.180895	0.000000	3124.323769	-88.114504	0.000000	0.000000
53.800000	4731.224765	1694.151905	3037.072860	1481.135328	771.157765	-558.141188	0.000000	3125.206112	-88.133252	0.000000	0.000000
54.000000	4734.673733	1696.722056	3037.951677	1481.135327	773.688579	-558.101851	0.000000	3126.103762	-88.152085	0.000000	0.000000
54.200000	4738.145860	1699.299865	3038.845995	1481.135327	776.227422	-558.062884	0.000000	3127.017001	-88.171006	0.000000	0.000000
54.400000	4741.641010	1701.885069	3039.755941	1481.135331	778.774032	-558.024295	0.000000	3127.945953	-88.190012	0.000000	0.000000
54.600000	4745.159522	1704.477769	3040.681753	1481.135329	781.328526	-557.986086	0.000000	3128.890859	-88.209105	0.000000	0.000000
54.800000	4748.701514	1707.077891	3041.623624	1481.135325	783.890829	-557.948263	0.000000	3129.851909	-88.228285	0.000000	0.000000
55.000000	4752.267327	1709.685515	3042.581812	1481.135325	786.461018	-557.910828	0.000000	3130.829364	-88.247552	0.000000	0.000000
55.200000	4755.856814	1712.300371	3043.556442	1481.135332	789.038827	-557.873788	0.000000	3131.823345	-88.266902	0.000000	0.000000
55.400000	4759.470375	1714.922621	3044.547754	1481.135326	791.624440	-557.837145	0.000000	3132.834095	-88.286340	0.000000	0.000000
55.600000	4763.108190	1717.552206	3045.555984	1481.135327	794.217783	-557.800904	0.000000	3133.861847	-88.305864	0.000000	0.000000
55.800000	4766.770363	1720.189056	3046.581307	1481.135329	796.818797	-557.765070	0.000000	3134.906780	-88.325472	0.000000	0.000000
56.000000	4770.457179	1722.833230	3047.623949	1481.135321	799.427554	-557.729645	0.000000	3135.969116	-88.345167	0.000000	0.000000
56.200000	4774.168743	1725.484621	3048.684122	1481.135323	802.043933	-557.694635	0.000000	3137.049069	-88.364947	0.000000	0.000000
56.400000	4777.905177	1728.143178	3049.761999	1481.135321	804.667901	-557.660044	0.000000	3138.146811	-88.384811	0.000000	0.000000
56.600000	4781.666758	1730.808931	3050.857827	1481.135323	807.299483	-557.625875	0.000000	3139.262587	-88.404761	0.000000	0.000000
56.800000	4785.453656	1733.481858	3051.971798	1481.135321	809.938670	-557.592133	0.000000	3140.396593	-88.424795	0.000000	0.000000
57.000000	4789.265962	1736.161855	3053.104107	1481.135325	812.585353	-557.558823	0.000000	3141.549020	-88.444913	0.000000	0.000000
57.200000	4793.103937	1738.848972	3054.254965	1481.135322	815.239597	-557.525947	0.000000	3142.720081	-88.465116	0.000000	0.000000
57.400000	4796.967812	1741.543202	3055.424610	1481.135322	817.901391	-557.493510	0.000000	3143.910012	-88.485402	0.000000	0.000000
57.600000	4800.857647	1744.244426	3056.613221	1481.135331	820.570613	-557.461517	0.000000	3145.118993	-88.505772	0.000000	0.000000
57.800000	4804.773617	1746.952659	3057.820959	1481.135324	823.247306	-557.429971	0.000000	3146.347185	-88.526226	0.000000	0.000000
58.000000	4808.715988	1749.667892	3059.048096	1481.135326	825.931443	-557.398877	0.000000	3147.594859	-88.546763	0.000000	0.000000
58.200000	4812.684823	1752.390043	3060.294780	1481.135327	828.622954	-557.368238	0.000000	3148.862163	-88.567383	0.000000	0.000000
58.400000	4816.680414	1755.119164	3061.561250	1481.135325	831.321896	-557.338058	0.000000	3150.149335	-88.588085	0.000000	0.000000
58.600000	4820.702705	1757.855070	3062.847635	1481.135325	834.028087	-557.308342	0.000000	3151.456504	-88.608869	0.000000	0.000000
58.800000	4824.752162	1760.597930	3064.154232	1481.135329	836.741695	-557.279094	0.000000	3152.783967	-88.629736	0.000000	0.000000
59.000000	4828.828719	1763.347569	3065.481150	1481.135330	839.462555	-557.250317	0.000000	3154.131833	-88.650683	0.000000	0.000000
59.200000	4832.932658	1766.104043	3066.828616	1481.135329	842.190729	-557.222015	0.000000	3155.500329	-88.671713	0.000000	0.000000
59.400000	4837.064016	1768.867227	3068.196789	1481.135330	844.926091	-557.194193	0.000000	3156.889612	-88.692823	0.000000	0.000000
59.600000	4841.223252	1771.637304	3069.585948	1481.135328	847.668830	-557.166854	0.000000	3158.299963	-88.714015	0.000000	0.000000
59.800000	4845.410085	1774.413944	3070.996141	1481.135329	850.418618	-557.140003	0.000000	3159.731427	-88.735285	0.000000	0.000000
60.000000	4849.624920	1777.197291	3072.427629	1481.135329	853.175605	-557.113643	0.000000	3161.184265	-88.756636	0.000000	0.000000
