"Angle"	"Energy kJ/mol"	"BondedTermsEnergy"	"NonBondedTermsEnergy"	"BondStretchEnergy"	"AngleStretchEnergy"	"TorsionEnergy"	"OutOfPlaneEnergy"	"DispersionEnergy"	"ElectrostaticEnergy"	"NonBondedEnergyC"	"NonBondedEnergyD"
-60.000000	-1350.690168	-1980.808303	630.118135	45.922830	811.503944	-3027.044158	188.809081	259.518131	370.600004	0.000000	0.000000
-59.800000	-1352.428216	-1982.552940	630.124725	45.922830	809.757207	-3027.042059	188.809081	259.516112	370.608613	0.000000	0.000000
-59.600000	-1354.160607	-1984.292112	630.131505	45.922830	808.015619	-3027.039643	188.809081	259.514145	370.617360	0.000000	0.000000
-59.400000	-1355.887202	-1986.025675	630.138473	45.922830	806.279323	-3027.036910	188.809081	259.512229	370.626243	0.000000	0.000000
-59.200000	-1357.608096	-1987.753723	630.145627	45.922830	804.548225	-3027.033860	188.809081	259.510363	370.635264	0.000000	0.000000
-59.000000	-1359.323393	-1989.476359	630.152966	45.922830	802.822221	-3027.030492	188.809081	259.508546	370.644421	0.000000	0.000000
-58.800000	-1361.032968	-1991.193456	630.160488	45.922830	801.101438	-3027.026806	188.809081	259.506776	370.653712	0.000000	0.000000
-58.600000	-1362.736884	-1992.905075	630.168192	45.922830	799.385814	-3027.022801	188.809081	259.505053	370.663139	0.000000	0.000000
-58.400000	-1364.435242	-1994.611317	630.176075	45.922830	797.675249	-3027.018477	188.809081	259.503376	370.672699	0.000000	0.000000
-58.200000	-1366.128012	-1996.312148	630.184136	45.922830	795.969776	-3027.013835	188.809081	259.501742	370.682393	0.000000	0.000000
-58.000000	-1367.815236	-1998.007609	630.192373	45.922830	794.269352	-3027.008873	188.809081	259.500153	370.692220	0.000000	0.000000
-57.800000	-1369.496902	-1999.697687	630.200785	45.922830	792.573994	-3027.003592	188.809081	259.498605	370.702180	0.000000	0.000000
-57.600000	-1371.173017	-2001.382387	630.209370	45.922830	790.883693	-3026.997992	188.809081	259.497100	370.712270	0.000000	0.000000
-57.400000	-1372.843750	-2003.061877	630.218127	45.922830	789.198283	-3026.992072	188.809081	259.495635	370.722493	0.000000	0.000000
-57.200000	-1374.508926	-2004.735980	630.227054	45.922830	787.517941	-3026.985833	188.809081	259.494210	370.732845	0.000000	0.000000
-57.000000	-1376.168659	-2006.404808	630.236150	45.922830	785.842556	-3026.979275	188.809081	259.492823	370.743327	0.000000	0.000000
-56.800000	-1377.822992	-2008.068404	630.245412	45.922830	784.172083	-3026.972399	188.809081	259.491475	370.753938	0.000000	0.000000
-56.600000	-1379.471875	-2009.726716	630.254841	45.922830	782.506577	-3026.965204	188.809081	259.490163	370.764677	0.000000	0.000000
-56.400000	-1381.115459	-2011.379892	630.264433	45.922830	780.845887	-3026.957691	188.809081	259.488889	370.775545	0.000000	0.000000
-56.200000	-1382.753586	-2013.027774	630.274188	45.922830	779.190175	-3026.949861	188.809081	259.487649	370.786539	0.000000	0.000000
-56.000000	-1384.386442	-2014.670546	630.284104	45.922830	777.539256	-3026.941713	188.809081	259.486445	370.797659	0.000000	0.000000
-55.800000	-1386.017543	-2016.308084	630.290541	45.922830	775.893254	-3026.933250	188.809081	259.481636	370.808905	0.000000	0.000000
-55.600000	-1387.639771	-2017.940537	630.300765	45.922830	774.252022	-3026.924470	188.809081	259.480488	370.820277	0.000000	0.000000
-55.400000	-1389.256706	-2019.567851	630.311145	45.922830	772.615613	-3026.915375	188.809081	259.479373	370.831772	0.000000	0.000000
-55.200000	-1390.868352	-2021.190033	630.321681	45.922830	770.984023	-3026.905967	188.809081	259.478289	370.843391	0.000000	0.000000
-55.000000	-1392.474818	-2022.807189	630.332371	45.922830	769.357145	-3026.896245	188.809081	259.477237	370.855133	0.000000	0.000000
-54.800000	-1394.076020	-2024.419234	630.343213	45.922830	767.735065	-3026.886210	188.809081	259.476216	370.866997	0.000000	0.000000
-54.600000	-1395.671999	-2026.026206	630.354207	45.922830	766.117747	-3026.875865	188.809081	259.475224	370.878983	0.000000	0.000000
-54.400000	-1397.262811	-2027.628162	630.365351	45.922830	764.505136	-3026.865209	188.809081	259.474262	370.891089	0.000000	0.000000
-54.200000	-1398.848560	-2029.225203	630.376644	45.922830	762.897128	-3026.854243	188.809081	259.473329	370.903315	0.000000	0.000000
-54.000000	-1400.429028	-2030.817112	630.388084	45.922830	761.293947	-3026.842971	188.809081	259.472424	370.915660	0.000000	0.000000
-53.800000	-1402.004440	-2032.404110	630.399669	45.922830	759.695370	-3026.831391	188.809081	259.471546	370.928124	0.000000	0.000000
-53.600000	-1403.574685	-2033.986085	630.411400	45.922830	758.101510	-3026.819507	188.809081	259.470695	370.940705	0.000000	0.000000
-53.400000	-1405.139893	-2035.563167	630.423274	45.922830	756.512239	-3026.807318	188.809081	259.469871	370.953403	0.000000	0.000000
-53.200000	-1406.703882	-2037.135281	630.431399	45.922830	754.927635	-3026.794827	188.809081	259.465181	370.966217	0.000000	0.000000
-53.000000	-1408.262915	-2038.702558	630.439643	45.922830	753.347567	-3026.782036	188.809081	259.460496	370.979147	0.000000	0.000000
-52.800000	-1409.812950	-2040.264864	630.451914	45.922830	751.772170	-3026.768945	188.809081	259.459723	370.992191	0.000000	0.000000
-52.600000	-1411.357981	-2041.822304	630.464323	45.922830	750.201342	-3026.755557	188.809081	259.458975	371.005349	0.000000	0.000000
-52.400000	-1412.898011	-2043.374881	630.476870	45.922830	748.635081	-3026.741874	188.809081	259.458250	371.018620	0.000000	0.000000
-52.200000	-1414.433083	-2044.922635	630.489552	45.922830	747.073350	-3026.727897	188.809081	259.457550	371.032003	0.000000	0.000000
-52.000000	-1415.963129	-2046.465498	630.502369	45.922830	745.516219	-3026.713628	188.809081	259.456872	371.045497	0.000000	0.000000
-51.800000	-1417.488286	-2048.003605	630.515318	45.922830	743.963553	-3026.699070	188.809081	259.456216	371.059102	0.000000	0.000000
-51.600000	-1419.008452	-2049.536851	630.528400	45.922830	742.415461	-3026.684223	188.809081	259.455583	371.072817	0.000000	0.000000
-51.400000	-1420.523737	-2051.065349	630.541612	45.922830	740.871831	-3026.669091	188.809081	259.454972	371.086640	0.000000	0.000000
-51.200000	-1422.034091	-2052.589045	630.554954	45.922830	739.332719	-3026.653676	188.809081	259.454382	371.100572	0.000000	0.000000
-51.000000	-1423.539540	-2054.107964	630.568424	45.922830	737.798105	-3026.637980	188.809081	259.453813	371.114611	0.000000	0.000000
-50.800000	-1425.040135	-2055.622155	630.582020	45.922830	736.267938	-3026.622005	188.809081	259.453265	371.128756	0.000000	0.000000
-50.600000	-1426.535889	-2057.131632	630.595743	45.922830	734.742209	-3026.605753	188.809081	259.452736	371.143007	0.000000	0.000000
-50.400000	-1428.026763	-2058.636353	630.609590	45.922830	733.220963	-3026.589227	188.809081	259.452228	371.157362	0.000000	0.000000
-50.200000	-1429.512826	-2060.136386	630.623560	45.922830	731.704132	-3026.572430	188.809081	259.451739	371.171821	0.000000	0.000000
-50.000000	-1430.994008	-2061.631661	630.637652	45.922830	730.191793	-3026.555364	188.809081	259.451269	371.186383	0.000000	0.000000
-49.800000	-1432.470462	-2063.122328	630.651866	45.922830	728.683793	-3026.538032	188.809081	259.450818	371.201047	0.000000	0.000000
-49.600000	-1433.942125	-2064.608323	630.666199	45.922830	727.180201	-3026.520436	188.809081	259.450386	371.215813	0.000000	0.000000
-49.400000	-1435.408975	-2066.089626	630.680650	45.922830	725.681042	-3026.502580	188.809081	259.449972	371.230678	0.000000	0.000000
-49.200000	-1436.871009	-2067.566227	630.695218	45.922830	724.186327	-3026.484466	188.809081	259.449576	371.245643	0.000000	0.000000
-49.000000	-1438.328362	-2069.038265	630.709903	45.922830	722.695920	-3026.466096	188.809081	259.449197	371.260706	0.000000	0.000000
-48.800000	-1439.780995	-2070.505698	630.724703	45.922830	721.209865	-3026.447474	188.809081	259.448835	371.275868	0.000000	0.000000
-48.600000	-1441.228883	-2071.968499	630.739617	45.922830	719.728193	-3026.428604	188.809081	259.448491	371.291126	0.000000	0.000000
-48.400000	-1442.672054	-2073.426697	630.754643	45.922830	718.250879	-3026.409487	188.809081	259.448163	371.306479	0.000000	0.000000
-48.200000	-1444.110434	-2074.880213	630.769779	45.922830	716.778004	-3026.390129	188.809081	259.447852	371.321927	0.000000	0.000000
-48.000000	-1445.544235	-2076.329262	630.785027	45.922830	715.309355	-3026.370529	188.809081	259.447557	371.337470	0.000000	0.000000
-47.800000	-1446.973285	-2077.773668	630.800384	45.922830	713.845115	-3026.350694	188.809081	259.447278	371.353105	0.000000	0.000000
-47.600000	-1448.397713	-2079.213561	630.815848	45.922830	712.385153	-3026.330625	188.809081	259.447015	371.368833	0.000000	0.000000
-47.400000	-1449.817465	-2080.648884	630.831419	45.922830	710.929532	-3026.310327	188.809081	259.446767	371.384652	0.000000	0.000000
-47.200000	-1451.232571	-2082.079666	630.847095	45.922830	709.478225	-3026.289802	188.809081	259.446535	371.400560	0.000000	0.000000
-47.000000	-1452.642995	-2083.505871	630.862876	45.922830	708.031273	-3026.269055	188.809081	259.446318	371.416558	0.000000	0.000000
-46.800000	-1454.048827	-2084.927587	630.878760	45.922830	706.588590	-3026.248088	188.809081	259.446115	371.432644	0.000000	0.000000
-46.600000	-1455.450013	-2086.344758	630.894745	45.922830	705.150236	-3026.226906	188.809081	259.445927	371.448818	0.000000	0.000000
-46.400000	-1456.846560	-2087.757391	630.910831	45.922830	703.716210	-3026.205512	188.809081	259.445754	371.465078	0.000000	0.000000
-46.200000	-1458.238533	-2089.165550	630.927017	45.922830	702.286447	-3026.183909	188.809081	259.445594	371.481423	0.000000	0.000000
-46.000000	-1459.625958	-2090.569260	630.943302	45.922830	700.860929	-3026.162101	188.809081	259.445449	371.497853	0.000000	0.000000
-45.800000	-1461.008762	-2091.968445	630.959684	45.922830	699.439735	-3026.140092	188.809081	259.445318	371.514366	0.000000	0.000000
-45.600000	-1462.386969	-2093.363130	630.976162	45.922830	698.022844	-3026.117886	188.809081	259.445200	371.530962	0.000000	0.000000
-45.400000	-1463.760606	-2094.753340	630.992734	45.922830	696.610235	-3026.095487	188.809081	259.445096	371.547638	0.000000	0.000000
-45.200000	-1465.129676	-2096.139077	631.009400	45.922830	695.201910	-3026.072898	188.809081	259.445005	371.564396	0.000000	0.000000
-45.000000	-1466.494223	-2097.520383	631.026160	45.922830	693.797829	-3026.050124	188.809081	259.444927	371.581233	0.000000	0.000000
-44.800000	-1467.854193	-2098.897203	631.043010	45.922830	692.398053	-3026.027168	188.809081	259.444862	371.598148	0.000000	0.000000
-44.600000	-1469.209611	-2100.269561	631.059950	45.922830	691.002563	-3026.004035	188.809081	259.444810	371.615141	0.000000	0.000000
-44.400000	-1470.560516	-2101.637496	631.076980	45.922830	689.611321	-3025.980728	188.809081	259.444770	371.632210	0.000000	0.000000
-44.200000	-1471.906837	-2103.000935	631.094097	45.922830	688.224407	-3025.957253	188.809081	259.444743	371.649354	0.000000	0.000000
-44.000000	-1473.248710	-2104.360012	631.111302	45.922830	686.841689	-3025.933612	188.809081	259.444729	371.666573	0.000000	0.000000
-43.800000	-1474.586005	-2105.714596	631.128591	45.922830	685.463303	-3025.909810	188.809081	259.444726	371.683865	0.000000	0.000000
-43.600000	-1475.918762	-2107.064727	631.145965	45.922830	684.089214	-3025.885853	188.809081	259.444736	371.701229	0.000000	0.000000
-43.400000	-1477.247059	-2108.410482	631.163423	45.922830	682.719349	-3025.861742	188.809081	259.444757	371.718665	0.000000	0.000000
-43.200000	-1478.570806	-2109.751767	631.180962	45.922830	681.353805	-3025.837483	188.809081	259.444791	371.736171	0.000000	0.000000
-43.000000	-1479.890093	-2111.088675	631.198582	45.922830	679.992494	-3025.813080	188.809081	259.444836	371.753746	0.000000	0.000000
-42.800000	-1481.204811	-2112.421097	631.216286	45.922830	678.635531	-3025.788539	188.809081	259.444892	371.771394	0.000000	0.000000
-42.600000	-1482.515061	-2113.749143	631.234081	45.922830	677.282808	-3025.763862	188.809081	259.444960	371.789121	0.000000	0.000000
-42.400000	-1483.820825	-2115.072791	631.251966	45.922830	675.934351	-3025.739054	188.809081	259.445039	371.806927	0.000000	0.000000
-42.200000	-1485.122052	-2116.391990	631.269938	45.922830	674.590219	-3025.714120	188.809081	259.445130	371.824809	0.000000	0.000000
-42.000000	-1486.418775	-2117.706772	631.287997	45.922830	673.250381	-3025.689065	188.809081	259.445231	371.842766	0.000000	0.000000
-41.800000	-1487.711051	-2119.017192	631.306142	45.922830	671.914787	-3025.663891	188.809081	259.445344	371.860798	0.000000	0.000000
-41.600000	-1488.998787	-2120.323157	631.324370	45.922830	670.583538	-3025.638606	188.809081	259.445467	371.878903	0.000000	0.000000
-41.400000	-1490.282024	-2121.624704	631.342681	45.922830	669.256597	-3025.613212	188.809081	259.445601	371.897080	0.000000	0.000000
-41.200000	-1491.560823	-2122.921896	631.361073	45.922830	667.933907	-3025.587714	188.809081	259.445746	371.915327	0.000000	0.000000
-41.000000	-1492.835048	-2124.214592	631.379544	45.922830	666.615615	-3025.562118	188.809081	259.445901	371.933644	0.000000	0.000000
-40.800000	-1494.104838	-2125.502933	631.398095	45.922830	665.301583	-3025.536427	188.809081	259.446066	371.952029	0.000000	0.000000
-40.600000	-1495.370134	-2126.786857	631.416723	45.922830	663.991878	-3025.510646	188.809081	259.446242	371.970481	0.000000	0.000000
-40.400000	-1496.630923	-2128.066350	631.435427	45.922830	662.686519	-3025.484780	188.809081	259.446428	371.988999	0.000000	0.000000
-40.200000	-1497.887248	-2129.341454	631.454206	45.922830	661.385468	-3025.458833	188.809081	259.446624	372.007581	0.000000	0.000000
-40.000000	-1499.139027	-2130.612084	631.473057	45.922830	660.088817	-3025.432812	188.809081	259.446831	372.026226	0.000000	0.000000
-39.800000	-1500.386351	-2131.878332	631.491981	45.922830	658.796475	-3025.406718	188.809081	259.447047	372.044934	0.000000	0.000000
-39.600000	-1501.629159	-2133.140133	631.510975	45.922830	657.508513	-3025.380558	188.809081	259.447273	372.063702	0.000000	0.000000
-39.400000	-1502.867489	-2134.397527	631.530038	45.922830	656.224898	-3025.354336	188.809081	259.447509	372.082529	0.000000	0.000000
-39.200000	-1504.101341	-2135.650511	631.549170	45.922830	654.945634	-3025.328057	188.809081	259.447754	372.101416	0.000000	0.000000
-39.000000	-1505.330680	-2136.899048	631.568368	45.922830	653.670766	-3025.301725	188.809081	259.448009	372.120358	0.000000	0.000000
-38.800000	-1506.555461	-2138.143092	631.587630	45.922830	652.400344	-3025.275347	188.809081	259.448274	372.139356	0.000000	0.000000
-38.600000	-1507.771896	-2139.382741	631.610845	45.922830	651.134272	-3025.248925	188.809081	259.452436	372.158409	0.000000	0.000000
-38.400000	-1508.983842	-2140.617958	631.634116	45.922830	649.872594	-3025.222464	188.809081	259.456601	372.177515	0.000000	0.000000
-38.200000	-1510.195170	-2141.848725	631.653555	45.922830	648.615333	-3025.195970	188.809081	259.456882	372.196673	0.000000	0.000000
-38.000000	-1511.401965	-2143.075019	631.673053	45.922830	647.362517	-3025.169447	188.809081	259.457172	372.215881	0.000000	0.000000
-37.800000	-1512.604289	-2144.296900	631.692611	45.922830	646.114088	-3025.142899	188.809081	259.457471	372.235140	0.000000	0.000000
-37.600000	-1513.802028	-2145.514252	631.712225	45.922830	644.870170	-3025.116333	188.809081	259.457780	372.254445	0.000000	0.000000
-37.400000	-1514.995219	-2146.727113	631.731894	45.922830	643.630729	-3025.089753	188.809081	259.458097	372.273797	0.000000	0.000000
-37.200000	-1516.183968	-2147.935587	631.751619	45.922830	642.395663	-3025.063161	188.809081	259.458423	372.293195	0.000000	0.000000
-37.000000	-1517.368085	-2149.139481	631.771395	45.922830	641.165174	-3025.036566	188.809081	259.458759	372.312637	0.000000	0.000000
-36.800000	-1518.547740	-2150.338965	631.791225	45.922830	639.939093	-3025.009969	188.809081	259.459103	372.332122	0.000000	0.000000
-36.600000	-1519.722781	-2151.533884	631.811104	45.922830	638.717581	-3024.983377	188.809081	259.459455	372.351648	0.000000	0.000000
-36.400000	-1520.893309	-2152.724341	631.831032	45.922830	637.500540	-3024.956793	188.809081	259.459817	372.371215	0.000000	0.000000
-36.200000	-1522.059232	-2153.910239	631.851007	45.922830	636.288073	-3024.930223	188.809081	259.460187	372.390820	0.000000	0.000000
-36.000000	-1523.220647	-2155.091676	631.871030	45.922830	635.080083	-3024.903670	188.809081	259.460565	372.410464	0.000000	0.000000
-35.800000	-1524.377434	-2156.268529	631.891096	45.922830	633.876701	-3024.877141	188.809081	259.460952	372.430143	0.000000	0.000000
-35.600000	-1525.537448	-2157.440860	631.903412	45.922830	632.677869	-3024.850640	188.809081	259.453554	372.449858	0.000000	0.000000
-35.400000	-1526.685119	-2158.608662	631.923543	45.922830	631.483596	-3024.824169	188.809081	259.453936	372.469607	0.000000	0.000000
-35.200000	-1527.828136	-2159.771850	631.943714	45.922830	630.293976	-3024.797737	188.809081	259.454327	372.489387	0.000000	0.000000
-35.000000	-1528.966576	-2160.930500	631.963924	45.922830	629.108934	-3024.771345	188.809081	259.454725	372.509199	0.000000	0.000000
-34.800000	-1530.100407	-2162.084580	631.984173	45.922830	627.928507	-3024.744999	188.809081	259.455132	372.529040	0.000000	0.000000
-34.600000	-1531.229575	-2163.234032	632.004457	45.922830	626.752760	-3024.718704	188.809081	259.455547	372.548910	0.000000	0.000000
-34.400000	-1532.354135	-2164.378911	632.024777	45.922830	625.581640	-3024.692463	188.809081	259.455970	372.568807	0.000000	0.000000
-34.200000	-1533.474054	-2165.519184	632.045130	45.922830	624.415186	-3024.666281	188.809081	259.456400	372.588730	0.000000	0.000000
-34.000000	-1534.589319	-2166.654835	632.065516	45.922830	623.253417	-3024.640163	188.809081	259.456838	372.608677	0.000000	0.000000
-33.800000	-1535.699905	-2167.785833	632.085928	45.922830	622.096369	-3024.614114	188.809081	259.457284	372.628643	0.000000	0.000000
-33.600000	-1536.805824	-2168.912186	632.106363	45.922830	620.944040	-3024.588137	188.809081	259.457738	372.648624	0.000000	0.000000
-33.400000	-1537.907064	-2170.033881	632.126817	45.922830	619.796446	-3024.562238	188.809081	259.458199	372.668618	0.000000	0.000000
-33.200000	-1539.003648	-2171.150938	632.147290	45.922830	618.653569	-3024.536419	188.809081	259.458668	372.688622	0.000000	0.000000
-33.000000	-1540.095466	-2172.263245	632.167778	45.922830	617.515531	-3024.510687	188.809081	259.459144	372.708635	0.000000	0.000000
-32.800000	-1541.182631	-2173.370914	632.188284	45.922830	616.382219	-3024.485044	188.809081	259.459627	372.728657	0.000000	0.000000
-32.600000	-1542.265023	-2174.473825	632.208802	45.922830	615.253761	-3024.459497	188.809081	259.460118	372.748684	0.000000	0.000000
-32.400000	-1543.342712	-2175.572046	632.229334	45.922830	614.130090	-3024.434047	188.809081	259.460615	372.768719	0.000000	0.000000
-32.200000	-1544.415627	-2176.665504	632.249877	45.922830	613.011286	-3024.408701	188.809081	259.461120	372.788757	0.000000	0.000000
-32.000000	-1545.483785	-2177.754215	632.270430	45.922830	611.897335	-3024.383462	188.809081	259.461632	372.808798	0.000000	0.000000
-31.800000	-1546.547159	-2178.838151	632.290992	45.922830	610.788271	-3024.358333	188.809081	259.462150	372.828841	0.000000	0.000000
-31.600000	-1547.605761	-2179.917323	632.311562	45.922830	609.684086	-3024.333320	188.809081	259.462676	372.848886	0.000000	0.000000
-31.400000	-1548.659538	-2180.991675	632.332137	45.922830	608.584840	-3024.308427	188.809081	259.463208	372.868929	0.000000	0.000000
-31.200000	-1549.708501	-2182.061219	632.352718	45.922830	607.490526	-3024.283656	188.809081	259.463747	372.888971	0.000000	0.000000
-31.000000	-1550.752627	-2183.125929	632.373301	45.922830	606.401173	-3024.259013	188.809081	259.464293	372.909009	0.000000	0.000000
-30.800000	-1551.791900	-2184.185787	632.393887	45.922830	605.316803	-3024.234502	188.809081	259.464844	372.929043	0.000000	0.000000
-30.600000	-1552.826322	-2185.240797	632.414474	45.922830	604.237417	-3024.210125	188.809081	259.465403	372.949071	0.000000	0.000000
-30.400000	-1553.855856	-2186.290917	632.435060	45.922830	603.163060	-3024.185888	188.809081	259.465967	372.969093	0.000000	0.000000
-30.200000	-1554.880507	-2187.336152	632.455645	45.922830	602.093730	-3024.161793	188.809081	259.466538	372.989107	0.000000	0.000000
-30.000000	-1555.900237	-2188.376463	632.476226	45.922830	601.029471	-3024.137845	188.809081	259.467115	373.009111	0.000000	0.000000
-29.800000	-1556.915027	-2189.411830	632.496802	45.922830	599.970307	-3024.114048	188.809081	259.467698	373.029104	0.000000	0.000000
-29.600000	-1557.924883	-2190.442256	632.517373	45.922830	598.916238	-3024.090405	188.809081	259.468287	373.049086	0.000000	0.000000
-29.400000	-1558.929793	-2191.467730	632.537936	45.922830	597.867279	-3024.066920	188.809081	259.468882	373.069054	0.000000	0.000000
-29.200000	-1559.929710	-2192.488201	632.558491	45.922830	596.823483	-3024.043596	188.809081	259.469483	373.089008	0.000000	0.000000
-29.000000	-1560.924646	-2193.503682	632.579036	45.922830	595.784843	-3024.020437	188.809081	259.470089	373.108947	0.000000	0.000000
-28.800000	-1561.914543	-2194.514112	632.599569	45.922830	594.751423	-3023.997447	188.809081	259.470701	373.128868	0.000000	0.000000
-28.600000	-1562.899394	-2195.519483	632.620089	45.922830	593.723234	-3023.974629	188.809081	259.471318	373.148771	0.000000	0.000000
-28.400000	-1563.879241	-2196.519838	632.640596	45.922830	592.700236	-3023.951986	188.809081	259.471941	373.168656	0.000000	0.000000
-28.200000	-1564.853994	-2197.515081	632.661087	45.922830	591.682529	-3023.929522	188.809081	259.472569	373.188519	0.000000	0.000000
-28.000000	-1565.823667	-2198.505229	632.681562	45.922830	590.670100	-3023.907240	188.809081	259.473202	373.208360	0.000000	0.000000
-27.800000	-1566.788242	-2199.490261	632.702018	45.922830	589.662971	-3023.885143	188.809081	259.473840	373.228178	0.000000	0.000000
-27.600000	-1567.747680	-2200.470136	632.722455	45.922830	588.661188	-3023.863235	188.809081	259.474483	373.247972	0.000000	0.000000
-27.400000	-1568.701989	-2201.444861	632.742872	45.922830	587.664747	-3023.841519	188.809081	259.475131	373.267741	0.000000	0.000000
-27.200000	-1569.651135	-2202.414401	632.763267	45.922830	586.673685	-3023.819998	188.809081	259.475784	373.287483	0.000000	0.000000
-27.000000	-1570.595076	-2203.378713	632.783637	45.922830	585.688050	-3023.798675	188.809081	259.476441	373.307196	0.000000	0.000000
-26.800000	-1571.533830	-2204.337813	632.803983	45.922830	584.707828	-3023.777553	188.809081	259.477103	373.326880	0.000000	0.000000
-26.600000	-1572.467370	-2205.291673	632.824303	45.922830	583.733049	-3023.756634	188.809081	259.477770	373.346534	0.000000	0.000000
-26.400000	-1573.395646	-2206.240242	632.844595	45.922830	582.763770	-3023.735923	188.809081	259.478440	373.366155	0.000000	0.000000
-26.200000	-1574.318673	-2207.183532	632.864859	45.922830	581.799977	-3023.715421	188.809081	259.479115	373.385744	0.000000	0.000000
-26.000000	-1575.236408	-2208.121501	632.885093	45.922830	580.841720	-3023.695132	188.809081	259.479794	373.405299	0.000000	0.000000
-25.800000	-1576.148810	-2209.054104	632.905294	45.922830	579.889044	-3023.675059	188.809081	259.480477	373.424817	0.000000	0.000000
-25.600000	-1577.055907	-2209.981371	632.925463	45.922830	578.941922	-3023.655204	188.809081	259.481164	373.444299	0.000000	0.000000
-25.400000	-1577.957650	-2210.903248	632.945598	45.922830	578.000409	-3023.635569	188.809081	259.481854	373.463743	0.000000	0.000000
-25.200000	-1578.854018	-2211.819715	632.965697	45.922830	577.064531	-3023.616157	188.809081	259.482549	373.483148	0.000000	0.000000
-25.000000	-1579.744992	-2212.730752	632.985760	45.922830	576.134308	-3023.596971	188.809081	259.483246	373.502513	0.000000	0.000000
-24.800000	-1580.630546	-2213.636330	633.005784	45.922830	575.209773	-3023.578014	188.809081	259.483947	373.521836	0.000000	0.000000
-24.600000	-1581.510630	-2214.536397	633.025767	45.922830	574.290979	-3023.559288	188.809081	259.484652	373.541115	0.000000	0.000000
-24.400000	-1582.385298	-2215.431009	633.045711	45.922830	573.377874	-3023.540794	188.809081	259.485359	373.560352	0.000000	0.000000
-24.200000	-1583.254462	-2216.320075	633.065613	45.922830	572.470550	-3023.522536	188.809081	259.486070	373.579543	0.000000	0.000000
-24.000000	-1584.118110	-2217.203581	633.085470	45.922830	571.569024	-3023.504516	188.809081	259.486783	373.598687	0.000000	0.000000
-23.800000	-1584.976214	-2218.081497	633.105283	45.922830	570.673327	-3023.486735	188.809081	259.487499	373.617784	0.000000	0.000000
-23.600000	-1585.828776	-2218.953825	633.125049	45.922830	569.783460	-3023.469197	188.809081	259.488218	373.636831	0.000000	0.000000
-23.400000	-1586.675749	-2219.820518	633.144768	45.922830	568.899474	-3023.451903	188.809081	259.488939	373.655829	0.000000	0.000000
-23.200000	-1587.517109	-2220.681547	633.164438	45.922830	568.021397	-3023.434855	188.809081	259.489663	373.674775	0.000000	0.000000
-23.000000	-1588.352859	-2221.536917	633.184058	45.922830	567.149226	-3023.418055	188.809081	259.490389	373.693669	0.000000	0.000000
-22.800000	-1589.182937	-2222.386563	633.203626	45.922830	566.283030	-3023.401505	188.809081	259.491117	373.712509	0.000000	0.000000
-22.600000	-1590.007343	-2223.230484	633.223142	45.922830	565.422811	-3023.385207	188.809081	259.491847	373.731294	0.000000	0.000000
-22.400000	-1590.826049	-2224.068653	633.242603	45.922830	564.568599	-3023.369163	188.809081	259.492579	373.750024	0.000000	0.000000
-22.200000	-1591.639019	-2224.901028	633.262009	45.922830	563.720434	-3023.353374	188.809081	259.493313	373.768696	0.000000	0.000000
-22.000000	-1592.446228	-2225.727585	633.281358	45.922830	562.878346	-3023.337843	188.809081	259.494049	373.787309	0.000000	0.000000
-21.800000	-1593.247655	-2226.548304	633.300648	45.922830	562.042355	-3023.322571	188.809081	259.494785	373.805863	0.000000	0.000000
-21.600000	-1594.043290	-2227.363170	633.319880	45.922830	561.212477	-3023.307558	188.809081	259.495524	373.824357	0.000000	0.000000
-21.400000	-1594.833070	-2228.172119	633.339050	45.922830	560.388778	-3023.292809	188.809081	259.496263	373.842787	0.000000	0.000000
-21.200000	-1595.617016	-2228.975176	633.358159	45.922830	559.571235	-3023.278322	188.809081	259.497003	373.861156	0.000000	0.000000
-21.000000	-1596.395055	-2229.772259	633.377204	45.922830	558.759930	-3023.264100	188.809081	259.497745	373.879459	0.000000	0.000000
-20.800000	-1597.167205	-2230.563389	633.396185	45.922830	557.954844	-3023.250145	188.809081	259.498487	373.897698	0.000000	0.000000
-20.600000	-1597.933405	-2231.348505	633.415100	45.922830	557.156041	-3023.236457	188.809081	259.499230	373.915870	0.000000	0.000000
-20.400000	-1598.693632	-2232.127579	633.433947	45.922830	556.363547	-3023.223038	188.809081	259.499973	373.933974	0.000000	0.000000
-20.200000	-1599.447883	-2232.900609	633.452726	45.922830	555.577369	-3023.209889	188.809081	259.500717	373.952009	0.000000	0.000000
-20.000000	-1600.196117	-2233.667553	633.471436	45.922830	554.797547	-3023.197010	188.809081	259.501461	373.969975	0.000000	0.000000
-19.800000	-1600.938304	-2234.428378	633.490074	45.922830	554.024115	-3023.184405	188.809081	259.502205	373.987869	0.000000	0.000000
-19.600000	-1601.674405	-2235.183045	633.508639	45.922830	553.257116	-3023.172072	188.809081	259.502949	374.005691	0.000000	0.000000
-19.400000	-1602.404421	-2235.931553	633.527132	45.922830	552.496549	-3023.160014	188.809081	259.503693	374.023439	0.000000	0.000000
-19.200000	-1603.128308	-2236.673858	633.545550	45.922830	551.742462	-3023.148231	188.809081	259.504436	374.041114	0.000000	0.000000
-19.000000	-1603.846035	-2237.409926	633.563891	45.922830	550.994886	-3023.136724	188.809081	259.505179	374.058712	0.000000	0.000000
-18.800000	-1604.557575	-2238.139730	633.582155	45.922830	550.253852	-3023.125494	188.809081	259.505922	374.076234	0.000000	0.000000
-18.600000	-1605.262922	-2238.863264	633.600342	45.922830	549.519365	-3023.114541	188.809081	259.506664	374.093678	0.000000	0.000000
-18.400000	-1605.962017	-2239.580465	633.618448	45.922830	548.791490	-3023.103866	188.809081	259.507405	374.111043	0.000000	0.000000
-18.200000	-1606.654845	-2240.291317	633.636472	45.922830	548.070242	-3023.093471	188.809081	259.508144	374.128328	0.000000	0.000000
-18.000000	-1607.341367	-2240.995781	633.654414	45.922830	547.355663	-3023.083355	188.809081	259.508883	374.145531	0.000000	0.000000
-17.800000	-1608.021573	-2241.693846	633.672273	45.922830	546.647763	-3023.073520	188.809081	259.509621	374.162653	0.000000	0.000000
-17.600000	-1608.695438	-2242.385486	633.690048	45.922830	545.946567	-3023.063965	188.809081	259.510357	374.179691	0.000000	0.000000
-17.400000	-1609.362906	-2243.070643	633.707737	45.922830	545.252137	-3023.054691	188.809081	259.511091	374.196646	0.000000	0.000000
-17.200000	-1610.023959	-2243.749296	633.725337	45.922830	544.564491	-3023.045699	188.809081	259.511824	374.213513	0.000000	0.000000
-17.000000	-1610.678598	-2244.421449	633.742851	45.922830	543.883627	-3023.036988	188.809081	259.512555	374.230296	0.000000	0.000000
-16.800000	-1611.326738	-2245.087011	633.760274	45.922830	543.209637	-3023.028560	188.809081	259.513284	374.246990	0.000000	0.000000
-16.600000	-1611.968402	-2245.746009	633.777607	45.922830	542.542493	-3023.020413	188.809081	259.514011	374.263596	0.000000	0.000000
-16.400000	-1612.603532	-2246.398380	633.794848	45.922830	541.882259	-3023.012550	188.809081	259.514735	374.280113	0.000000	0.000000
-16.200000	-1613.232104	-2247.044099	633.811995	45.922830	541.228958	-3023.004969	188.809081	259.515458	374.296538	0.000000	0.000000
-16.000000	-1613.854087	-2247.683136	633.829049	45.922830	540.582624	-3022.997671	188.809081	259.516177	374.312871	0.000000	0.000000
-15.800000	-1614.469463	-2248.315470	633.846007	45.922830	539.943274	-3022.990656	188.809081	259.516895	374.329113	0.000000	0.000000
-15.600000	-1615.078194	-2248.941063	633.862869	45.922830	539.310950	-3022.983924	188.809081	259.517609	374.345260	0.000000	0.000000
-15.400000	-1615.680247	-2249.559880	633.879633	45.922830	538.685684	-3022.977475	188.809081	259.518320	374.361313	0.000000	0.000000
-15.200000	-1616.275592	-2250.171889	633.896298	45.922830	538.067507	-3022.971308	188.809081	259.519029	374.377269	0.000000	0.000000
-15.000000	-1616.864198	-2250.777059	633.912862	45.922830	537.456454	-3022.965425	188.809081	259.519734	374.393128	0.000000	0.000000
-14.800000	-1617.446050	-2251.375376	633.929326	45.922830	536.852536	-3022.959823	188.809081	259.520436	374.408890	0.000000	0.000000
-14.600000	-1618.021108	-2251.966796	633.945688	45.922830	536.255796	-3022.954504	188.809081	259.521134	374.424554	0.000000	0.000000
-14.400000	-1618.589339	-2252.551286	633.961947	45.922830	535.666269	-3022.949467	188.809081	259.521829	374.440118	0.000000	0.000000
-14.200000	-1619.150714	-2253.128814	633.978100	45.922830	535.083986	-3022.944711	188.809081	259.522521	374.455580	0.000000	0.000000
-14.000000	-1619.705198	-2253.699347	633.994149	45.922830	534.508979	-3022.940237	188.809081	259.523208	374.470940	0.000000	0.000000
-13.800000	-1620.252774	-2254.262864	634.010090	45.922830	533.941268	-3022.936044	188.809081	259.523892	374.486198	0.000000	0.000000
-13.600000	-1620.793404	-2254.819329	634.025925	45.922830	533.380890	-3022.932131	188.809081	259.524571	374.501353	0.000000	0.000000
-13.400000	-1621.327057	-2255.368707	634.041650	45.922830	532.827879	-3022.928498	188.809081	259.525247	374.516404	0.000000	0.000000
-13.200000	-1621.853706	-2255.910972	634.057266	45.922830	532.282260	-3022.925144	188.809081	259.525918	374.531348	0.000000	0.000000
-13.000000	-1622.373309	-2256.446079	634.072770	45.922830	531.744079	-3022.922070	188.809081	259.526584	374.546185	0.000000	0.000000
-12.800000	-1622.885855	-2256.974018	634.088163	45.922830	531.213343	-3022.919273	188.809081	259.527247	374.560916	0.000000	0.000000
-12.600000	-1623.391296	-2257.494739	634.103443	45.922830	530.690104	-3022.916754	188.809081	259.527904	374.575538	0.000000	0.000000
-12.400000	-1623.889607	-2258.008215	634.118608	45.922830	530.174386	-3022.914513	188.809081	259.528557	374.590051	0.000000	0.000000
-12.200000	-1624.380763	-2258.514423	634.133659	45.922830	529.666213	-3022.912547	188.809081	259.529205	374.604454	0.000000	0.000000
-12.000000	-1624.864724	-2259.013318	634.148594	45.922830	529.165627	-3022.910857	188.809081	259.529848	374.618746	0.000000	0.000000
-11.800000	-1625.341460	-2259.504871	634.163411	45.922830	528.672659	-3022.909441	188.809081	259.530486	374.632924	0.000000	0.000000
-11.600000	-1625.810950	-2259.989061	634.178111	45.922830	528.187327	-3022.908299	188.809081	259.531119	374.646991	0.000000	0.000000
-11.400000	-1626.273156	-2260.465847	634.192691	45.922830	527.709672	-3022.907430	188.809081	259.531747	374.660945	0.000000	0.000000
-11.200000	-1626.728044	-2260.935196	634.207152	45.922830	527.239726	-3022.906834	188.809081	259.532369	374.674783	0.000000	0.000000
-11.000000	-1627.175590	-2261.397082	634.221492	45.922830	526.777514	-3022.906508	188.809081	259.532986	374.688506	0.000000	0.000000
-10.800000	-1627.615763	-2261.851474	634.235710	45.922830	526.323067	-3022.906452	188.809081	259.533597	374.702113	0.000000	0.000000
-10.600000	-1628.048526	-2262.298332	634.249806	45.922830	525.876422	-3022.906665	188.809081	259.534203	374.715603	0.000000	0.000000
-10.400000	-1628.473848	-2262.737626	634.263777	45.922830	525.437609	-3022.907147	188.809081	259.534803	374.728974	0.000000	0.000000
-10.200000	-1628.891703	-2263.169326	634.277624	45.922830	525.006657	-3022.907895	188.809081	259.535397	374.742226	0.000000	0.000000
-10.000000	-1629.302059	-2263.593404	634.291345	45.922830	524.583593	-3022.908909	188.809081	259.535986	374.755359	0.000000	0.000000
-9.800000	-1629.704881	-2264.009820	634.304939	45.922830	524.168456	-3022.910187	188.809081	259.536568	374.768371	0.000000	0.000000
-9.600000	-1630.100144	-2264.418551	634.318407	45.922830	523.761267	-3022.911729	188.809081	259.537144	374.781263	0.000000	0.000000
-9.400000	-1630.487817	-2264.819564	634.331747	45.922830	523.362058	-3022.913534	188.809081	259.537715	374.794033	0.000000	0.000000
-9.200000	-1630.867859	-2265.212817	634.344957	45.922830	522.970871	-3022.915599	188.809081	259.538278	374.806679	0.000000	0.000000
-9.000000	-1631.240249	-2265.598287	634.358038	45.922830	522.587726	-3022.917924	188.809081	259.538836	374.819202	0.000000	0.000000
-8.800000	-1631.604954	-2265.975941	634.370987	45.922830	522.212655	-3022.920507	188.809081	259.539388	374.831600	0.000000	0.000000
-8.600000	-1631.961937	-2266.345741	634.383804	45.922830	521.845695	-3022.923348	188.809081	259.539932	374.843872	0.000000	0.000000
-8.400000	-1632.311176	-2266.707666	634.396490	45.922830	521.486866	-3022.926444	188.809081	259.540471	374.856020	0.000000	0.000000
-8.200000	-1632.652631	-2267.061673	634.409042	45.922830	521.136210	-3022.929794	188.809081	259.541003	374.868039	0.000000	0.000000
-8.000000	-1632.986279	-2267.407739	634.421460	45.922830	520.793747	-3022.933398	188.809081	259.541528	374.879932	0.000000	0.000000
-7.800000	-1633.312085	-2267.745828	634.433744	45.922830	520.459513	-3022.937252	188.809081	259.542047	374.891697	0.000000	0.000000
-7.600000	-1633.630018	-2268.075909	634.445890	45.922830	520.133537	-3022.941357	188.809081	259.542559	374.903332	0.000000	0.000000
-7.400000	-1633.940048	-2268.397950	634.457902	45.922830	519.815849	-3022.945711	188.809081	259.543064	374.914838	0.000000	0.000000
-7.200000	-1634.242143	-2268.711920	634.469777	45.922830	519.506480	-3022.950311	188.809081	259.543563	374.926214	0.000000	0.000000
-7.000000	-1634.536273	-2269.017786	634.481513	45.922830	519.205460	-3022.955157	188.809081	259.544054	374.937458	0.000000	0.000000
-6.800000	-1634.822406	-2269.315517	634.493110	45.922830	518.912818	-3022.960246	188.809081	259.544539	374.948571	0.000000	0.000000
-6.600000	-1635.100512	-2269.605080	634.504568	45.922830	518.628586	-3022.965578	188.809081	259.545017	374.959551	0.000000	0.000000
-6.400000	-1635.370561	-2269.886447	634.515886	45.922830	518.352792	-3022.971150	188.809081	259.545487	374.970399	0.000000	0.000000
-6.200000	-1635.632520	-2270.159583	634.527063	45.922830	518.085467	-3022.976962	188.809081	259.545951	374.981112	0.000000	0.000000
-6.000000	-1635.886360	-2270.424459	634.538099	45.922830	517.826640	-3022.983011	188.809081	259.546408	374.991691	0.000000	0.000000
-5.800000	-1636.135941	-2270.681042	634.545101	45.922830	517.576341	-3022.989295	188.809081	259.542966	375.002135	0.000000	0.000000
-5.600000	-1636.373452	-2270.929302	634.555849	45.922830	517.334600	-3022.995814	188.809081	259.543406	375.012444	0.000000	0.000000
-5.400000	-1636.602752	-2271.169206	634.566454	45.922830	517.101447	-3023.002564	188.809081	259.543839	375.022616	0.000000	0.000000
-5.200000	-1636.823809	-2271.400724	634.576915	45.922830	516.876910	-3023.009546	188.809081	259.544264	375.032651	0.000000	0.000000
-5.000000	-1637.036592	-2271.623824	634.587232	45.922830	516.661020	-3023.016756	188.809081	259.544683	375.042549	0.000000	0.000000
-4.800000	-1637.241074	-2271.838477	634.597403	45.922830	516.453804	-3023.024192	188.809081	259.545095	375.052308	0.000000	0.000000
-4.600000	-1637.441110	-2272.044647	634.603537	45.922830	516.255296	-3023.031855	188.809081	259.541608	375.061929	0.000000	0.000000
-4.400000	-1637.628894	-2272.242307	634.613413	45.922830	516.065521	-3023.039740	188.809081	259.542003	375.071410	0.000000	0.000000
-4.200000	-1637.808283	-2272.431425	634.623142	45.922830	515.884510	-3023.047847	188.809081	259.542391	375.080751	0.000000	0.000000
-4.000000	-1637.979247	-2272.611971	634.632723	45.922830	515.712291	-3023.056173	188.809081	259.542771	375.089952	0.000000	0.000000
-3.800000	-1638.141756	-2272.783911	634.642155	45.922830	515.548895	-3023.064718	188.809081	259.543145	375.099011	0.000000	0.000000
-3.600000	-1638.295778	-2272.947219	634.651441	45.922830	515.394348	-3023.073478	188.809081	259.543511	375.107930	0.000000	0.000000
-3.400000	-1638.441285	-2273.101861	634.660576	45.922830	515.248680	-3023.082452	188.809081	259.543871	375.116705	0.000000	0.000000
-3.200000	-1638.578244	-2273.247807	634.669562	45.922830	515.111921	-3023.091639	188.809081	259.544223	375.125339	0.000000	0.000000
-3.000000	-1638.706629	-2273.385026	634.678397	45.922830	514.984098	-3023.101035	188.809081	259.544568	375.133829	0.000000	0.000000
-2.800000	-1638.826406	-2273.513489	634.687083	45.922830	514.865240	-3023.110640	188.809081	259.544907	375.142176	0.000000	0.000000
-2.600000	-1638.937548	-2273.633164	634.695616	45.922830	514.755376	-3023.120451	188.809081	259.545238	375.150378	0.000000	0.000000
-2.400000	-1639.040024	-2273.744022	634.703998	45.922830	514.654534	-3023.130467	188.809081	259.545562	375.158436	0.000000	0.000000
-2.200000	-1639.133804	-2273.846032	634.712228	45.922830	514.562741	-3023.140685	188.809081	259.545880	375.166348	0.000000	0.000000
-2.000000	-1639.218858	-2273.939164	634.720306	45.922830	514.480028	-3023.151103	188.809081	259.546190	375.174115	0.000000	0.000000
-1.800000	-1639.295158	-2274.023388	634.728230	45.922830	514.406420	-3023.161720	188.809081	259.546494	375.181736	0.000000	0.000000
-1.600000	-1639.362672	-2274.098674	634.736001	45.922830	514.341947	-3023.172532	188.809081	259.546791	375.189210	0.000000	0.000000
-1.400000	-1639.421374	-2274.164991	634.743618	45.922830	514.286637	-3023.183540	188.809081	259.547081	375.196537	0.000000	0.000000
-1.200000	-1639.471230	-2274.222312	634.751081	45.922830	514.240516	-3023.194739	188.809081	259.547365	375.203717	0.000000	0.000000
-1.000000	-1639.512215	-2274.270604	634.758390	45.922830	514.203613	-3023.206129	188.809081	259.547641	375.210748	0.000000	0.000000
-0.800000	-1639.544297	-2274.309840	634.765543	45.922830	514.175956	-3023.217707	188.809081	259.547911	375.217632	0.000000	0.000000
-0.600000	-1639.567447	-2274.339989	634.772542	45.922830	514.157571	-3023.229471	188.809081	259.548175	375.224367	0.000000	0.000000
-0.400000	-1639.581638	-2274.361022	634.779384	45.922830	514.148486	-3023.241420	188.809081	259.548432	375.230953	0.000000	0.000000
-0.200000	-1639.586839	-2274.372910	634.786071	45.922830	514.148729	-3023.253550	188.809081	259.548682	375.237389	0.000000	0.000000
0.000000	-1639.583022	-2274.375623	634.792601	45.922830	514.158326	-3023.265860	188.809081	259.548926	375.243675	0.000000	0.000000
0.200000	-1639.570157	-2274.369132	634.798975	45.922830	514.177304	-3023.278348	188.809081	259.549164	375.249811	0.000000	0.000000
0.400000	-1639.548217	-2274.353409	634.805192	45.922830	514.205691	-3023.291012	188.809081	259.549395	375.255797	0.000000	0.000000
0.600000	-1639.517172	-2274.328424	634.811252	45.922830	514.243514	-3023.303849	188.809081	259.549620	375.261632	0.000000	0.000000
0.800000	-1639.476995	-2274.294149	634.817153	45.922830	514.290798	-3023.316858	188.809081	259.549839	375.267314	0.000000	0.000000
1.000000	-1639.427656	-2274.250554	634.822898	45.922830	514.347571	-3023.330037	188.809081	259.550052	375.272846	0.000000	0.000000
1.200000	-1639.369127	-2274.197612	634.828485	45.922830	514.413859	-3023.343382	188.809081	259.550259	375.278226	0.000000	0.000000
1.400000	-1639.301381	-2274.135294	634.833913	45.922830	514.489688	-3023.356893	188.809081	259.550460	375.283453	0.000000	0.000000
1.600000	-1639.224387	-2274.063571	634.839184	45.922830	514.575085	-3023.370567	188.809081	259.550655	375.288529	0.000000	0.000000
1.800000	-1639.138120	-2273.982415	634.844295	45.922830	514.670076	-3023.384402	188.809081	259.550844	375.293450	0.000000	0.000000
2.000000	-1639.042550	-2273.891797	634.849247	45.922830	514.774686	-3023.398395	188.809081	259.551028	375.298219	0.000000	0.000000
2.200000	-1638.937650	-2273.791691	634.854041	45.922830	514.888943	-3023.412545	188.809081	259.551206	375.302835	0.000000	0.000000
2.400000	-1638.823394	-2273.682069	634.858675	45.922830	515.012870	-3023.426850	188.809081	259.551379	375.307297	0.000000	0.000000
2.600000	-1638.699751	-2273.562900	634.863150	45.922830	515.146495	-3023.441307	188.809081	259.551546	375.311604	0.000000	0.000000
2.800000	-1638.566695	-2273.434160	634.867465	45.922830	515.289843	-3023.455914	188.809081	259.551707	375.315758	0.000000	0.000000
3.000000	-1638.424199	-2273.295820	634.871621	45.922830	515.442938	-3023.470669	188.809081	259.551864	375.319758	0.000000	0.000000
3.200000	-1638.272235	-2273.147852	634.875616	45.922830	515.605807	-3023.485570	188.809081	259.552015	375.323601	0.000000	0.000000
3.400000	-1638.110776	-2272.990228	634.879452	45.922830	515.778476	-3023.500615	188.809081	259.552161	375.327291	0.000000	0.000000
3.600000	-1637.939795	-2272.822924	634.883129	45.922830	515.960966	-3023.515802	188.809081	259.552302	375.330826	0.000000	0.000000
3.800000	-1637.759265	-2272.645909	634.886644	45.922830	516.153307	-3023.531127	188.809081	259.552439	375.334205	0.000000	0.000000
4.000000	-1637.569159	-2272.459159	634.890000	45.922830	516.355520	-3023.546591	188.809081	259.552570	375.337429	0.000000	0.000000
4.200000	-1637.369451	-2272.262647	634.893195	45.922830	516.567631	-3023.562189	188.809081	259.552697	375.340498	0.000000	0.000000
4.400000	-1637.160114	-2272.056344	634.896230	45.922830	516.789664	-3023.577920	188.809081	259.552820	375.343411	0.000000	0.000000
4.600000	-1636.941121	-2271.840225	634.899105	45.922830	517.021645	-3023.593782	188.809081	259.552938	375.346167	0.000000	0.000000
4.800000	-1636.712446	-2271.614264	634.901819	45.922830	517.263597	-3023.609772	188.809081	259.553051	375.348767	0.000000	0.000000
5.000000	-1636.474062	-2271.378434	634.904371	45.922830	517.515544	-3023.625890	188.809081	259.553161	375.351210	0.000000	0.000000
5.200000	-1636.225943	-2271.132707	634.906764	45.922830	517.777513	-3023.642131	188.809081	259.553266	375.353498	0.000000	0.000000
5.400000	-1635.968065	-2270.877061	634.908997	45.922830	518.049522	-3023.658495	188.809081	259.553367	375.355629	0.000000	0.000000
5.600000	-1635.700400	-2270.611468	634.911068	45.922830	518.331599	-3023.674978	188.809081	259.553465	375.357603	0.000000	0.000000
5.800000	-1635.422921	-2270.335901	634.912980	45.922830	518.623767	-3023.691580	188.809081	259.553558	375.359422	0.000000	0.000000
6.000000	-1635.135605	-2270.050335	634.914730	45.922830	518.926051	-3023.708297	188.809081	259.553648	375.361082	0.000000	0.000000
6.200000	-1634.838425	-2269.754745	634.916320	45.922830	519.238472	-3023.725128	188.809081	259.553735	375.362585	0.000000	0.000000
6.400000	-1634.531357	-2269.449106	634.917749	45.922830	519.561053	-3023.742070	188.809081	259.553818	375.363931	0.000000	0.000000
6.600000	-1634.214375	-2269.133394	634.919019	45.922830	519.893816	-3023.759122	188.809081	259.553897	375.365121	0.000000	0.000000
6.800000	-1633.887453	-2268.807581	634.920128	45.922830	520.236788	-3023.776281	188.809081	259.553974	375.366154	0.000000	0.000000
7.000000	-1633.550565	-2268.471642	634.921076	45.922830	520.589992	-3023.793545	188.809081	259.554047	375.367029	0.000000	0.000000
7.200000	-1633.203690	-2268.125555	634.921864	45.922830	520.953445	-3023.810912	188.809081	259.554118	375.367747	0.000000	0.000000
7.400000	-1632.846800	-2267.769293	634.922493	45.922830	521.327174	-3023.828379	188.809081	259.554185	375.368308	0.000000	0.000000
7.600000	-1632.479873	-2267.402834	634.922961	45.922830	521.711200	-3023.845945	188.809081	259.554250	375.368711	0.000000	0.000000
7.800000	-1632.102880	-2267.026149	634.923269	45.922830	522.105548	-3023.863608	188.809081	259.554312	375.368957	0.000000	0.000000
8.000000	-1631.715800	-2266.639218	634.923417	45.922830	522.510237	-3023.881366	188.809081	259.554372	375.369045	0.000000	0.000000
8.200000	-1631.318607	-2266.242012	634.923406	45.922830	522.925292	-3023.899215	188.809081	259.554429	375.368976	0.000000	0.000000
8.400000	-1630.911281	-2265.834516	634.923235	45.922830	523.350728	-3023.917155	188.809081	259.554485	375.368751	0.000000	0.000000
8.600000	-1630.493790	-2265.416694	634.922904	45.922830	523.786578	-3023.935184	188.809081	259.554538	375.368366	0.000000	0.000000
8.800000	-1630.066124	-2264.988539	634.922415	45.922830	524.232847	-3023.953297	188.809081	259.554589	375.367826	0.000000	0.000000
9.000000	-1629.628242	-2264.550007	634.921766	45.922830	524.689577	-3023.971496	188.809081	259.554638	375.367128	0.000000	0.000000
9.200000	-1629.180133	-2264.101092	634.920959	45.922830	525.156772	-3023.989776	188.809081	259.554685	375.366273	0.000000	0.000000
9.400000	-1628.721769	-2263.641760	634.919992	45.922830	525.634464	-3024.008136	188.809081	259.554731	375.365261	0.000000	0.000000
9.600000	-1628.253122	-2263.171989	634.918867	45.922830	526.122673	-3024.026573	188.809081	259.554776	375.364091	0.000000	0.000000
9.800000	-1627.774184	-2262.691768	634.917583	45.922830	526.621407	-3024.045087	188.809081	259.554819	375.362765	0.000000	0.000000
10.000000	-1627.284914	-2262.201056	634.916141	45.922830	527.130707	-3024.063674	188.809081	259.554860	375.361281	0.000000	0.000000
10.200000	-1626.785299	-2261.699841	634.914542	45.922830	527.650580	-3024.082332	188.809081	259.554901	375.359641	0.000000	0.000000
10.400000	-1626.275316	-2261.188101	634.912785	45.922830	528.181048	-3024.101060	188.809081	259.554941	375.357844	0.000000	0.000000
10.600000	-1625.754941	-2260.665811	634.910870	45.922830	528.722133	-3024.119856	188.809081	259.554979	375.355890	0.000000	0.000000
10.800000	-1625.224147	-2260.132945	634.908797	45.922830	529.273861	-3024.138717	188.809081	259.555017	375.353780	0.000000	0.000000
11.000000	-1624.682917	-2259.589486	634.906568	45.922830	529.836245	-3024.157642	188.809081	259.555055	375.351514	0.000000	0.000000
11.200000	-1624.131231	-2259.035413	634.904182	45.922830	530.409303	-3024.176628	188.809081	259.555092	375.349090	0.000000	0.000000
11.400000	-1623.569068	-2258.470708	634.901640	45.922830	530.993053	-3024.195673	188.809081	259.555128	375.346512	0.000000	0.000000
11.600000	-1622.996397	-2257.895338	634.898941	45.922830	531.587526	-3024.214776	188.809081	259.555164	375.343776	0.000000	0.000000
11.800000	-1622.413203	-2257.309289	634.896086	45.922830	532.192734	-3024.233934	188.809081	259.555200	375.340886	0.000000	0.000000
12.000000	-1621.819462	-2256.712538	634.893076	45.922830	532.808696	-3024.253146	188.809081	259.555236	375.337840	0.000000	0.000000
12.200000	-1621.215155	-2256.105065	634.889910	45.922830	533.435432	-3024.272409	188.809081	259.555272	375.334638	0.000000	0.000000
12.400000	-1620.600252	-2255.486841	634.886589	45.922830	534.072970	-3024.291722	188.809081	259.555309	375.331280	0.000000	0.000000
12.600000	-1619.974746	-2254.857859	634.883113	45.922830	534.721312	-3024.311082	188.809081	259.555345	375.327768	0.000000	0.000000
12.800000	-1619.338604	-2254.218086	634.879482	45.922830	535.380491	-3024.330488	188.809081	259.555382	375.324100	0.000000	0.000000
13.000000	-1618.691808	-2253.567506	634.875698	45.922830	536.050521	-3024.349938	188.809081	259.555420	375.320278	0.000000	0.000000
13.200000	-1618.034349	-2252.906109	634.871760	45.922830	536.731409	-3024.369429	188.809081	259.555458	375.316302	0.000000	0.000000
13.400000	-1617.366198	-2252.233866	634.867669	45.922830	537.423182	-3024.388960	188.809081	259.555497	375.312172	0.000000	0.000000
13.600000	-1616.687328	-2251.550752	634.863424	45.922830	538.125865	-3024.408529	188.809081	259.555537	375.307887	0.000000	0.000000
13.800000	-1615.997723	-2250.856749	634.859026	45.922830	538.839473	-3024.428134	188.809081	259.555577	375.303449	0.000000	0.000000
14.000000	-1615.297360	-2250.151836	634.854475	45.922830	539.564026	-3024.447773	188.809081	259.555619	375.298856	0.000000	0.000000
14.200000	-1614.586237	-2249.436011	634.849774	45.922830	540.299521	-3024.467443	188.809081	259.555662	375.294112	0.000000	0.000000
14.400000	-1613.864308	-2248.709227	634.844919	45.922830	541.046006	-3024.487145	188.809081	259.555707	375.289212	0.000000	0.000000
14.600000	-1613.131569	-2247.971483	634.839914	45.922830	541.803480	-3024.506874	188.809081	259.555753	375.284161	0.000000	0.000000
14.800000	-1612.388000	-2247.222758	634.834758	45.922830	542.571961	-3024.526630	188.809081	259.555800	375.278958	0.000000	0.000000
15.000000	-1611.633579	-2246.463031	634.829451	45.922830	543.351469	-3024.546411	188.809081	259.555849	375.273602	0.000000	0.000000
15.200000	-1610.868272	-2245.692265	634.823993	45.922830	544.142039	-3024.566215	188.809081	259.555900	375.268093	0.000000	0.000000
15.400000	-1610.092107	-2244.910495	634.818388	45.922830	544.943633	-3024.586039	188.809081	259.555953	375.262435	0.000000	0.000000
15.600000	-1609.305006	-2244.117637	634.812631	45.922830	545.756335	-3024.605883	188.809081	259.556007	375.256624	0.000000	0.000000
15.800000	-1608.506984	-2243.313710	634.806726	45.922830	546.580123	-3024.625744	188.809081	259.556064	375.250662	0.000000	0.000000
16.000000	-1607.698013	-2242.498685	634.800672	45.922830	547.415024	-3024.645621	188.809081	259.556122	375.244550	0.000000	0.000000
16.200000	-1606.878089	-2241.672560	634.794471	45.922830	548.261039	-3024.665511	188.809081	259.556183	375.238287	0.000000	0.000000
16.400000	-1606.047167	-2240.835288	634.788121	45.922830	549.118214	-3024.685413	188.809081	259.556247	375.231874	0.000000	0.000000
16.600000	-1605.205251	-2239.986875	634.781624	45.922830	549.986539	-3024.705325	188.809081	259.556312	375.225312	0.000000	0.000000
16.800000	-1604.352312	-2239.127293	634.774980	45.922830	550.866042	-3024.725246	188.809081	259.556380	375.218600	0.000000	0.000000
17.000000	-1603.488340	-2238.256531	634.768191	45.922830	551.756730	-3024.745173	188.809081	259.556451	375.211740	0.000000	0.000000
17.200000	-1602.613314	-2237.374570	634.761256	45.922830	552.658624	-3024.765105	188.809081	259.556525	375.204731	0.000000	0.000000
17.400000	-1601.727214	-2236.481389	634.754175	45.922830	553.571740	-3024.785040	188.809081	259.556601	375.197574	0.000000	0.000000
17.600000	-1600.830029	-2235.576977	634.746948	45.922830	554.496088	-3024.804976	188.809081	259.556680	375.190268	0.000000	0.000000
17.800000	-1599.921731	-2234.661309	634.739578	45.922830	555.431692	-3024.824912	188.809081	259.556762	375.182816	0.000000	0.000000
18.000000	-1599.002307	-2233.734369	634.732062	45.922830	556.378565	-3024.844846	188.809081	259.556847	375.175216	0.000000	0.000000
18.200000	-1598.071761	-2232.796166	634.724405	45.922830	557.336698	-3024.864775	188.809081	259.556935	375.167470	0.000000	0.000000
18.400000	-1597.130024	-2231.846627	634.716604	45.922830	558.306161	-3024.884700	188.809081	259.557026	375.159577	0.000000	0.000000
18.600000	-1596.177141	-2230.885801	634.708660	45.922830	559.286905	-3024.904617	188.809081	259.557121	375.151539	0.000000	0.000000
18.800000	-1595.213061	-2229.913635	634.700574	45.922830	560.278979	-3024.924525	188.809081	259.557219	375.143356	0.000000	0.000000
19.000000	-1594.237789	-2228.930137	634.692348	45.922830	561.282375	-3024.944423	188.809081	259.557320	375.135028	0.000000	0.000000
19.200000	-1593.251277	-2227.935256	634.683979	45.922830	562.297141	-3024.964308	188.809081	259.557425	375.126554	0.000000	0.000000
19.400000	-1592.253520	-2226.928991	634.675470	45.922830	563.323278	-3024.984180	188.809081	259.557533	375.117938	0.000000	0.000000
19.600000	-1591.244526	-2225.911347	634.666822	45.922830	564.360777	-3025.004036	188.809081	259.557645	375.109177	0.000000	0.000000
19.800000	-1590.224269	-2224.882302	634.658034	45.922830	565.409661	-3025.023875	188.809081	259.557760	375.100273	0.000000	0.000000
20.000000	-1589.192708	-2223.841815	634.649107	45.922830	566.469969	-3025.043695	188.809081	259.557880	375.091227	0.000000	0.000000
20.200000	-1588.149845	-2222.789886	634.640040	45.922830	567.541698	-3025.063495	188.809081	259.558003	375.082038	0.000000	0.000000
20.400000	-1587.095675	-2221.726511	634.630837	45.922830	568.624850	-3025.083273	188.809081	259.558130	375.072707	0.000000	0.000000
20.600000	-1586.030173	-2220.651670	634.621497	45.922830	569.719446	-3025.103027	188.809081	259.558261	375.063236	0.000000	0.000000
20.800000	-1584.953320	-2219.565338	634.612018	45.922830	570.825506	-3025.122756	188.809081	259.558396	375.053622	0.000000	0.000000
21.000000	-1583.865111	-2218.467515	634.602404	45.922830	571.943032	-3025.142458	188.809081	259.558534	375.043870	0.000000	0.000000
21.200000	-1582.765537	-2217.358192	634.592655	45.922830	573.072029	-3025.162132	188.809081	259.558678	375.033978	0.000000	0.000000
21.400000	-1581.654563	-2216.237333	634.582770	45.922830	574.212532	-3025.181777	188.809081	259.558825	375.023945	0.000000	0.000000
21.600000	-1580.532190	-2215.104941	634.572751	45.922830	575.364537	-3025.201389	188.809081	259.558976	375.013775	0.000000	0.000000
21.800000	-1579.398402	-2213.961000	634.562598	45.922830	576.528058	-3025.220969	188.809081	259.559132	375.003466	0.000000	0.000000
22.000000	-1578.253202	-2212.805515	634.552312	45.922830	577.703088	-3025.240514	188.809081	259.559292	374.993020	0.000000	0.000000
22.200000	-1577.104319	-2211.638424	634.534105	45.922830	578.889689	-3025.260024	188.809081	259.551669	374.982436	0.000000	0.000000
22.400000	-1575.936193	-2210.459734	634.523540	45.922830	580.087851	-3025.279496	188.809081	259.551825	374.971715	0.000000	0.000000
22.600000	-1574.756605	-2209.269449	634.512844	45.922830	581.297569	-3025.298930	188.809081	259.551986	374.960858	0.000000	0.000000
22.800000	-1573.565561	-2208.067580	634.502019	45.922830	582.518831	-3025.318322	188.809081	259.552151	374.949868	0.000000	0.000000
23.000000	-1572.362976	-2206.854037	634.491061	45.922830	583.751725	-3025.337673	188.809081	259.552321	374.938740	0.000000	0.000000
23.200000	-1571.148915	-2205.628889	634.479974	45.922830	584.996180	-3025.356981	188.809081	259.552495	374.927479	0.000000	0.000000
23.400000	-1569.923348	-2204.392106	634.468758	45.922830	586.252225	-3025.376243	188.809081	259.552674	374.916085	0.000000	0.000000
23.600000	-1568.686214	-2203.143627	634.457413	45.922830	587.519921	-3025.395460	188.809081	259.552857	374.904556	0.000000	0.000000
23.800000	-1567.433619	-2201.883446	634.449827	45.922830	588.799272	-3025.414629	188.809081	259.556933	374.892894	0.000000	0.000000
24.000000	-1566.173397	-2200.611621	634.438223	45.922830	590.090216	-3025.433748	188.809081	259.557122	374.881101	0.000000	0.000000
24.200000	-1564.901570	-2199.328063	634.426492	45.922830	591.392844	-3025.452818	188.809081	259.557316	374.869176	0.000000	0.000000
24.400000	-1563.618176	-2198.032811	634.414635	45.922830	592.707113	-3025.471835	188.809081	259.557515	374.857120	0.000000	0.000000
24.600000	-1562.323183	-2196.725836	634.402653	45.922830	594.033052	-3025.490799	188.809081	259.557719	374.844934	0.000000	0.000000
24.800000	-1561.016592	-2195.407137	634.390545	45.922830	595.370660	-3025.509709	188.809081	259.557927	374.832618	0.000000	0.000000
25.000000	-1559.698387	-2194.076699	634.378313	45.922830	596.719951	-3025.528562	188.809081	259.558140	374.820173	0.000000	0.000000
25.200000	-1558.368525	-2192.734482	634.365957	45.922830	598.080965	-3025.547358	188.809081	259.558357	374.807600	0.000000	0.000000
25.400000	-1557.027029	-2191.380507	634.353478	45.922830	599.453677	-3025.566095	188.809081	259.558579	374.794898	0.000000	0.000000
25.600000	-1555.670016	-2190.014782	634.344765	45.922830	600.838079	-3025.584772	188.809081	259.562695	374.782070	0.000000	0.000000
25.800000	-1554.305206	-2188.637245	634.332039	45.922830	602.234231	-3025.603388	188.809081	259.562924	374.769115	0.000000	0.000000
26.000000	-1552.928751	-2187.247943	634.319192	45.922830	603.642086	-3025.621940	188.809081	259.563158	374.756034	0.000000	0.000000
26.200000	-1551.540589	-2185.846811	634.306223	45.922830	605.061706	-3025.640429	188.809081	259.563396	374.742827	0.000000	0.000000
26.400000	-1550.140714	-2184.433848	634.293134	45.922830	606.493093	-3025.658852	188.809081	259.563639	374.729495	0.000000	0.000000
26.600000	-1548.729175	-2183.009101	634.279926	45.922830	607.936196	-3025.677209	188.809081	259.563887	374.716039	0.000000	0.000000
26.800000	-1547.305871	-2181.572469	634.266598	45.922830	609.391117	-3025.695498	188.809081	259.564140	374.702459	0.000000	0.000000
27.000000	-1545.870872	-2180.124025	634.253153	45.922830	610.857780	-3025.713717	188.809081	259.564397	374.688756	0.000000	0.000000
27.200000	-1544.424154	-2178.663744	634.239590	45.922830	612.336210	-3025.731866	188.809081	259.564659	374.674931	0.000000	0.000000
27.400000	-1542.965689	-2177.191600	634.225911	45.922830	613.826431	-3025.749943	188.809081	259.564926	374.660984	0.000000	0.000000
27.600000	-1541.495424	-2175.707538	634.212114	45.922830	615.328498	-3025.767947	188.809081	259.565198	374.646915	0.000000	0.000000
27.800000	-1540.013460	-2174.211663	634.198202	45.922830	616.842302	-3025.785876	188.809081	259.565475	374.632727	0.000000	0.000000
28.000000	-1538.519667	-2172.703843	634.184176	45.922830	618.367977	-3025.803731	188.809081	259.565757	374.618419	0.000000	0.000000
28.200000	-1537.014150	-2171.184186	634.170036	45.922830	619.905410	-3025.821508	188.809081	259.566043	374.603993	0.000000	0.000000
28.400000	-1535.496828	-2169.652611	634.155783	45.922830	621.454685	-3025.839208	188.809081	259.566335	374.589448	0.000000	0.000000
28.600000	-1533.967700	-2168.109117	634.141416	45.922830	623.015800	-3025.856828	188.809081	259.566631	374.574785	0.000000	0.000000
28.800000	-1532.426768	-2166.553707	634.126938	45.922830	624.588750	-3025.874368	188.809081	259.566932	374.560007	0.000000	0.000000
29.000000	-1530.874004	-2164.986353	634.112349	45.922830	626.173563	-3025.891827	188.809081	259.567237	374.545111	0.000000	0.000000
29.200000	-1529.309435	-2163.407083	634.097648	45.922830	627.770208	-3025.909203	188.809081	259.567548	374.530100	0.000000	0.000000
29.400000	-1527.733092	-2161.815932	634.082840	45.922830	629.378651	-3025.926494	188.809081	259.567864	374.514976	0.000000	0.000000
29.600000	-1526.144806	-2160.212726	634.067920	45.922830	630.999064	-3025.943702	188.809081	259.568184	374.499736	0.000000	0.000000
29.800000	-1524.544715	-2158.597607	634.052892	45.922830	632.631305	-3025.960823	188.809081	259.568509	374.484383	0.000000	0.000000
30.000000	-1522.932801	-2156.970559	634.037757	45.922830	634.275386	-3025.977856	188.809081	259.568839	374.468919	0.000000	0.000000
30.200000	-1521.309030	-2155.331546	634.022515	45.922830	635.931344	-3025.994801	188.809081	259.569173	374.453342	0.000000	0.000000
30.400000	-1519.673321	-2153.680487	634.007167	45.922830	637.599258	-3026.011657	188.809081	259.569513	374.437654	0.000000	0.000000
30.600000	-1518.025790	-2152.017504	633.991713	45.922830	639.279007	-3026.028422	188.809081	259.569857	374.421857	0.000000	0.000000
30.800000	-1516.366380	-2150.342535	633.976155	45.922830	640.970648	-3026.045095	188.809081	259.570206	374.405949	0.000000	0.000000
31.000000	-1514.695066	-2148.655560	633.960493	45.922830	642.674204	-3026.061675	188.809081	259.570559	374.389934	0.000000	0.000000
31.200000	-1513.011853	-2146.956581	633.944728	45.922830	644.389669	-3026.078161	188.809081	259.570918	374.373811	0.000000	0.000000
31.400000	-1511.316797	-2145.245659	633.928861	45.922830	646.116982	-3026.094552	188.809081	259.571281	374.357580	0.000000	0.000000
31.600000	-1509.609787	-2143.522680	633.912893	45.922830	647.856256	-3026.110847	188.809081	259.571649	374.341244	0.000000	0.000000
31.800000	-1507.890853	-2141.787676	633.896823	45.922830	649.607458	-3026.127045	188.809081	259.572021	374.324802	0.000000	0.000000
32.000000	-1506.160038	-2140.040693	633.880654	45.922830	651.370541	-3026.143145	188.809081	259.572398	374.308256	0.000000	0.000000
32.200000	-1504.417269	-2138.281654	633.864385	45.922830	653.145580	-3026.159146	188.809081	259.572780	374.291605	0.000000	0.000000
32.400000	-1502.662589	-2136.510607	633.848018	45.922830	654.932528	-3026.175046	188.809081	259.573167	374.274852	0.000000	0.000000
32.600000	-1500.895912	-2134.727465	633.831553	45.922830	656.731469	-3026.190845	188.809081	259.573558	374.257995	0.000000	0.000000
32.800000	-1499.117359	-2132.932351	633.814991	45.922830	658.542280	-3026.206542	188.809081	259.573953	374.241038	0.000000	0.000000
33.000000	-1497.326853	-2131.125187	633.798334	45.922830	660.365036	-3026.222135	188.809081	259.574353	374.223981	0.000000	0.000000
33.200000	-1495.524428	-2129.306009	633.781582	45.922830	662.199703	-3026.237624	188.809081	259.574758	374.206824	0.000000	0.000000
33.400000	-1493.709979	-2127.474712	633.764734	45.922830	664.046384	-3026.253008	188.809081	259.575167	374.189567	0.000000	0.000000
33.600000	-1491.883594	-2125.631388	633.747793	45.922830	665.904986	-3026.268285	188.809081	259.575581	374.172212	0.000000	0.000000
33.800000	-1490.041647	-2123.776031	633.734384	45.922830	667.775513	-3026.283455	188.809081	259.579623	374.154761	0.000000	0.000000
34.000000	-1488.191369	-2121.908616	633.717248	45.922830	669.657989	-3026.298517	188.809081	259.580035	374.137212	0.000000	0.000000
34.200000	-1486.329098	-2120.029118	633.700020	45.922830	671.552440	-3026.313469	188.809081	259.580452	374.119568	0.000000	0.000000
34.400000	-1484.454838	-2118.137539	633.682701	45.922830	673.458862	-3026.328312	188.809081	259.580872	374.101829	0.000000	0.000000
34.600000	-1482.568614	-2116.233907	633.665293	45.922830	675.377225	-3026.343043	188.809081	259.581297	374.083996	0.000000	0.000000
34.800000	-1480.670397	-2114.318194	633.647796	45.922830	677.307558	-3026.357663	188.809081	259.581727	374.066069	0.000000	0.000000
35.000000	-1478.760207	-2112.390419	633.630212	45.922830	679.249839	-3026.372169	188.809081	259.582161	374.048051	0.000000	0.000000
35.200000	-1476.838013	-2110.450552	633.612540	45.922830	681.204098	-3026.386562	188.809081	259.582599	374.029941	0.000000	0.000000
35.400000	-1474.903874	-2108.498656	633.594782	45.922830	683.170272	-3026.400839	188.809081	259.583041	374.011740	0.000000	0.000000
35.600000	-1472.957659	-2106.534597	633.576938	45.922830	685.148494	-3026.415002	188.809081	259.583488	373.993450	0.000000	0.000000
35.800000	-1470.999465	-2104.558474	633.559008	45.922830	687.138663	-3026.429048	188.809081	259.583939	373.975069	0.000000	0.000000
36.000000	-1469.029337	-2102.570334	633.540997	45.922830	689.140730	-3026.442975	188.809081	259.584394	373.956603	0.000000	0.000000
36.200000	-1467.047101	-2100.570002	633.522901	45.922830	691.154872	-3026.456786	188.809081	259.584854	373.938047	0.000000	0.000000
36.400000	-1465.052976	-2098.557699	633.504724	45.922830	693.180865	-3026.470476	188.809081	259.585317	373.919406	0.000000	0.000000
36.600000	-1463.046779	-2096.533243	633.486465	45.922830	695.218891	-3026.484046	188.809081	259.585785	373.900679	0.000000	0.000000
36.800000	-1461.028627	-2094.496753	633.468125	45.922830	697.268831	-3026.497496	188.809081	259.586257	373.881868	0.000000	0.000000
37.000000	-1458.998368	-2092.448073	633.449705	45.922830	699.330839	-3026.510824	188.809081	259.586733	373.862972	0.000000	0.000000
37.200000	-1456.956148	-2090.387355	633.431207	45.922830	701.404763	-3026.524029	188.809081	259.587213	373.843994	0.000000	0.000000
37.400000	-1454.901861	-2088.314491	633.412630	45.922830	703.490709	-3026.537111	188.809081	259.587697	373.824932	0.000000	0.000000
37.600000	-1452.835627	-2086.229604	633.393977	45.922830	705.588554	-3026.550069	188.809081	259.588186	373.805791	0.000000	0.000000
37.800000	-1450.757421	-2084.132668	633.375247	45.922830	707.698321	-3026.562901	188.809081	259.588678	373.786569	0.000000	0.000000
38.000000	-1448.667051	-2082.023492	633.356441	45.922830	709.820205	-3026.575608	188.809081	259.589174	373.767267	0.000000	0.000000
38.200000	-1446.564771	-2079.902332	633.337561	45.922830	711.953945	-3026.588188	188.809081	259.589674	373.747887	0.000000	0.000000
38.400000	-1444.450440	-2077.769047	633.318607	45.922830	714.099683	-3026.600641	188.809081	259.590178	373.728428	0.000000	0.000000
38.600000	-1442.324115	-2075.623696	633.299580	45.922830	716.257358	-3026.612965	188.809081	259.590686	373.708894	0.000000	0.000000
38.800000	-1440.185701	-2073.466181	633.280480	45.922830	718.427068	-3026.625160	188.809081	259.591198	373.689282	0.000000	0.000000
39.000000	-1438.035359	-2071.296669	633.261311	45.922830	720.608645	-3026.637226	188.809081	259.591714	373.669596	0.000000	0.000000
39.200000	-1435.872872	-2069.114941	633.242069	45.922830	722.802309	-3026.649161	188.809081	259.592234	373.649835	0.000000	0.000000
39.400000	-1433.698460	-2066.921219	633.222759	45.922830	725.007835	-3026.660965	188.809081	259.592758	373.630001	0.000000	0.000000
39.600000	-1431.512024	-2064.715404	633.203380	45.922830	727.225321	-3026.672637	188.809081	259.593285	373.610095	0.000000	0.000000
39.800000	-1429.313504	-2062.497437	633.183933	45.922830	729.454828	-3026.684176	188.809081	259.593817	373.590116	0.000000	0.000000
40.000000	-1427.103062	-2060.267482	633.164420	45.922830	731.696188	-3026.695581	188.809081	259.594352	373.570068	0.000000	0.000000
40.200000	-1424.880572	-2058.025412	633.144840	45.922830	733.949529	-3026.706853	188.809081	259.594891	373.549950	0.000000	0.000000
40.400000	-1422.645986	-2055.771180	633.125195	45.922830	736.214898	-3026.717989	188.809081	259.595433	373.529761	0.000000	0.000000
40.600000	-1420.399513	-2053.504999	633.105486	45.922830	738.492079	-3026.728990	188.809081	259.595980	373.509507	0.000000	0.000000
40.800000	-1418.140901	-2051.226614	633.085713	45.922830	740.781329	-3026.739854	188.809081	259.596530	373.489183	0.000000	0.000000
41.000000	-1415.870283	-2048.936161	633.065877	45.922830	743.082510	-3026.750582	188.809081	259.597084	373.468794	0.000000	0.000000
41.200000	-1413.587773	-2046.633754	633.045981	45.922830	745.395506	-3026.761171	188.809081	259.597641	373.448340	0.000000	0.000000
41.400000	-1411.293192	-2044.319216	633.026024	45.922830	747.720495	-3026.771623	188.809081	259.598203	373.427821	0.000000	0.000000
41.600000	-1408.986539	-2041.992545	633.006006	45.922830	750.057478	-3026.781935	188.809081	259.598768	373.407238	0.000000	0.000000
41.800000	-1406.667951	-2039.653881	632.985930	45.922830	752.406315	-3026.792108	188.809081	259.599337	373.386593	0.000000	0.000000
42.000000	-1404.337306	-2037.303101	632.965795	45.922830	754.767127	-3026.802140	188.809081	259.599909	373.365886	0.000000	0.000000
42.200000	-1401.994640	-2034.940243	632.945603	45.922830	757.139877	-3026.812031	188.809081	259.600485	373.345118	0.000000	0.000000
42.400000	-1399.640126	-2032.565482	632.925356	45.922830	759.524387	-3026.821781	188.809081	259.601065	373.324291	0.000000	0.000000
42.600000	-1397.273505	-2030.178557	632.905053	45.922830	761.920919	-3026.831388	188.809081	259.601649	373.303404	0.000000	0.000000
42.800000	-1394.894887	-2027.779582	632.884695	45.922830	764.329359	-3026.840852	188.809081	259.602236	373.282459	0.000000	0.000000
43.000000	-1392.504248	-2025.368531	632.864283	45.922830	766.749731	-3026.850173	188.809081	259.602827	373.261456	0.000000	0.000000
43.200000	-1390.101717	-2022.945537	632.843820	45.922830	769.181902	-3026.859350	188.809081	259.603422	373.240398	0.000000	0.000000
43.400000	-1387.687182	-2020.510486	632.823304	45.922830	771.625984	-3026.868382	188.809081	259.604020	373.219284	0.000000	0.000000
43.600000	-1385.260618	-2018.063348	632.802730	45.922830	774.082009	-3026.877268	188.809081	259.604623	373.198108	0.000000	0.000000
43.800000	-1382.822139	-2015.604234	632.782094	45.922830	776.549864	-3026.886009	188.809081	259.605228	373.176866	0.000000	0.000000
44.000000	-1380.371689	-2013.133086	632.761397	45.922830	779.029605	-3026.894603	188.809081	259.605838	373.155559	0.000000	0.000000
44.200000	-1377.909271	-2010.649910	632.740639	45.922830	781.521229	-3026.903050	188.809081	259.606451	373.134188	0.000000	0.000000
44.400000	-1375.434932	-2008.154753	632.719821	45.922830	784.024685	-3026.911349	188.809081	259.607068	373.112753	0.000000	0.000000
44.600000	-1372.948646	-2005.647591	632.698944	45.922830	786.539998	-3026.919501	188.809081	259.607689	373.091255	0.000000	0.000000
44.800000	-1370.450353	-2003.128361	632.678008	45.922830	789.067230	-3026.927503	188.809081	259.608314	373.069694	0.000000	0.000000
45.000000	-1367.940199	-2000.597215	632.657016	45.922830	791.606230	-3026.935356	188.809081	259.608942	373.048073	0.000000	0.000000
45.200000	-1365.418021	-1998.053987	632.635966	45.922830	794.157162	-3026.943060	188.809081	259.609575	373.026391	0.000000	0.000000
45.400000	-1362.884074	-1995.498935	632.614861	45.922830	796.719766	-3026.950612	188.809081	259.610211	373.004650	0.000000	0.000000
45.600000	-1360.338085	-1992.931785	632.593700	45.922830	799.294317	-3026.958014	188.809081	259.610851	372.982849	0.000000	0.000000
45.800000	-1357.780207	-1990.352692	632.572485	45.922830	801.880661	-3026.965265	188.809081	259.611495	372.960990	0.000000	0.000000
46.000000	-1355.210414	-1987.761630	632.551217	45.922830	804.478822	-3026.972363	188.809081	259.612143	372.939074	0.000000	0.000000
46.200000	-1352.628679	-1985.158575	632.529895	45.922830	807.088824	-3026.979310	188.809081	259.612795	372.917100	0.000000	0.000000
46.400000	-1350.035085	-1982.543608	632.508522	45.922830	809.710584	-3026.986103	188.809081	259.613451	372.895071	0.000000	0.000000
46.600000	-1347.425797	-1979.916782	632.490985	45.922830	812.344049	-3026.992743	188.809081	259.617996	372.872988	0.000000	0.000000
46.800000	-1344.804534	-1977.277924	632.473390	45.922830	814.989394	-3026.999229	188.809081	259.622540	372.850850	0.000000	0.000000
47.000000	-1342.175345	-1974.627190	632.451845	45.922830	817.646459	-3027.005560	188.809081	259.623187	372.828658	0.000000	0.000000
47.200000	-1339.534309	-1971.964562	632.430253	45.922830	820.315264	-3027.011737	188.809081	259.623838	372.806414	0.000000	0.000000
47.400000	-1336.881208	-1969.289818	632.408610	45.922830	822.996029	-3027.017759	188.809081	259.624494	372.784117	0.000000	0.000000
47.600000	-1334.216433	-1966.603356	632.386923	45.922830	825.688357	-3027.023624	188.809081	259.625153	372.761770	0.000000	0.000000
47.800000	-1331.539808	-1963.904998	632.365191	45.922830	828.392424	-3027.029334	188.809081	259.625818	372.739373	0.000000	0.000000
48.000000	-1328.851299	-1961.194712	632.343412	45.922830	831.108264	-3027.034887	188.809081	259.626486	372.716926	0.000000	0.000000
48.200000	-1326.150931	-1958.472522	632.321590	45.922830	833.835850	-3027.040283	188.809081	259.627159	372.694431	0.000000	0.000000
48.400000	-1323.438823	-1955.738548	632.299726	45.922830	836.575061	-3027.045521	188.809081	259.627837	372.671889	0.000000	0.000000
48.600000	-1320.714680	-1952.992498	632.277817	45.922830	839.326193	-3027.050602	188.809081	259.628519	372.649298	0.000000	0.000000
48.800000	-1317.978907	-1950.234776	632.255869	45.922830	842.088837	-3027.055524	188.809081	259.629206	372.626663	0.000000	0.000000
49.000000	-1315.231399	-1947.465280	632.233881	45.922830	844.863096	-3027.060288	188.809081	259.629898	372.603983	0.000000	0.000000
49.200000	-1312.471922	-1944.683774	632.211852	45.922830	847.649207	-3027.064893	188.809081	259.630595	372.581257	0.000000	0.000000
49.400000	-1309.700824	-1941.890610	632.189785	45.922830	850.446817	-3027.069338	188.809081	259.631296	372.558489	0.000000	0.000000
49.600000	-1306.917714	-1939.085394	632.167679	45.922830	853.256318	-3027.073623	188.809081	259.632003	372.535676	0.000000	0.000000
49.800000	-1304.123043	-1936.268581	632.145538	45.922830	856.077255	-3027.077748	188.809081	259.632715	372.512823	0.000000	0.000000
50.000000	-1301.316548	-1933.439908	632.123360	45.922830	858.909893	-3027.081713	188.809081	259.633432	372.489928	0.000000	0.000000
50.200000	-1298.498323	-1930.599471	632.101148	45.922830	861.754134	-3027.085516	188.809081	259.634154	372.466994	0.000000	0.000000
50.400000	-1295.668344	-1927.747245	632.078902	45.922830	864.610002	-3027.089158	188.809081	259.634882	372.444020	0.000000	0.000000
50.600000	-1292.826606	-1924.883229	632.056623	45.922830	867.477499	-3027.092639	188.809081	259.635616	372.421007	0.000000	0.000000
50.800000	-1289.973113	-1922.007425	632.034312	45.922830	870.356621	-3027.095958	188.809081	259.636355	372.397957	0.000000	0.000000
51.000000	-1287.107985	-1919.119956	632.011971	45.922830	873.247247	-3027.099115	188.809081	259.637100	372.374871	0.000000	0.000000
51.200000	-1284.231125	-1916.220724	631.989600	45.922830	876.149473	-3027.102109	188.809081	259.637851	372.351749	0.000000	0.000000
51.400000	-1281.342491	-1913.309690	631.967199	45.922830	879.063339	-3027.104940	188.809081	259.638608	372.328591	0.000000	0.000000
51.600000	-1278.442324	-1910.387095	631.944771	45.922830	881.988601	-3027.107608	188.809081	259.639371	372.305400	0.000000	0.000000
51.800000	-1275.530422	-1907.452739	631.922316	45.922830	884.925462	-3027.110112	188.809081	259.640140	372.282176	0.000000	0.000000
52.000000	-1272.606886	-1904.506722	631.899836	45.922830	887.873820	-3027.112453	188.809081	259.640916	372.258919	0.000000	0.000000
52.200000	-1269.671563	-1901.548892	631.877329	45.922830	890.833826	-3027.114630	188.809081	259.641699	372.235630	0.000000	0.000000
52.400000	-1266.724718	-1898.579518	631.854800	45.922830	893.805213	-3027.116642	188.809081	259.642489	372.212311	0.000000	0.000000
52.600000	-1263.766312	-1895.598560	631.832248	45.922830	896.788019	-3027.118490	188.809081	259.643285	372.188963	0.000000	0.000000
52.800000	-1260.796245	-1892.605918	631.809673	45.922830	899.782344	-3027.120173	188.809081	259.644088	372.165585	0.000000	0.000000
53.000000	-1257.814453	-1889.601530	631.787077	45.922830	902.788250	-3027.121691	188.809081	259.644899	372.142178	0.000000	0.000000
53.200000	-1254.821134	-1886.585596	631.764462	45.922830	905.805537	-3027.123044	188.809081	259.645717	372.118744	0.000000	0.000000
53.400000	-1251.816301	-1883.558129	631.741828	45.922830	908.834191	-3027.124231	188.809081	259.646543	372.095284	0.000000	0.000000
53.600000	-1248.799798	-1880.518974	631.719175	45.922830	911.874368	-3027.125253	188.809081	259.647377	372.071798	0.000000	0.000000
53.800000	-1245.771924	-1877.468431	631.696507	45.922830	914.925766	-3027.126108	188.809081	259.648219	372.048288	0.000000	0.000000
54.000000	-1242.732269	-1874.406091	631.673822	45.922830	917.988796	-3027.126798	188.809081	259.649069	372.024753	0.000000	0.000000
54.200000	-1239.681133	-1871.332255	631.651122	45.922830	921.063154	-3027.127321	188.809081	259.649927	372.001194	0.000000	0.000000
54.400000	-1236.618625	-1868.247035	631.628410	45.922830	924.148731	-3027.127677	188.809081	259.650795	371.977615	0.000000	0.000000
54.600000	-1233.544357	-1865.150039	631.605683	45.922830	927.245916	-3027.127867	188.809081	259.651671	371.954012	0.000000	0.000000
54.800000	-1230.458837	-1862.041784	631.582946	45.922830	930.354195	-3027.127890	188.809081	259.652556	371.930390	0.000000	0.000000
55.000000	-1227.361769	-1858.921968	631.560199	45.922830	933.473867	-3027.127746	188.809081	259.653450	371.906748	0.000000	0.000000
55.200000	-1224.253240	-1855.790682	631.537442	45.922830	936.604841	-3027.127434	188.809081	259.654354	371.883088	0.000000	0.000000
55.400000	-1221.133219	-1852.647896	631.514677	45.922830	939.747149	-3027.126956	188.809081	259.655268	371.859408	0.000000	0.000000
55.600000	-1218.001752	-1849.493656	631.491904	45.922830	942.900742	-3027.126310	188.809081	259.656193	371.835712	0.000000	0.000000
55.800000	-1214.858846	-1846.327972	631.469126	45.922830	946.065612	-3027.125496	188.809081	259.657127	371.811999	0.000000	0.000000
56.000000	-1211.704583	-1843.150926	631.446343	45.922830	949.241677	-3027.124514	188.809081	259.658072	371.788271	0.000000	0.000000
56.200000	-1208.538904	-1839.962460	631.423556	45.922830	952.428994	-3027.123365	188.809081	259.659028	371.764527	0.000000	0.000000
56.400000	-1205.361924	-1836.762690	631.400766	45.922830	955.627446	-3027.122048	188.809081	259.659995	371.740771	0.000000	0.000000
56.600000	-1202.173409	-1833.551383	631.377975	45.922830	958.837267	-3027.120562	188.809081	259.660974	371.717001	0.000000	0.000000
56.800000	-1198.973649	-1830.328832	631.355183	45.922830	962.058165	-3027.118909	188.809081	259.661965	371.693219	0.000000	0.000000
57.000000	-1195.762585	-1827.094978	631.332393	45.922830	965.290198	-3027.117087	188.809081	259.662968	371.669426	0.000000	0.000000
57.200000	-1192.540089	-1823.849693	631.309604	45.922830	968.533493	-3027.115097	188.809081	259.663983	371.645621	0.000000	0.000000
57.400000	-1189.306347	-1820.593165	631.286818	45.922830	971.787862	-3027.112939	188.809081	259.665011	371.621808	0.000000	0.000000
57.600000	-1186.061336	-1817.325373	631.264037	45.922830	975.053327	-3027.110612	188.809081	259.666052	371.597986	0.000000	0.000000
57.800000	-1182.805032	-1814.046294	631.241262	45.922830	978.329912	-3027.108117	188.809081	259.667107	371.574155	0.000000	0.000000
58.000000	-1179.537411	-1810.755904	631.218493	45.922830	981.617639	-3027.105454	188.809081	259.668175	371.550318	0.000000	0.000000
58.200000	-1176.258626	-1807.454358	631.195732	45.922830	984.916352	-3027.102622	188.809081	259.669258	371.526474	0.000000	0.000000
58.400000	-1172.968586	-1804.141566	631.172980	45.922830	988.226144	-3027.099622	188.809081	259.670355	371.502625	0.000000	0.000000
58.600000	-1169.667335	-1800.817574	631.150239	45.922830	991.546967	-3027.096453	188.809081	259.671468	371.478772	0.000000	0.000000
58.800000	-1166.354926	-1797.482436	631.127510	45.922830	994.878768	-3027.093115	188.809081	259.672595	371.454915	0.000000	0.000000
59.000000	-1163.031337	-1794.136131	631.104793	45.922830	998.221568	-3027.089610	188.809081	259.673739	371.431054	0.000000	0.000000
59.200000	-1159.696534	-1790.778625	631.082091	45.922830	1001.575399	-3027.085936	188.809081	259.674899	371.407192	0.000000	0.000000
59.400000	-1156.350503	-1787.409906	631.059403	45.922830	1004.940276	-3027.082093	188.809081	259.676075	371.383328	0.000000	0.000000
59.600000	-1152.993468	-1784.030201	631.036733	45.922830	1008.315969	-3027.078082	188.809081	259.677269	371.359464	0.000000	0.000000
59.800000	-1149.625306	-1780.639387	631.014081	45.922830	1011.702604	-3027.073903	188.809081	259.678480	371.335601	0.000000	0.000000
60.000000	-1146.246061	-1777.237510	630.991448	45.922830	1015.100134	-3027.069556	188.809081	259.679709	371.311739	0.000000	0.000000
