0,0,-0.183082,0
1,0,-0.183143,0
2,0,-0.183248,0
3,0,-0.183290,0
4,0,-0.183314,0
5,0,-0.183406,0
6,0,-0.183552,0
7,0,-0.183703,0
8,0,-0.183898,0
9,0,-0.184190,0
10,0,-0.184487,0
11,0,-0.184619,0
12,0,-0.184575,0
13,0,-0.184583,0
14,0,-0.184826,0
15,0,-0.185176,0
16,0,-0.185400,0
17,0,-0.185506,0
18,0,-0.185678,0
19,0,-0.185945,0
20,0,-0.186177,0
21,0,-0.186352,0
22,0,-0.186583,0
23,0,-0.186892,0
24,0,-0.187194,0
25,0,-0.187466,0
26,0,-0.187737,0
27,0,-0.187967,0
28,0,-0.188124,0
29,0,-0.188305,0
30,0,-0.188593,0
31,0,-0.188891,0
32,0,-0.189056,0
33,0,-0.189129,0
34,0,-0.189269,0
35,0,-0.189496,0
36,0,-0.189699,0
37,0,-0.189838,0
38,0,-0.189980,0
39,0,-0.190156,0
40,0,-0.190318,0
41,0,-0.190436,0
42,0,-0.190552,0
43,0,-0.190703,0
44,0,-0.190864,0
45,0,-0.191007,0
46,0,-0.191155,0
47,0,-0.191326,0
48,0,-0.191472,0
49,0,-0.191568,0
50,0,-0.191687,0
51,0,-0.191891,0
52,0,-0.192109,0
53,0,-0.192239,0
54,0,-0.192311,0
55,0,-0.192397,0
56,0,-0.192478,0
57,0,-0.192506,0
58,0,-0.192502,0
59,0,-0.192492,0
60,0,-0.192448,0
61,0,-0.192352,0
62,0,-0.192218,0
63,0,-0.192027,0
64,0,-0.191752,0
65,0,-0.191448,0
66,0,-0.191181,0
67,0,-0.190910,0
68,0,-0.190577,0
69,0,-0.190235,0
70,0,-0.189954,0
71,0,-0.189698,0
72,0,-0.189405,0
73,0,-0.189108,0
74,0,-0.188847,0
75,0,-0.188590,0
76,0,-0.188302,0
77,0,-0.187999,0
78,0,-0.187680,0
79,0,-0.187323,0
80,0,-0.186935,0
81,0,-0.186529,0
82,0,-0.186077,0
83,0,-0.185558,0
84,0,-0.185002,0
85,0,-0.184421,0
86,0,-0.183777,0
87,0,-0.183061,0
88,0,-0.182337,0
89,0,-0.181661,0
90,0,-0.181005,0
91,0,-0.180307,0
92,0,-0.179554,0
93,0,-0.178794,0
94,0,-0.178052,0
95,0,-0.177304,0
96,0,-0.176528,0
97,0,-0.175738,0
98,0,-0.174939,0
99,0,-0.174100,0
100,0,-0.173231,0
101,0,-0.172397,0
102,0,-0.171609,0
103,0,-0.170772,0
104,0,-0.169835,0
105,0,-0.168889,0
106,0,-0.167967,0
107,0,-0.166904,0
108,0,-0.165482,0
109,0,-0.163653,0
110,0,-0.161595,0
111,0,-0.159604,0
112,0,-0.157875,0
113,0,-0.156293,0
114,0,-0.154581,0
115,0,-0.152721,0
116,0,-0.150966,0
117,0,-0.149410,0
118,0,-0.147876,0
119,0,-0.146309,0
120,0,-0.144898,0
121,0,-0.143685,0
122,0,-0.142428,0
123,0,-0.140930,0
124,0,-0.139164,0
125,0,-0.137101,0
126,0,-0.134776,0
127,0,-0.132435,0
128,0,-0.130238,0
129,0,-0.127949,0
130,0,-0.125304,0
131,0,-0.122473,0
132,0,-0.119828,0
133,0,-0.117440,0
134,0,-0.115124,0
135,0,-0.112832,0
136,0,-0.110678,0
137,0,-0.108668,0
138,0,-0.106656,0
139,0,-0.104514,0
140,0,-0.102260,0
141,0,-0.099992,0
142,0,-0.097742,0
143,0,-0.095452,0
144,0,-0.093039,0
145,0,-0.090424,0
146,0,-0.087527,0
147,0,-0.084405,0
148,0,-0.081303,0
149,0,-0.078315,0
150,0,-0.075176,0
151,0,-0.071704,0
152,0,-0.068199,0
153,0,-0.064978,0
154,0,-0.061846,0
155,0,-0.058524,0
156,0,-0.055174,0
157,0,-0.052065,0
158,0,-0.049104,0
159,0,-0.046028,0
160,0,-0.042763,0
161,0,-0.039380,0
162,0,-0.036054,0
163,0,-0.033025,0
164,0,-0.030282,0
165,0,-0.027465,0
166,0,-0.024398,0
167,0,-0.021409,0
168,0,-0.018829,0
169,0,-0.016532,0
170,0,-0.014190,0
171,0,-0.011649,0
172,0,-0.008967,0
173,0,-0.006336,0
174,0,-0.003933,0
175,0,-0.001685,0
176,0,0.000644,0
177,0,0.002993,0
178,0,0.005043,0
179,0,0.006794,0
180,0,0.008628,0
181,0,0.010664,0
182,0,0.012588,0
183,0,0.014253,0
184,0,0.015894,0
185,0,0.017634,0
186,0,0.019327,0
187,0,0.020937,0
188,0,0.022631,0
189,0,0.024479,0
190,0,0.026431,0
191,0,0.028557,0
192,0,0.030941,0
193,0,0.033375,0
194,0,0.035513,0
195,0,0.037332,0
196,0,0.039158,0
197,0,0.041131,0
198,0,0.042967,0
199,0,0.044420,0
200,0,0.045686,0
201,0,0.047057,0
202,0,0.048444,0
203,0,0.049587,0
204,0,0.050526,0
205,0,0.051461,0
206,0,0.052413,0
207,0,0.053354,0
208,0,0.054397,0
209,0,0.055571,0
210,0,0.056695,0
211,0,0.057703,0
212,0,0.058767,0
213,0,0.059923,0
214,0,0.060924,0
215,0,0.061575,0
216,0,0.061936,0
217,0,0.062157,0
218,0,0.062260,0
219,0,0.062091,0
220,0,0.061462,0
221,0,0.060416,0
222,0,0.059264,0
223,0,0.058192,0
224,0,0.057032,0
225,0,0.055625,0
226,0,0.054065,0
227,0,0.052434,0
228,0,0.050693,0
229,0,0.048920,0
230,0,0.047238,0
231,0,0.045515,0
232,0,0.043609,0
233,0,0.041740,0
234,0,0.040133,0
235,0,0.038570,0
236,0,0.036747,0
237,0,0.034769,0
238,0,0.032841,0
239,0,0.030808,0
240,0,0.028402,0
241,0,0.025637,0
242,0,0.022722,0
243,0,0.019790,0
244,0,0.016821,0
245,0,0.013699,0
246,0,0.010382,0
247,0,0.007072,0
248,0,0.004035,0
249,0,0.001247,0
250,0,-0.001507,0
251,0,-0.004263,0
252,0,-0.006911,0
253,0,-0.009449,0
254,0,-0.011921,0
255,0,-0.014355,0
256,0,-0.016998,0
257,0,-0.020126,0
258,0,-0.023515,0
259,0,-0.026730,0
260,0,-0.029948,0
261,0,-0.033750,0
262,0,-0.038133,0
263,0,-0.042519,0
264,0,-0.046645,0
265,0,-0.050706,0
266,0,-0.054811,0
267,0,-0.058897,0
268,0,-0.062942,0
269,0,-0.066917,0
270,0,-0.070787,0
271,0,-0.074672,0
272,0,-0.078656,0
273,0,-0.082550,0
274,0,-0.086234,0
275,0,-0.089904,0
276,0,-0.093671,0
277,0,-0.097326,0
278,0,-0.100764,0
279,0,-0.104126,0
280,0,-0.107391,0
281,0,-0.110434,0
282,0,-0.113470,0
283,0,-0.116826,0
284,0,-0.120320,0
285,0,-0.123490,0
286,0,-0.126305,0
287,0,-0.129067,0
288,0,-0.131793,0
289,0,-0.134188,0
290,0,-0.136119,0
291,0,-0.137761,0
292,0,-0.139343,0
293,0,-0.140955,0
294,0,-0.142569,0
295,0,-0.144189,0
296,0,-0.145919,0
297,0,-0.147791,0
298,0,-0.149681,0
299,0,-0.151517,0
300,0,-0.153412,0
301,0,-0.155422,0
302,0,-0.157429,0
303,0,-0.159402,0
304,0,-0.161445,0
305,0,-0.163466,0
306,0,-0.165217,0
307,0,-0.166750,0
308,0,-0.168408,0
309,0,-0.170310,0
310,0,-0.172262,0
311,0,-0.174139,0
312,0,-0.176008,0
313,0,-0.177987,0
314,0,-0.180216,0
315,0,-0.182752,0
316,0,-0.185427,0
317,0,-0.188050,0
318,0,-0.190723,0
319,0,-0.193653,0
320,0,-0.196748,0
321,0,-0.199767,0
322,0,-0.202695,0
323,0,-0.205695,0
324,0,-0.208838,0
325,0,-0.212057,0
326,0,-0.215212,0
327,0,-0.218100,0
328,0,-0.220630,0
329,0,-0.222966,0
330,0,-0.225271,0
331,0,-0.227448,0
332,0,-0.229327,0
333,0,-0.231001,0
334,0,-0.232745,0
335,0,-0.234615,0
336,0,-0.236342,0
337,0,-0.237705,0
338,0,-0.238907,0
339,0,-0.240421,0
340,0,-0.242378,0
341,0,-0.244339,0
342,0,-0.245880,0
343,0,-0.247094,0
344,0,-0.248221,0
345,0,-0.249184,0
346,0,-0.249852,0
347,0,-0.250295,0
348,0,-0.250475,0
349,0,-0.250237,0
350,0,-0.249745,0
351,0,-0.249375,0
352,0,-0.249148,0
353,0,-0.248839,0
354,0,-0.248492,0
355,0,-0.248237,0
356,0,-0.247798,0
357,0,-0.246766,0
358,0,-0.245153,0
359,0,-0.243247,0
360,0,-0.241204,0
361,0,-0.239089,0
362,0,-0.236967,0
363,0,-0.234775,0
364,0,-0.232371,0
365,0,-0.229742,0
366,0,-0.227042,0
367,0,-0.224538,0
368,0,-0.222462,0
369,0,-0.220730,0
370,0,-0.219008,0
371,0,-0.217257,0
372,0,-0.215827,0
373,0,-0.214807,0
374,0,-0.213797,0
375,0,-0.212537,0
376,0,-0.211112,0
377,0,-0.209400,0
378,0,-0.206998,0
379,0,-0.203815,0
380,0,-0.200146,0
381,0,-0.196170,0
382,0,-0.191974,0
383,0,-0.187849,0
384,0,-0.184049,0
385,0,-0.180539,0
386,0,-0.177339,0
387,0,-0.174669,0
388,0,-0.172417,0
389,0,-0.170003,0
390,0,-0.167044,0
391,0,-0.163600,0
392,0,-0.159712,0
393,0,-0.155303,0
394,0,-0.150520,0
395,0,-0.145723,0
396,0,-0.141145,0
397,0,-0.136815,0
398,0,-0.132650,0
399,0,-0.128493,0
400,0,-0.124360,0
401,0,-0.120604,0
402,0,-0.117551,0
403,0,-0.115045,0
404,0,-0.112642,0
405,0,-0.110056,0
406,0,-0.107183,0
407,0,-0.103975,0
408,0,-0.100415,0
409,0,-0.096397,0
410,0,-0.091777,0
411,0,-0.086770,0
412,0,-0.081931,0
413,0,-0.077428,0
414,0,-0.072907,0
415,0,-0.068424,0
416,0,-0.064714,0
417,0,-0.062072,0
418,0,-0.059867,0
419,0,-0.057542,0
420,0,-0.055255,0
421,0,-0.053206,0
422,0,-0.051158,0
423,0,-0.048801,0
424,0,-0.045889,0
425,0,-0.042140,0
426,0,-0.037680,0
427,0,-0.033240,0
428,0,-0.029219,0
429,0,-0.025083,0
430,0,-0.020344,0
431,0,-0.015475,0
432,1,-0.011232,0
433,1,-0.007694,0
434,1,-0.004524,0
435,1,-0.001664,0
436,1,0.000723,0
437,1,0.002582,0
438,1,0.004011,0
439,1,0.005288,0
440,1,0.006889,0
441,1,0.009132,0
442,1,0.011905,0
443,1,0.014976,0
444,1,0.018328,0
445,1,0.021948,0
446,1,0.025582,0
447,1,0.028931,0
448,1,0.031923,0
449,1,0.034666,0
450,1,0.037291,0
451,1,0.039809,0
452,1,0.041974,0
453,1,0.043470,1
454,1,0.044378,1
455,1,0.045231,1
456,1,0.046452,1
457,1,0.047969,1
458,1,0.049503,1
459,1,0.050973,1
460,1,0.052460,1
461,1,0.054041,1
462,1,0.055721,1
463,1,0.057350,1
464,1,0.058673,1
465,1,0.059648,1
466,1,0.060525,1
467,1,0.061446,1
468,1,0.062268,1
469,1,0.063008,1
470,1,0.064122,1
471,1,0.065858,1
472,1,0.067635,1
473,2,0.068597,1
474,2,0.068599,1
475,2,0.068183,1
476,2,0.067697,1
477,2,0.066900,1
478,2,0.065490,1
479,2,0.063658,1
480,2,0.061880,1
481,2,0.060346,1
482,2,0.058784,1
483,2,0.056934,1
484,2,0.054903,1
485,2,0.052794,1
486,2,0.050421,1
487,2,0.047728,1
488,2,0.045114,1
489,2,0.042936,1
490,2,0.041158,1
491,2,0.039747,1
492,2,0.038842,1
493,2,0.038180,1
494,2,0.036933,1
495,2,0.034563,1
496,2,0.031417,1
497,2,0.027996,1
498,2,0.024229,1
499,2,0.020031,1
500,2,0.015822,1
501,2,0.011904,1
502,2,0.008140,1
503,2,0.004580,1
504,2,0.001518,1
505,2,-0.001226,1
506,2,-0.004116,1
507,2,-0.006848,1
508,2,-0.008695,1
509,2,-0.009976,1
510,2,-0.011789,1
511,2,-0.014352,1
512,2,-0.016980,1
513,2,-0.019446,1
514,2,-0.022264,1
515,2,-0.025776,1
516,2,-0.029763,1
517,2,-0.033840,1
518,2,-0.037736,1
519,2,-0.041275,1
520,2,-0.044404,1
521,2,-0.047160,1
522,2,-0.049587,1
523,2,-0.051775,1
524,2,-0.053799,1
525,2,-0.055656,1
526,2,-0.057478,1
527,1,-0.059647,1
528,1,-0.062440,1
529,1,-0.065715,1
530,1,-0.069172,1
531,1,-0.072753,1
532,1,-0.076465,1
533,1,-0.080035,1
534,1,-0.083244,1
535,1,-0.086320,1
536,1,-0.089488,1
537,1,-0.092491,1
538,1,-0.094940,1
539,1,-0.096696,1
540,1,-0.097806,1
541,1,-0.098546,1
542,1,-0.099508,1
543,1,-0.101184,1
544,1,-0.103553,1
545,1,-0.106384,1
546,1,-0.109665,1
547,1,-0.113434,1
548,1,-0.117563,1
549,1,-0.121914,1
550,1,-0.126443,1
551,1,-0.131109,1
552,1,-0.135947,1
553,1,-0.141068,1
554,1,-0.146429,1
555,1,-0.151799,1
556,1,-0.156988,1
557,1,-0.161914,1
558,1,-0.166423,1
559,1,-0.170254,1
560,1,-0.173286,1
561,1,-0.175734,1
562,1,-0.177927,1
563,1,-0.179991,1
564,1,-0.181989,1
565,1,-0.184225,1
566,1,-0.187094,1
567,1,-0.190718,1
568,1,-0.194764,1
569,1,-0.198491,1
570,1,-0.201260,1
571,1,-0.203188,1
572,1,-0.204799,1
573,1,-0.206008,1
574,1,-0.206345,1
575,1,-0.206130,1
576,1,-0.206247,1
577,1,-0.206881,1
578,2,-0.207644,1
579,2,-0.208664,1
580,2,-0.210315,1
581,2,-0.212195,1
582,2,-0.213558,1
583,2,-0.214561,1
584,2,-0.215984,1
585,2,-0.217820,1
586,2,-0.219265,1
587,1,-0.220130,1
588,1,-0.220945,1
589,1,-0.221632,1
590,1,-0.221336,1
591,1,-0.219606,1
592,1,-0.216922,1
593,1,-0.213962,1
594,1,-0.210941,1
595,1,-0.207840,1
596,1,-0.204868,1
597,1,-0.202278,1
598,1,-0.199875,1
599,1,-0.197279,1
600,1,-0.194639,1
601,1,-0.192623,1
602,1,-0.191779,1
603,1,-0.191966,1
604,1,-0.192465,1
605,1,-0.192813,1
606,1,-0.193196,1
607,1,-0.193652,1
608,1,-0.193612,1
609,1,-0.192791,1
610,1,-0.191657,1
611,1,-0.190577,1
612,1,-0.189329,1
613,1,-0.187791,1
614,1,-0.186404,1
615,1,-0.185448,1
616,1,-0.184560,1
617,1,-0.183592,1
618,1,-0.183150,1
619,1,-0.183613,1
620,1,-0.184370,1
621,1,-0.184661,1
622,1,-0.184614,1
623,1,-0.184947,1
624,1,-0.185876,1
625,1,-0.186818,1
626,1,-0.187301,1
627,1,-0.187791,1
628,1,-0.189154,1
629,1,-0.191442,1
630,1,-0.193893,1
631,1,-0.196049,1
632,1,-0.197889,1
633,1,-0.199100,1
634,1,-0.199513,1
635,1,-0.199731,1
636,1,-0.200082,1
637,1,-0.199891,1
638,1,-0.198809,1
639,1,-0.197490,1
640,1,-0.196172,1
641,1,-0.194234,1
642,1,-0.191622,1
643,1,-0.189181,1
644,1,-0.187310,1
645,1,-0.185671,1
646,1,-0.184173,1
647,1,-0.182973,1
648,1,-0.181854,1
649,1,-0.180622,1
650,1,-0.179564,1
651,1,-0.178635,1
652,1,-0.176958,1
653,1,-0.173991,1
654,1,-0.170343,1
655,1,-0.166736,1
656,1,-0.163210,1
657,1,-0.159780,1
658,1,-0.156871,1
659,1,-0.154810,1
660,1,-0.153454,1
661,1,-0.152353,1
662,2,-0.150999,1
663,2,-0.149171,1
664,2,-0.147258,1
665,2,-0.145670,1
666,2,-0.143993,1
667,2,-0.141581,1
668,2,-0.138659,1
669,2,-0.135797,1
670,2,-0.132849,1
671,2,-0.129419,1
672,2,-0.125650,1
673,2,-0.121830,1
674,2,-0.117979,1
675,2,-0.114251,1
676,2,-0.111001,1
677,2,-0.108224,1
678,2,-0.105591,1
679,2,-0.103019,1
680,2,-0.100624,1
681,2,-0.098256,1
682,2,-0.095538,1
683,2,-0.092288,1
684,2,-0.088644,1
685,2,-0.084948,1
686,2,-0.081677,1
687,2,-0.079104,1
688,2,-0.076930,1
689,2,-0.074771,1
690,2,-0.072835,1
691,2,-0.071533,1
692,2,-0.070676,1
693,2,-0.069612,1
694,2,-0.067940,1
695,2,-0.065677,1
696,2,-0.063000,1
697,2,-0.060125,1
698,2,-0.057097,1
699,2,-0.053750,1
700,2,-0.050152,1
701,2,-0.046648,1
702,2,-0.043185,1
703,2,-0.039269,1
704,2,-0.034808,1
705,2,-0.030290,1
706,2,-0.026157,1
707,2,-0.022597,1
708,2,-0.019678,1
709,2,-0.017203,1
710,2,-0.014705,1
711,2,-0.012002,1
712,2,-0.009519,1
713,2,-0.007678,1
714,2,-0.006143,1
715,2,-0.004143,1
716,2,-0.001577,1
717,2,0.000876,1
718,2,0.002993,1
719,2,0.005475,1
720,2,0.008695,1
721,2,0.011979,1
722,2,0.014738,1
723,2,0.017442,1
724,2,0.020752,1
725,2,0.024403,1
726,2,0.027641,1
727,2,0.030197,1
728,2,0.032274,1
729,2,0.034075,1
730,2,0.035846,1
731,1,0.037906,1
732,1,0.040118,1
733,1,0.041907,1
734,1,0.043248,1
735,1,0.044797,1
736,1,0.046643,1
737,1,0.047935,1
738,1,0.048156,1
739,1,0.047962,1
740,1,0.048282,1
741,1,0.049167,1
742,1,0.049940,1
743,1,0.050233,1
744,1,0.050618,1
745,1,0.051990,1
746,1,0.054161,1
747,1,0.055766,1
748,1,0.056067,1
749,1,0.055856,1
750,1,0.055895,1
751,1,0.055741,1
752,1,0.054892,1
753,1,0.053747,1
754,1,0.052718,1
755,1,0.051702,1
756,1,0.050758,1
757,1,0.050122,1
758,1,0.049512,1
759,1,0.048427,1
760,1,0.046882,1
761,1,0.045274,1
762,1,0.043896,1
763,1,0.042606,1
764,1,0.040923,1
765,1,0.038813,1
766,1,0.037080,1
767,1,0.036275,1
768,1,0.035655,1
769,1,0.034156,1
770,1,0.032044,1
771,1,0.030300,1
772,1,0.028852,1
773,1,0.027124,1
774,1,0.025662,1
775,1,0.025363,1
776,1,0.025741,1
777,1,0.025678,1
778,1,0.025294,1
779,1,0.025340,1
780,1,0.025360,1
781,1,0.024328,1
782,1,0.022507,1
783,1,0.020916,1
784,1,0.019589,1
785,1,0.017915,1
786,1,0.016116,1
787,2,0.014982,1
788,2,0.014587,1
789,2,0.014436,1
790,2,0.014346,1
791,2,0.014381,1
792,2,0.014516,1
793,2,0.014595,1
794,2,0.014374,1
795,2,0.013655,1
796,2,0.012332,1
797,2,0.010275,1
798,2,0.007404,1
799,2,0.003930,1
800,2,0.000139,1
801,2,-0.004086,1
802,2,-0.008864,1
803,2,-0.013562,1
804,2,-0.017464,1
805,2,-0.020758,1
806,2,-0.023856,1
807,2,-0.026497,1
808,2,-0.028262,1
809,2,-0.029344,1
810,2,-0.030324,1
811,2,-0.031584,1
812,2,-0.033207,1
813,2,-0.035163,1
814,2,-0.037380,1
815,2,-0.039872,1
816,2,-0.042896,1
817,2,-0.046622,1
818,2,-0.050745,1
819,2,-0.054891,1
820,2,-0.059097,1
821,2,-0.063498,1
822,2,-0.067914,1
823,2,-0.072065,1
824,2,-0.075921,1
825,2,-0.079499,1
826,2,-0.082529,1
827,2,-0.084716,1
828,2,-0.086033,1
829,2,-0.086690,1
830,2,-0.087127,1
831,2,-0.087889,1
832,2,-0.089460,1
833,2,-0.092166,1
834,2,-0.095933,1
835,2,-0.100302,1
836,2,-0.104772,1
837,2,-0.108897,1
838,2,-0.112397,1
839,2,-0.115302,1
840,2,-0.117816,1
841,2,-0.120125,1
842,2,-0.122306,1
843,2,-0.124351,1
844,2,-0.126268,1
845,2,-0.127929,1
846,2,-0.129084,1
847,2,-0.129881,1
848,2,-0.130912,1
849,2,-0.132373,1
850,2,-0.133874,1
851,2,-0.135308,1
852,2,-0.136963,1
853,2,-0.138699,1
854,1,-0.140177,1
855,1,-0.141860,1
856,1,-0.144436,1
857,1,-0.147435,1
858,1,-0.149795,1
859,1,-0.151352,1
860,1,-0.152573,1
861,1,-0.153502,1
862,1,-0.153995,1
863,1,-0.154343,1
864,1,-0.154970,1
865,1,-0.156022,1
866,1,-0.157552,1
867,1,-0.159540,1
868,1,-0.161755,1
869,1,-0.164054,1
870,1,-0.166517,1
871,1,-0.169036,1
872,1,-0.171344,1
873,1,-0.173513,1
874,1,-0.175834,1
875,1,-0.178307,1
876,1,-0.180702,1
877,1,-0.182762,1
878,1,-0.184080,1
879,1,-0.184382,1
880,1,-0.183972,1
881,1,-0.183320,1
882,1,-0.182522,1
883,1,-0.181740,0
884,1,-0.181583,0
885,1,-0.182429,0
886,1,-0.183910,0
887,1,-0.185506,0
888,1,-0.187165,0
889,1,-0.188888,0
890,1,-0.190302,0
891,1,-0.191215,0
892,1,-0.192109,0
893,1,-0.193401,0
894,1,-0.194698,0
895,1,-0.195439,0
896,1,-0.195757,0
897,1,-0.196115,0
898,1,-0.196539,0
899,1,-0.196726,0
900,1,-0.196631,0
901,1,-0.196607,0
902,1,-0.197087,1
903,1,-0.198082,1
904,1,-0.199066,1
905,1,-0.199713,1
906,1,-0.200432,1
907,1,-0.201618,1
908,1,-0.203020,1
909,1,-0.204331,1
910,1,-0.205471,1
911,1,-0.206065,1
912,1,-0.205860,1
913,1,-0.205568,1
914,1,-0.205888,1
915,1,-0.206080,1
916,1,-0.205093,1
917,1,-0.203571,1
918,1,-0.203078,1
919,1,-0.203835,1
920,1,-0.204847,1
921,1,-0.205656,1
922,1,-0.206570,1
923,1,-0.207692,1
924,1,-0.208746,1
925,1,-0.209591,1
926,1,-0.210325,1
927,1,-0.211160,1
928,1,-0.212444,1
929,1,-0.214345,1
930,1,-0.216196,1
931,1,-0.216813,1
932,1,-0.215814,1
933,1,-0.214021,1
934,1,-0.212273,1
935,1,-0.210597,1
936,1,-0.208957,1
937,1,-0.207799,1
938,1,-0.207350,1
939,1,-0.207309,1
940,1,-0.207600,1
941,1,-0.208477,1
942,1,-0.209578,1
943,1,-0.209964,1
944,1,-0.209499,1
945,1,-0.208990,1
946,1,-0.208596,1
947,1,-0.207553,1
948,1,-0.205725,1
949,1,-0.203937,1
950,1,-0.202522,1
951,1,-0.200847,1
952,1,-0.198558,1
953,1,-0.196057,1
954,1,-0.193699,1
955,1,-0.191661,1
956,1,-0.190460,1
957,1,-0.190447,1
958,1,-0.191106,1
959,1,-0.191691,1
960,1,-0.191909,1
961,1,-0.191588,1
962,1,-0.190348,1
963,1,-0.187863,1
964,1,-0.184180,1
965,1,-0.179669,1
966,1,-0.174813,1
967,1,-0.170120,1
968,1,-0.165926,1
969,1,-0.162258,1
970,1,-0.159199,1
971,1,-0.157039,1
972,1,-0.155686,1
973,1,-0.154657,1
974,1,-0.153766,1
975,1,-0.153193,1
976,1,-0.152923,1
977,1,-0.152500,1
978,1,-0.151552,1
979,1,-0.150283,1
980,1,-0.148989,1
981,1,-0.147396,1
982,1,-0.144729,1
983,1,-0.140369,1
984,1,-0.134721,1
985,1,-0.129042,1
986,2,-0.123999,1
987,2,-0.119329,1
988,2,-0.115028,1
989,2,-0.111596,1
990,2,-0.109260,1
991,2,-0.107843,1
992,2,-0.107124,1
993,2,-0.106691,1
994,2,-0.105857,1
995,2,-0.104417,1
996,2,-0.102790,1
997,2,-0.100916,1
998,2,-0.098218,1
999,2,-0.094934,1
1000,2,-0.092033,1
1001,2,-0.089699,1
1002,2,-0.087135,1
1003,2,-0.083920,1
1004,2,-0.080329,1
1005,2,-0.076485,1
1006,2,-0.072690,1
1007,2,-0.069978,1
1008,2,-0.068726,1
1009,2,-0.067931,1
1010,2,-0.066958,1
1011,2,-0.066278,1
1012,2,-0.065877,1
1013,2,-0.064653,1
1014,2,-0.062011,1
1015,2,-0.058720,1
1016,2,-0.055688,1
1017,2,-0.052898,1
1018,2,-0.049942,1
1019,2,-0.046838,1
1020,2,-0.043891,1
1021,2,-0.041141,1
1022,2,-0.038351,1
1023,2,-0.035482,1
1024,2,-0.032787,1
1025,2,-0.030418,1
1026,2,-0.028182,1
1027,2,-0.025831,1
1028,2,-0.023435,1
1029,2,-0.021187,1
1030,2,-0.018865,1
1031,2,-0.016080,1
1032,2,-0.013126,1
1033,2,-0.010699,1
1034,2,-0.008675,1
1035,2,-0.006006,1
1036,2,-0.002022,1
1037,2,0.002731,1
1038,2,0.007154,1
1039,2,0.010715,1
1040,2,0.013591,1
1041,2,0.015995,1
1042,2,0.017976,1
1043,2,0.019857,1
1044,2,0.022069,1
1045,2,0.024559,1
1046,2,0.027080,1
1047,2,0.029745,1
1048,2,0.032592,1
1049,2,0.035203,1
1050,2,0.037338,1
1051,2,0.039332,1
1052,2,0.041422,1
1053,2,0.043336,1
1054,2,0.044813,1
1055,2,0.045853,1
1056,2,0.046404,1
1057,2,0.046489,1
1058,2,0.046605,1
1059,2,0.047291,1
1060,2,0.048205,1
1061,2,0.048492,1
1062,2,0.048368,1
1063,2,0.048865,1
1064,2,0.049763,1
1065,2,0.049646,1
1066,2,0.048236,1
1067,2,0.046648,1
1068,2,0.045340,1
1069,2,0.043801,1
1070,2,0.042108,1
1071,2,0.040934,1
1072,2,0.040241,1
1073,2,0.039535,1
1074,2,0.038830,1
1075,2,0.038142,1
1076,2,0.036805,1
1077,2,0.034438,1
1078,2,0.031884,1
1079,2,0.030205,1
1080,2,0.029270,1
1081,2,0.028158,1
1082,2,0.026740,1
1083,2,0.025868,1
1084,2,0.025694,1
1085,2,0.025093,1
1086,2,0.023525,1
1087,2,0.022145,1
1088,2,0.021908,1
1089,2,0.022067,1
1090,2,0.021895,1
1091,2,0.022179,1
1092,2,0.023471,1
1093,2,0.024757,1
1094,2,0.025238,1
1095,2,0.025606,1
1096,2,0.026407,1
1097,2,0.027000,1
1098,2,0.027060,1
1099,2,0.027381,1
1100,2,0.028506,1
1101,2,0.029880,1
1102,2,0.030832,1
1103,2,0.031248,1
1104,2,0.031011,1
1105,2,0.030134,1
1106,2,0.029358,1
1107,2,0.029252,1
1108,2,0.029225,1
1109,2,0.028564,1
1110,2,0.027670,1
1111,2,0.027207,1
1112,2,0.026903,1
1113,2,0.026230,1
1114,2,0.025474,1
1115,2,0.025086,1
1116,2,0.024696,1
1117,2,0.023648,1
1118,2,0.021827,1
1119,2,0.019483,1
1120,2,0.016951,1
1121,2,0.014617,1
1122,2,0.012540,1
1123,2,0.010365,1
1124,2,0.007841,1
1125,2,0.005021,1
1126,2,0.001935,1
1127,2,-0.001361,1
1128,2,-0.004487,1
1129,2,-0.007062,1
1130,2,-0.009182,1
1131,2,-0.011135,1
1132,2,-0.012874,1
1133,2,-0.014415,1
1134,2,-0.016424,1
1135,2,-0.019305,1
1136,2,-0.022318,1
1137,2,-0.024768,1
1138,2,-0.027173,1
1139,2,-0.030345,1
1140,2,-0.034237,1
1141,2,-0.038326,1
1142,2,-0.042259,1
1143,2,-0.045891,1
1144,2,-0.049319,1
1145,2,-0.052855,1
1146,2,-0.056431,1
1147,2,-0.059404,1
1148,2,-0.061567,1
1149,2,-0.063649,1
1150,2,-0.066096,1
1151,2,-0.068174,1
1152,2,-0.069202,1
1153,2,-0.070008,1
1154,2,-0.072018,1
1155,2,-0.075353,1
1156,2,-0.079089,1
1157,2,-0.082806,1
1158,2,-0.086595,1
1159,2,-0.090164,1
1160,2,-0.093061,1
1161,2,-0.095274,1
1162,2,-0.096867,1
1163,2,-0.097582,1
1164,2,-0.097470,1
1165,2,-0.097345,1
1166,1,-0.097968,1
1167,1,-0.099305,1
1168,1,-0.100933,1
1169,1,-0.102714,1
1170,1,-0.104827,1
1171,1,-0.107283,1
1172,1,-0.109776,1
1173,1,-0.112169,1
1174,1,-0.114805,1
1175,1,-0.118042,1
1176,1,-0.121587,1
1177,1,-0.124680,1
1178,1,-0.127037,1
1179,1,-0.129114,1
1180,1,-0.131196,1
1181,1,-0.132963,1
1182,1,-0.134383,1
1183,1,-0.135981,1
1184,1,-0.137645,1
1185,1,-0.138670,1
1186,1,-0.139537,1
1187,1,-0.141797,1
1188,1,-0.145768,1
1189,1,-0.150038,1
1190,1,-0.153518,1
1191,1,-0.156404,1
1192,1,-0.158969,1
1193,1,-0.160860,1
1194,1,-0.161809,1
1195,1,-0.162026,1
1196,1,-0.161994,1
1197,1,-0.162316,1
1198,1,-0.163177,1
1199,1,-0.163968,1
1200,1,-0.164305,1
1201,1,-0.164914,1
1202,1,-0.166441,1
1203,1,-0.168192,1
1204,1,-0.169285,1
1205,1,-0.170228,1
1206,1,-0.172164,1
1207,1,-0.175174,1
1208,1,-0.178363,1
1209,1,-0.181072,1
1210,1,-0.183223,1
1211,1,-0.184910,1
1212,1,-0.186227,1
1213,1,-0.187293,1
1214,1,-0.188251,1
1215,1,-0.189133,1
1216,1,-0.189758,1
1217,1,-0.190020,1
1218,1,-0.190229,1
1219,1,-0.190620,1
1220,1,-0.190820,1
1221,1,-0.190588,1
1222,1,-0.190711,1
1223,1,-0.191953,1
1224,1,-0.193462,1
1225,1,-0.193784,1
1226,1,-0.193110,1
1227,1,-0.192843,1
1228,1,-0.193240,1
1229,1,-0.193238,1
1230,1,-0.192362,1
1231,1,-0.191178,1
1232,1,-0.190087,1
1233,1,-0.189084,1
1234,1,-0.188451,1
1235,1,-0.188544,1
1236,1,-0.189072,1
1237,1,-0.189379,1
1238,1,-0.189358,1
1239,1,-0.189439,1
1240,1,-0.189811,1
1241,1,-0.190299,1
1242,1,-0.190750,1
1243,1,-0.191033,1
1244,1,-0.190988,1
1245,1,-0.190702,1
1246,1,-0.190362,1
1247,1,-0.189772,1
1248,1,-0.188603,1
1249,1,-0.187107,1
1250,1,-0.185950,1
1251,1,-0.185204,1
1252,1,-0.184239,1
1253,1,-0.182719,1
1254,1,-0.181095,1
1255,1,-0.179919,1
1256,1,-0.179246,1
1257,1,-0.178929,1
1258,1,-0.179018,1
1259,1,-0.179514,1
1260,1,-0.180160,1
1261,1,-0.180750,1
1262,1,-0.181296,1
1263,1,-0.181632,1
1264,1,-0.181224,1
1265,1,-0.179963,1
1266,1,-0.178750,1
1267,1,-0.178351,1
1268,1,-0.178069,1
1269,1,-0.176845,1
1270,1,-0.175101,1
1271,1,-0.173853,1
1272,1,-0.172794,1
1273,1,-0.171108,1
1274,1,-0.169406,1
1275,1,-0.168896,1
1276,1,-0.169346,1
1277,1,-0.169608,1
1278,1,-0.169427,1
1279,1,-0.169282,1
1280,1,-0.169075,1
1281,1,-0.168285,1
1282,1,-0.166906,1
1283,1,-0.165145,1
1284,1,-0.162738,1
1285,1,-0.159620,1
1286,1,-0.156630,1
1287,1,-0.154523,1
1288,1,-0.152906,1
1289,1,-0.151243,1
1290,1,-0.150090,1
1291,1,-0.150026,1
1292,1,-0.150410,1
1293,1,-0.150438,1
1294,1,-0.150282,1
1295,1,-0.150087,1
1296,1,-0.149233,1
1297,1,-0.147536,1
1298,1,-0.145752,1
1299,1,-0.144017,1
1300,1,-0.141337,1
1301,1,-0.137404,1
1302,1,-0.133300,1
1303,1,-0.129693,1
1304,1,-0.125936,1
1305,1,-0.121583,1
1306,1,-0.117342,1
1307,1,-0.114009,1
1308,1,-0.111615,1
1309,1,-0.109971,1
1310,1,-0.108876,1
1311,1,-0.107585,1
1312,1,-0.105276,1
1313,1,-0.102278,1
1314,1,-0.099727,1
1315,1,-0.097816,1
1316,1,-0.095507,1
1317,1,-0.092339,1
1318,1,-0.089318,1
1319,1,-0.087337,1
1320,1,-0.085703,1
1321,1,-0.083262,1
1322,1,-0.080278,1
1323,1,-0.077905,1
1324,1,-0.076283,1
1325,1,-0.074430,1
1326,1,-0.071929,1
1327,1,-0.069417,1
1328,1,-0.067338,1
1329,1,-0.065489,1
1330,1,-0.063841,1
1331,1,-0.062435,1
1332,1,-0.060792,1
1333,1,-0.058420,1
1334,1,-0.055400,1
1335,1,-0.052001,1
1336,1,-0.048333,1
1337,1,-0.044694,1
1338,1,-0.041521,1
1339,1,-0.038770,1
1340,1,-0.036256,1
1341,1,-0.034065,1
1342,1,-0.031945,1
1343,1,-0.029673,1
1344,1,-0.028071,1
1345,1,-0.028004,1
1346,1,-0.028646,1
1347,1,-0.028408,1
1348,1,-0.027129,1
1349,1,-0.025728,1
1350,1,-0.024296,1
1351,1,-0.022437,1
1352,1,-0.020562,1
1353,1,-0.018850,1
1354,1,-0.016510,1
1355,1,-0.013520,1
1356,1,-0.011088,1
1357,1,-0.009571,1
1358,1,-0.007987,1
1359,1,-0.006059,1
1360,1,-0.004884,1
1361,1,-0.004792,1
1362,1,-0.004321,1
1363,1,-0.002650,1
1364,1,-0.001112,1
1365,1,-0.000724,1
1366,1,-0.000439,1
1367,1,0.000750,1
1368,1,0.002109,1
1369,1,0.002805,1
1370,1,0.003381,1
1371,1,0.004651,1
1372,1,0.006564,1
1373,1,0.008775,1
1374,1,0.011229,1
1375,1,0.013701,1
1376,1,0.015587,1
1377,2,0.016630,1
1378,2,0.017412,1
1379,2,0.018718,1
1380,2,0.020306,1
1381,2,0.021131,1
1382,2,0.021188,1
1383,2,0.021704,1
1384,2,0.022854,1
1385,2,0.023404,1
1386,2,0.023231,1
1387,2,0.023601,1
1388,2,0.024659,1
1389,2,0.025408,1
1390,2,0.025812,1
1391,2,0.026378,1
1392,2,0.026690,1
1393,2,0.026527,1
1394,2,0.026735,1
1395,2,0.027414,1
1396,2,0.027357,1
1397,2,0.026261,1
1398,2,0.025247,1
1399,2,0.024811,1
1400,2,0.024430,1
1401,2,0.024032,1
1402,2,0.024002,1
1403,2,0.024118,1
1404,2,0.023891,1
1405,2,0.023439,1
1406,2,0.023100,1
1407,2,0.022700,1
1408,2,0.021954,1
1409,2,0.021124,1
1410,2,0.020822,1
1411,2,0.021321,1
1412,2,0.022273,1
1413,2,0.023146,1
1414,2,0.023725,1
1415,2,0.023962,1
1416,2,0.023772,1
1417,2,0.023274,1
1418,2,0.022661,1
1419,2,0.021872,1
1420,2,0.020824,1
1421,2,0.019745,1
1422,2,0.018835,1
1423,2,0.017974,1
1424,2,0.016984,1
1425,2,0.015805,1
1426,2,0.014497,1
1427,2,0.013440,1
1428,2,0.012918,1
1429,2,0.012652,1
1430,2,0.012317,1
1431,2,0.011989,1
1432,2,0.011654,1
1433,2,0.011026,1
1434,2,0.010083,1
1435,2,0.009200,1
1436,2,0.008771,1
1437,2,0.008887,1
1438,2,0.009102,1
1439,2,0.008765,1
1440,2,0.007886,1
1441,2,0.007054,1
1442,2,0.006324,1
1443,2,0.005223,1
1444,2,0.003988,1
1445,2,0.003359,1
1446,2,0.003010,1
1447,2,0.001812,1
1448,2,-0.000418,1
1449,2,-0.002848,1
1450,2,-0.004999,1
1451,2,-0.007051,1
1452,2,-0.009104,1
1453,2,-0.010930,1
1454,2,-0.012404,1
1455,2,-0.013814,1
1456,2,-0.015683,1
1457,2,-0.018046,1
1458,2,-0.020065,1
1459,2,-0.020993,1
1460,2,-0.021373,1
1461,2,-0.022338,1
1462,2,-0.023975,1
1463,2,-0.025556,1
1464,2,-0.026920,1
1465,2,-0.028484,1
1466,2,-0.030362,1
1467,2,-0.032358,1
1468,2,-0.034454,1
1469,2,-0.036711,1
1470,2,-0.039085,1
1471,2,-0.041437,1
1472,2,-0.043556,1
1473,2,-0.045437,1
1474,2,-0.047230,1
1475,2,-0.048622,1
1476,2,-0.049158,1
1477,2,-0.049479,1
1478,2,-0.050896,1
1479,2,-0.053373,1
1480,2,-0.055465,1
1481,2,-0.056467,1
1482,2,-0.057135,1
1483,2,-0.058046,1
1484,2,-0.058909,1
1485,2,-0.059805,1
1486,2,-0.061538,1
1487,2,-0.064164,1
1488,2,-0.066590,1
1489,2,-0.068247,1
1490,2,-0.069678,1
1491,2,-0.071178,1
1492,2,-0.072339,1
1493,2,-0.072989,1
1494,2,-0.073440,1
1495,2,-0.074048,1
1496,2,-0.075077,1
1497,2,-0.076519,1
1498,2,-0.077798,1
1499,2,-0.078413,1
1500,2,-0.078808,1
1501,2,-0.079735,1
1502,2,-0.081179,1
1503,2,-0.082751,1
1504,2,-0.084368,1
1505,2,-0.085886,1
1506,2,-0.087066,1
1507,2,-0.088184,1
1508,2,-0.089717,1
1509,2,-0.091514,1
1510,2,-0.093123,1
1511,2,-0.094744,1
1512,2,-0.096747,1
1513,2,-0.098667,1
1514,2,-0.099787,1
1515,2,-0.100353,1
1516,1,-0.101315,1
1517,1,-0.103015,1
1518,1,-0.104810,1
1519,1,-0.105998,1
1520,1,-0.106685,1
1521,1,-0.107578,1
1522,1,-0.109011,1
1523,1,-0.110522,1
1524,1,-0.111600,1
1525,1,-0.112513,1
1526,1,-0.113833,1
1527,1,-0.115380,1
1528,1,-0.116487,1
1529,1,-0.117031,1
1530,1,-0.117429,1
1531,1,-0.117985,1
1532,1,-0.119007,1
1533,1,-0.120872,1
1534,1,-0.123405,1
1535,1,-0.125974,1
1536,1,-0.128165,1
1537,1,-0.129560,1
1538,1,-0.129749,1
1539,1,-0.129355,1
1540,1,-0.129682,1
1541,1,-0.130693,1
1542,1,-0.131113,1
1543,1,-0.130879,1
1544,1,-0.131244,1
1545,1,-0.132378,1
1546,1,-0.133248,1
1547,1,-0.133766,1
1548,1,-0.134752,1
1549,1,-0.136178,1
1550,1,-0.137452,1
1551,1,-0.138645,1
1552,1,-0.139728,1
1553,1,-0.139861,1
1554,1,-0.138890,1
1555,1,-0.138110,1
1556,1,-0.138648,1
1557,1,-0.140360,1
1558,1,-0.142411,1
1559,1,-0.143997,1
1560,1,-0.144921,1
1561,1,-0.145695,1
1562,1,-0.146560,1
1563,1,-0.146788,1
1564,1,-0.146039,1
1565,1,-0.145489,1
1566,1,-0.146129,1
1567,1,-0.146949,1
1568,1,-0.146510,1
1569,1,-0.144976,1
1570,1,-0.143251,1
1571,1,-0.141456,1
1572,1,-0.139492,1
1573,1,-0.138170,1
1574,1,-0.138295,1
1575,1,-0.139442,1
1576,1,-0.140825,1
1577,1,-0.142225,1
1578,1,-0.143594,1
1579,1,-0.145039,1
1580,1,-0.146949,1
1581,1,-0.149229,1
1582,1,-0.150853,1
1583,1,-0.150932,1
1584,1,-0.149835,1
1585,1,-0.148414,1
1586,1,-0.146785,1
1587,1,-0.144803,1
1588,1,-0.142826,1
1589,1,-0.141391,1
1590,1,-0.140886,1
1591,1,-0.141354,1
1592,1,-0.141981,1
1593,1,-0.141754,1
1594,1,-0.141000,1
1595,1,-0.141206,1
1596,1,-0.142880,1
1597,1,-0.144788,1
1598,1,-0.146024,1
1599,1,-0.147120,1
1600,1,-0.148272,1
1601,1,-0.148596,1
1602,1,-0.147656,1
1603,1,-0.146084,1
1604,1,-0.144560,1
1605,1,-0.143203,1
1606,1,-0.141837,1
1607,1,-0.140390,1
1608,1,-0.139013,1
1609,1,-0.137989,1
1610,1,-0.137533,1
1611,1,-0.137742,1
1612,2,-0.138671,1
1613,2,-0.139954,1
1614,2,-0.140605,1
1615,2,-0.140211,1
1616,2,-0.139560,1
1617,2,-0.139351,1
1618,2,-0.139308,1
1619,2,-0.138815,1
1620,2,-0.137640,1
1621,2,-0.136067,1
1622,2,-0.134755,1
1623,2,-0.134101,1
1624,2,-0.133656,1
1625,2,-0.132561,1
1626,2,-0.130826,1
1627,2,-0.129516,1
1628,2,-0.129147,1
1629,2,-0.128824,1
1630,2,-0.127747,1
1631,2,-0.126423,1
1632,2,-0.125571,1
1633,2,-0.124884,1
1634,2,-0.123605,1
1635,2,-0.121613,1
1636,2,-0.119302,1
1637,2,-0.116860,1
1638,2,-0.114323,1
1639,2,-0.111862,1
1640,2,-0.109522,1
1641,2,-0.107169,1
1642,2,-0.104943,1
1643,2,-0.103245,1
1644,2,-0.102090,1
1645,2,-0.100953,1
1646,2,-0.099543,1
1647,2,-0.098050,1
1648,2,-0.096468,1
1649,2,-0.094653,1
1650,2,-0.092934,1
1651,2,-0.091578,1
1652,2,-0.089962,1
1653,2,-0.087255,1
1654,2,-0.083754,1
1655,2,-0.080617,1
1656,2,-0.078218,1
1657,2,-0.076004,1
1658,2,-0.074061,1
1659,2,-0.073181,1
1660,2,-0.073283,1
1661,2,-0.073549,1
1662,2,-0.073998,1
1663,2,-0.075136,1
1664,2,-0.076310,1
1665,2,-0.076278,1
1666,2,-0.075013,1
1667,2,-0.073205,1
1668,2,-0.070853,1
1669,2,-0.067821,1
1670,2,-0.064574,1
1671,2,-0.061402,1
1672,2,-0.058220,1
1673,2,-0.055474,1
1674,2,-0.053847,1
1675,2,-0.052954,1
1676,1,-0.051703,1
1677,1,-0.049998,1
1678,1,-0.048869,1
1679,1,-0.048680,1
1680,1,-0.048576,1
1681,1,-0.048072,1
1682,1,-0.047503,1
1683,1,-0.046717,1
1684,1,-0.045165,1
1685,1,-0.043098,1
1686,1,-0.041040,1
1687,1,-0.038782,1
1688,1,-0.036168,1
1689,1,-0.033780,1
1690,1,-0.031804,1
1691,1,-0.029557,1
1692,1,-0.026832,1
1693,1,-0.024221,1
1694,1,-0.021955,1
1695,1,-0.019853,1
1696,1,-0.017973,1
1697,1,-0.016382,1
1698,1,-0.015134,1
1699,1,-0.014519,1
1700,1,-0.014417,1
1701,1,-0.013896,1
1702,1,-0.012123,1
1703,1,-0.009352,1
1704,1,-0.006549,1
1705,1,-0.004198,1
1706,1,-0.001972,1
1707,1,0.000653,1
1708,1,0.003748,1
1709,1,0.006585,1
1710,1,0.008180,1
1711,1,0.008472,1
1712,1,0.008206,1
1713,1,0.007926,1
1714,1,0.007488,1
1715,1,0.006164,1
1716,1,0.003942,1
1717,1,0.002338,1
1718,1,0.002772,1
1719,1,0.004765,1
1720,1,0.006626,1
1721,1,0.007676,1
1722,1,0.008753,1
1723,1,0.010258,1
1724,1,0.011406,1
1725,1,0.011848,1
1726,1,0.012002,1
1727,1,0.011999,1
1728,1,0.011638,1
1729,1,0.010831,1
1730,1,0.009647,1
1731,1,0.008194,1
1732,1,0.006723,1
1733,1,0.005712,1
1734,1,0.005330,1
1735,1,0.005087,1
1736,1,0.004536,1
1737,1,0.003741,1
1738,1,0.002952,1
1739,1,0.002533,1
1740,1,0.002923,1
1741,1,0.003984,1
1742,1,0.005111,1
1743,1,0.006083,1
1744,1,0.006890,1
1745,1,0.007012,1
1746,1,0.006162,1
1747,1,0.005256,1
1748,1,0.005185,1
1749,1,0.005337,1
1750,1,0.004822,1
1751,1,0.004230,1
1752,1,0.004594,1
1753,1,0.005803,1
1754,1,0.007172,1
1755,1,0.008499,1
1756,1,0.009915,1
1757,1,0.011546,1
1758,1,0.013826,1
1759,1,0.016898,1
1760,1,0.019558,1
1761,1,0.020437,1
1762,1,0.019959,1
1763,1,0.019243,1
1764,1,0.018198,1
1765,1,0.016438,1
1766,1,0.014549,1
1767,1,0.013196,1
1768,1,0.012608,1
1769,1,0.012994,1
1770,1,0.014228,1
1771,1,0.015439,1
1772,1,0.015973,1
1773,1,0.016280,1
1774,1,0.016864,1
1775,1,0.017275,1
1776,1,0.017194,1
1777,1,0.017000,1
1778,1,0.016684,1
1779,1,0.015779,1
1780,1,0.014342,1
1781,1,0.012597,1
1782,1,0.010306,1
1783,1,0.007763,1
1784,1,0.006119,1
1785,1,0.005700,1
1786,1,0.005717,1
1787,1,0.005857,1
1788,1,0.006043,1
1789,1,0.005387,1
1790,1,0.003529,1
1791,1,0.001781,1
1792,1,0.001086,1
1793,1,0.000136,1
1794,1,-0.002651,1
1795,1,-0.006428,1
1796,1,-0.009409,1
1797,1,-0.011726,1
1798,1,-0.014694,1
1799,1,-0.018288,1
1800,1,-0.021295,1
1801,1,-0.023257,1
1802,1,-0.024648,1
1803,1,-0.025755,1
1804,1,-0.026766,1
1805,1,-0.028022,1
1806,1,-0.029354,1
1807,1,-0.030251,1
1808,1,-0.030744,1
1809,1,-0.031223,1
1810,1,-0.031767,1
1811,1,-0.032296,1
1812,1,-0.032846,1
1813,1,-0.033465,1
1814,1,-0.034334,1
1815,1,-0.035768,1
1816,1,-0.037650,1
1817,1,-0.039348,1
1818,1,-0.040535,1
1819,1,-0.041442,1
1820,1,-0.042382,1
1821,1,-0.043485,1
1822,1,-0.044515,1
1823,1,-0.044899,1
1824,1,-0.044585,1
1825,1,-0.044546,1
1826,1,-0.045555,1
1827,1,-0.047077,1
1828,1,-0.048189,1
1829,1,-0.048906,1
1830,1,-0.049975,1
1831,1,-0.051811,1
1832,1,-0.054155,1
1833,1,-0.056584,1
1834,1,-0.059008,1
1835,1,-0.061674,1
1836,1,-0.064685,1
1837,1,-0.067670,1
1838,1,-0.070071,1
1839,1,-0.071660,1
1840,1,-0.072689,1
1841,1,-0.073426,1
1842,1,-0.073742,1
1843,1,-0.073718,1
1844,1,-0.073976,1
1845,1,-0.074819,1
1846,2,-0.075825,1
1847,2,-0.076662,1
1848,2,-0.077497,1
1849,2,-0.078478,1
1850,2,-0.079593,1
1851,2,-0.080930,1
1852,2,-0.082711,1
1853,2,-0.085020,1
1854,2,-0.087541,1
1855,2,-0.089788,1
1856,2,-0.091558,1
1857,2,-0.093090,1
1858,2,-0.094769,1
1859,2,-0.096584,1
1860,2,-0.098128,1
1861,2,-0.099226,1
1862,2,-0.100090,1
1863,2,-0.101018,1
1864,2,-0.102231,1
1865,2,-0.103705,1
1866,2,-0.105215,1
1867,2,-0.106779,1
1868,2,-0.108779,1
1869,2,-0.111222,1
1870,2,-0.113305,1
1871,2,-0.114419,1
1872,2,-0.114935,1
1873,2,-0.115282,1
1874,2,-0.115291,1
1875,2,-0.115013,1
1876,2,-0.114999,1
1877,2,-0.115494,1
1878,2,-0.116286,1
1879,2,-0.117251,1
1880,2,-0.118329,1
1881,2,-0.119154,1
1882,2,-0.119560,1
1883,2,-0.120115,1
1884,2,-0.121314,1
1885,2,-0.122843,1
1886,2,-0.124269,1
1887,2,-0.125604,1
1888,2,-0.126914,1
1889,2,-0.128112,1
1890,2,-0.129258,1
1891,2,-0.130367,1
1892,2,-0.130982,1
1893,2,-0.130722,1
1894,2,-0.130041,1
1895,2,-0.129682,1
1896,2,-0.129723,1
1897,2,-0.130093,1
1898,2,-0.131126,1
1899,2,-0.132750,1
1900,2,-0.134203,1
1901,2,-0.135162,1
1902,2,-0.136195,1
1903,2,-0.137584,1
1904,2,-0.138654,1
1905,2,-0.138825,1
1906,2,-0.138426,1
1907,2,-0.138000,1
1908,2,-0.137627,1
1909,2,-0.137163,1
1910,2,-0.136616,1
1911,2,-0.136091,1
1912,2,-0.135614,1
1913,2,-0.135343,1
1914,2,-0.135622,1
1915,2,-0.136438,1
1916,2,-0.137256,1
1917,2,-0.137652,1
1918,2,-0.137917,1
1919,2,-0.138653,1
1920,2,-0.139672,1
1921,2,-0.140130,1
1922,2,-0.140002,1
1923,2,-0.140106,1
1924,2,-0.140489,1
1925,2,-0.140289,1
1926,2,-0.139291,1
1927,2,-0.138147,1
1928,2,-0.137169,1
1929,2,-0.136276,1
1930,2,-0.135723,1
1931,2,-0.135834,1
1932,2,-0.136532,1
1933,2,-0.137552,1
1934,2,-0.138458,1
1935,2,-0.138680,1
1936,2,-0.138332,1
1937,2,-0.138181,1
1938,2,-0.138065,1
1939,2,-0.136955,1
1940,2,-0.135177,1
1941,2,-0.134283,1
1942,2,-0.134342,1
1943,2,-0.133973,1
1944,2,-0.133146,1
1945,2,-0.133222,1
1946,2,-0.134249,1
1947,2,-0.134816,1
1948,2,-0.134266,1
1949,2,-0.132983,1
1950,2,-0.131410,1
1951,2,-0.130080,1
1952,2,-0.129573,1
1953,2,-0.129649,1
1954,2,-0.129420,1
1955,2,-0.128759,1
1956,2,-0.128282,1
1957,2,-0.127927,1
1958,2,-0.127175,1
1959,2,-0.126345,1
1960,2,-0.125936,1
1961,2,-0.125534,1
1962,2,-0.124966,1
1963,2,-0.125170,1
1964,2,-0.126517,1
1965,2,-0.127791,1
1966,2,-0.127814,1
1967,2,-0.126807,1
1968,2,-0.125315,1
1969,2,-0.123268,1
1970,2,-0.120838,1
1971,2,-0.118813,1
1972,2,-0.117603,1
1973,2,-0.116959,1
1974,2,-0.116460,1
1975,2,-0.115720,1
1976,2,-0.114712,1
1977,2,-0.113953,1
1978,2,-0.113709,1
1979,2,-0.113490,1
1980,2,-0.113087,1
1981,2,-0.112895,1
1982,2,-0.112534,1
1983,2,-0.111015,1
1984,2,-0.108948,1
1985,2,-0.107951,1
1986,2,-0.107521,1
1987,2,-0.105802,1
1988,2,-0.103353,1
1989,2,-0.102452,1
1990,2,-0.102897,1
1991,2,-0.102379,1
1992,2,-0.100837,1
1993,2,-0.100318,1
1994,2,-0.100809,1
1995,2,-0.100389,1
1996,1,-0.098992,1
1997,1,-0.098257,1
1998,1,-0.098293,1
1999,1,-0.097685,1
2000,1,-0.096119,1
2001,1,-0.094551,1
2002,1,-0.093406,1
2003,1,-0.092400,1
2004,1,-0.091441,1
2005,1,-0.090426,1
2006,1,-0.088794,1
2007,1,-0.086264,1
2008,1,-0.083534,1
2009,1,-0.081747,1
2010,1,-0.081429,1
2011,1,-0.081828,1
2012,1,-0.081571,1
2013,1,-0.080374,1
2014,1,-0.079224,1
2015,1,-0.078621,1
2016,1,-0.077650,1
2017,1,-0.075471,1
2018,1,-0.072758,1
2019,1,-0.070573,1
2020,1,-0.068820,1
2021,1,-0.066878,1
2022,1,-0.064740,1
2023,1,-0.062719,1
2024,1,-0.061047,1
2025,1,-0.059993,1
2026,1,-0.059365,1
2027,1,-0.058171,1
2028,1,-0.056102,1
2029,1,-0.054465,1
2030,1,-0.054070,1
2031,1,-0.053763,1
2032,1,-0.052561,1
2033,1,-0.051177,1
2034,1,-0.050257,1
2035,1,-0.049115,1
2036,1,-0.047228,1
2037,1,-0.045361,1
2038,1,-0.044128,1
2039,1,-0.042900,1
2040,1,-0.041286,1
2041,1,-0.040075,1
2042,1,-0.039533,1
2043,1,-0.038646,1
2044,1,-0.036985,1
2045,1,-0.035385,1
2046,1,-0.034253,1
2047,1,-0.033109,1
2048,1,-0.032023,1
2049,1,-0.031537,1
2050,1,-0.031316,1
2051,1,-0.030589,1
