t,temperature,ConvEKinTemp(ekin),sum_vel[0],sum_vel[1],sum_vel[2],sum_fup[0],sum_fup[1],sum_fup[2],sum_fdw[0],sum_fdw[1],sum_fdw[2]
0.000000,298.000000,0.000000,77.266944,155.509515,-38.460043,-1623.510340,-314.149180,-974.811564,-699.983399,-2815.985590,-1502.975665
0.500000,298.000000,293.233194,68.779647,140.267752,-26.242019,-1738.969388,-195.774123,-1055.565112,-856.924078,-3032.070694,-1517.125167
1.000000,298.000000,278.805266,52.907171,121.796579,-8.788161,-1826.036890,-68.155766,-1169.088646,-1026.108292,-3253.589733,-1508.393950
1.500000,298.000000,261.725851,30.502070,101.138117,11.945409,-1889.168897,64.884649,-1262.933479,-1208.799752,-3477.086757,-1515.385522
2.000000,298.000000,246.688127,3.068061,79.538028,33.681799,-1928.382413,199.287413,-1312.663070,-1400.903177,-3699.225464,-1521.403978
2.500000,298.000000,237.199688,-27.356681,58.353040,53.838397,-1943.309411,330.993529,-1366.572290,-1601.439873,-3916.959289,-1531.706209
3.000000,298.000000,234.374910,-58.382454,38.940500,69.901745,-1944.262487,456.113223,-1390.152959,-1805.808986,-4127.555233,-1548.350132
3.500000,298.000000,236.757454,-87.473948,22.532796,79.783949,-1929.972289,571.117719,-1402.629738,-2011.599845,-4328.663984,-1558.060462
4.000000,298.000000,241.203313,-112.225258,10.113794,82.058676,-1903.785716,672.945467,-1390.169522,-2214.824914,-4518.167784,-1574.205761
4.500000,298.000000,244.398862,-130.583014,2.323977,76.012999,-1867.226770,759.212023,-1367.418579,-2411.353210,-4693.974852,-1594.698535
5.000000,298.000000,244.383302,-141.043410,-0.596250,61.722117,-1822.589904,826.555915,-1343.691140,-2597.388654,-4853.918497,-1614.014801
5.500000,298.000000,241.405116,-142.807183,1.187742,40.203261,-1775.906842,877.671921,-1283.776016,-2773.104748,-4995.745292,-1644.468527
6.000000,298.000000,237.744817,-135.822445,7.125338,13.331628,-1723.953543,910.947474,-1213.583330,-2936.030702,-5117.186054,-1680.001371
6.500000,298.000000,236.599872,-120.796920,16.364092,-16.593846,-1670.260966,927.403038,-1136.538720,-3084.199929,-5216.135009,-1726.834053
7.000000,298.000000,240.531624,-99.113272,27.852104,-46.824353,-1617.807986,928.873024,-1046.373857,-3214.838397,-5290.789937,-1771.954210
7.500000,298.000000,250.165811,-72.685249,40.459744,-74.341149,-1567.810990,917.921791,-988.315781,-3325.651762,-5339.780784,-1815.210085
8.000000,298.000000,263.698772,-43.769735,53.100945,-96.268938,-1518.723580,897.705972,-876.340899,-3414.113831,-5362.215589,-1846.937847
8.500000,298.000000,277.461410,-14.737523,64.852554,-110.366692,-1473.258142,871.790474,-769.333472,-3478.313632,-5357.613635,-1910.734708
9.000000,298.000000,287.327588,12.185831,75.049854,-115.011878,-1431.454632,843.946383,-684.465560,-3517.157125,-5325.839437,-1945.136471
9.500000,298.000000,290.357139,35.146014,83.338134,-109.459112,-1391.263685,817.905005,-573.730538,-3530.899444,-5266.992805,-1991.242285
10.000000,298.000000,285.996507,52.834405,89.674007,-93.900616,-1353.891557,797.852894,-489.288322,-3521.935647,-5181.499866,-2010.548712
10.500000,298.000000,276.338561,64.606640,94.293034,-69.574498,-1316.123885,785.359979,-463.780250,-3486.787856,-5070.143293,-2018.428619
11.000000,298.000000,265.312009,70.509607,97.645000,-38.405657,-1278.017022,783.776620,-349.595177,-3429.680191,-4934.185435,-2015.817838
11.500000,298.000000,257.145608,71.246085,100.297675,-2.957212,-1232.804445,795.021529,-220.150659,-3352.964810,-4775.515389,-1996.710611
12.000000,298.000000,254.736717,68.079628,102.834206,33.797681,-1184.890802,820.319973,-116.271929,-3258.534451,-4596.741330,-1965.381453
12.500000,298.000000,258.586681,62.638916,105.754609,68.662160,-1131.065314,860.160798,-5.296794,-3148.842778,-4401.141410,-1925.682963
13.000000,298.000000,266.720345,56.722686,109.400345,98.925470,-1067.370944,914.212881,109.898682,-3025.791952,-4192.513214,-1864.221941
13.500000,298.000000,275.608195,52.074906,113.906507,122.296700,-998.246518,981.630195,200.196536,-2894.840215,-3974.848054,-1796.676883
14.000000,298.000000,281.700257,50.190899,119.187992,137.212762,-920.618623,1060.842146,280.611638,-2761.140085,-3751.906262,-1714.508573
14.500000,298.000000,282.909368,52.139101,124.956346,143.042557,-833.017264,1149.765874,358.051408,-2623.061468,-3526.990321,-1613.059265
15.000000,298.000000,279.425058,58.428746,130.760644,139.905100,-739.479892,1245.904574,430.599924,-2491.529985,-3302.837956,-1512.821861
15.500000,298.000000,273.549261,68.957493,136.041646,128.937522,-637.295747,1346.475464,520.096397,-2368.869109,-3081.767361,-1387.388075
16.000000,298.000000,268.640830,83.021937,140.206513,112.077629,-528.631503,1448.619877,573.380128,-2261.085378,-2865.942787,-1278.206518
16.500000,298.000000,267.624965,99.378740,142.686174,91.579203,-413.281991,1549.533365,627.295623,-2169.395690,-2657.667134,-1180.253737
17.000000,298.000000,271.725068,116.387391,142.986979,70.037824,-297.750569,1646.599437,657.278584,-2097.541936,-2459.447644,-1053.350365
17.500000,298.000000,279.940031,132.190567,140.728692,50.100924,-180.117546,1737.420213,657.579778,-2047.503241,-2273.754628,-936.958855
18.000000,298.000000,289.454308,144.914503,135.677657,33.902086,-64.925071,1820.000514,668.314763,-2013.772308,-2102.663735,-800.497043
18.500000,298.000000,296.828354,152.890109,127.759914,23.159554,45.494019,1892.721236,691.104139,-1996.007667,-1947.560875,-684.586167
19.000000,298.000000,299.440479,154.858709,117.075238,18.828385,148.902932,1954.276679,672.486677,-1993.446758,-1809.001508,-551.556926
19.500000,298.000000,296.552959,150.087234,103.903753,20.971607,244.134040,2003.704334,722.489900,-2004.019471,-1686.769629,-431.587489
20.000000,298.000000,289.593948,138.480339,88.703869,28.812673,329.221584,2040.442054,740.763491,-2026.486823,-1580.071625,-334.713634
20.500000,298.000000,281.549279,120.589204,72.104057,40.850985,403.850114,2064.320804,787.962009,-2058.090236,-1487.678342,-214.817328
21.000000,298.000000,275.717479,97.554702,54.883204,55.041749,465.384011,2075.541393,799.826885,-2099.821377,-1408.211506,-92.836333
21.500000,298.000000,274.372880,71.014042,37.944406,68.913655,515.844995,2074.687210,807.492662,-2145.181351,-1340.322325,27.674829
22.000000,298.000000,277.882966,42.920720,22.268988,79.934128,553.119752,2062.802147,833.282087,-2193.223995,-1282.793814,146.549635
22.500000,298.000000,284.621710,15.369733,8.848925,85.913480,578.492779,2041.397691,836.059336,-2240.186045,-1234.525247,257.800373
23.000000,298.000000,291.717454,-9.609194,-1.394337,84.805034,595.904602,2012.339507,850.725869,-2282.877679,-1194.446250,360.977747
23.500000,298.000000,296.273321,-30.244082,-7.696391,75.530683,598.350495,1977.867824,859.602226,-2322.827548,-1161.386622,468.829578
24.000000,298.000000,296.548024,-45.181215,-9.531448,57.804005,593.017616,1940.539563,804.840863,-2360.017206,-1133.963499,558.768515
24.500000,298.000000,292.616822,-53.602959,-6.678470,32.292623,578.957474,1903.155036,749.781013,-2389.695124,-1110.627653,648.225896
25.000000,298.000000,286.253921,-55.264095,0.745168,0.289676,555.837447,1868.628575,801.386209,-2415.408354,-1089.917740,703.405538
25.500000,298.000000,280.126084,-50.493664,12.268447,-36.323849,525.274562,1840.049115,762.175700,-2435.621489,-1070.710997,741.045088
26.000000,298.000000,276.660625,-40.124401,27.088722,-74.827016,492.025097,1820.382288,609.645225,-2452.901263,-1052.518176,768.651824
26.500000,298.000000,277.074033,-25.404104,44.140735,-112.285707,456.866683,1812.231612,569.211464,-2463.850418,-1035.527069,783.619777
27.000000,298.000000,280.953684,-7.830513,62.187214,-145.906414,418.217533,1817.757263,531.645307,-2466.840805,-1020.351643,793.087298
27.500000,298.000000,286.537791,10.984466,79.937500,-173.140157,382.458335,1838.503519,486.738425,-2458.952179,-1007.855356,784.808230
28.000000,298.000000,291.539395,29.491131,96.179931,-191.777855,345.588889,1875.234815,438.461180,-2439.462310,-998.784379,776.715992
28.500000,298.000000,294.154237,46.326226,109.909633,-200.446509,314.585933,1927.829652,394.481723,-2407.477125,-993.545393,761.384341
29.000000,298.000000,293.811156,60.431233,120.424532,-198.645384,287.271080,1995.234501,362.584944,-2363.553478,-992.137729,754.572922
29.500000,298.000000,291.333043,71.122405,127.395610,-186.750164,267.721502,2075.480101,332.130069,-2307.405147,-994.223041,750.060973
30.000000,298.000000,288.487420,78.124693,130.887695,-165.997597,254.422182,2165.717479,298.600006,-2241.877631,-999.230819,747.448018
30.500000,298.000000,287.136175,81.572697,131.336870,-138.536068,247.529309,2262.295050,260.646895,-2168.811856,-1006.398938,750.317416
31.000000,298.000000,288.369342,81.971277,129.480723,-106.956800,248.073073,2360.939592,250.419277,-2094.481859,-1014.846146,784.164878
31.500000,298.000000,292.003832,80.157784,126.257061,-74.302704,254.725630,2456.896873,234.795205,-2017.699455,-1023.586667,801.298073
32.000000,298.000000,296.648557,77.174969,122.678270,-43.441786,266.048975,2545.078468,217.018852,-1940.523127,-1031.316601,823.569435
32.500000,298.000000,300.297484,74.183142,119.699371,-17.224814,281.390088,2620.377106,245.266451,-1866.287291,-1036.324694,847.713015
33.000000,298.000000,301.192740,72.326699,118.098058,2.225909,296.006656,2677.793778,294.338181,-1798.487516,-1036.319999,874.393504
33.500000,298.000000,298.583485,72.602632,118.378049,13.509155,309.005091,2712.607847,296.425757,-1737.781071,-1028.450064,897.657530
34.000000,298.000000,293.045300,75.728052,120.712770,16.121133,317.349392,2720.703227,328.961264,-1688.860546,-1009.692393,899.105116
34.500000,298.000000,286.270283,82.059212,124.927953,10.646097,319.579333,2698.666666,350.437233,-1649.770518,-977.421644,928.700736
35.000000,298.000000,280.409862,91.536717,130.526155,-1.510509,312.678051,2643.990922,366.159085,-1620.439900,-929.836204,981.030737
35.500000,298.000000,277.243294,103.661932,136.753748,-18.145110,293.527303,2555.209015,383.622056,-1598.078591,-866.091007,1013.362689
36.000000,298.000000,277.535890,117.537673,142.687953,-36.651972,262.518553,2431.969585,418.780246,-1575.258349,-785.972756,1038.894001
36.500000,298.000000,280.822065,131.958729,147.347425,-54.304621,215.462063,2275.060113,436.484649,-1550.819270,-689.399761,1076.875291
37.000000,298.000000,285.666313,145.541613,149.812473,-68.503620,154.302148,2086.383546,456.459755,-1519.162300,-576.045557,1129.843693
37.500000,298.000000,290.266133,156.867647,149.336006,-77.171960,76.881942,1868.849645,495.777304,-1475.651292,-445.243994,1184.973509
38.000000,298.000000,293.159735,164.626633,145.443650,-78.892606,-14.717353,1626.373912,495.493032,-1420.756712,-296.173492,1273.250172
38.500000,298.000000,293.721798,167.775843,138.000578,-73.075724,-121.159374,1363.570278,514.256867,-1351.060948,-128.173018,1340.211059
39.000000,298.000000,292.275544,165.635422,127.239171,-60.315889,-239.684883,1085.650890,519.593506,-1266.436097,58.950178,1432.204798
39.500000,298.000000,289.823854,157.967344,113.745088,-41.996235,-368.404019,798.253543,515.927586,-1162.775398,264.627171,1528.315836
40.000000,298.000000,287.537100,145.014158,98.398213,-20.132972,-502.854114,507.300483,465.943677,-1044.171984,487.403222,1643.417703
40.500000,298.000000,286.250835,127.453747,82.281360,2.579004,-641.903034,218.855613,516.582280,-910.586968,724.879821,1766.325864
41.000000,298.000000,286.172423,106.353302,66.561925,23.556513,-782.924554,-61.080219,506.211468,-761.878610,973.651880,1880.454905
41.500000,298.000000,286.891721,83.048275,52.367960,40.255540,-920.144307,-326.622686,489.445982,-600.267323,1229.441204,2012.494279
42.000000,298.000000,287.668290,59.018486,40.666579,50.381446,-1050.231693,-572.147926,485.542922,-427.706099,1487.210562,2155.358032
42.500000,298.000000,287.824274,35.758763,32.170130,52.486814,-1169.912464,-792.429549,468.011741,-246.902795,1741.418901,2304.154439
43.000000,298.000000,287.069958,14.635638,27.278395,45.894510,-1279.062387,-982.709188,421.587384,-60.315721,1986.291165,2449.810823
43.500000,298.000000,285.627951,-3.226757,26.055499,30.707070,-1371.408747,-1138.825485,409.837348,129.468922,2216.012285,2604.428857
44.000000,298.000000,284.110456,-17.038548,28.246673,8.014533,-1446.330976,-1257.277381,392.849596,316.586087,2424.909093,2744.856887
44.500000,298.000000,283.235712,-26.388888,33.323687,-20.419968,-1501.474753,-1335.354054,338.467296,498.189632,2607.584908,2881.216362
45.000000,298.000000,283.513346,-31.262211,40.546573,-52.238436,-1536.515281,-1371.266040,269.902601,670.551940,2759.053085,3005.770562
45.500000,298.000000,285.048714,-32.002029,49.056699,-84.736924,-1550.122163,-1364.149222,196.528905,830.925768,2874.835961,3119.884268
46.000000,298.000000,287.531436,-29.259388,57.960370,-115.303454,-1542.545797,-1314.084735,117.198622,978.484479,2951.123236,3222.478040
46.500000,298.000000,290.399131,-23.888128,66.413233,-141.348065,-1512.913939,-1222.149045,5.471901,1106.906628,2984.926933,3312.804680
47.000000,298.000000,293.075973,-16.844243,73.690986,-160.867919,-1461.425647,-1090.392674,-85.357765,1215.153302,2974.226443,3399.738349
47.500000,298.000000,295.163576,-9.100493,79.243830,-172.432544,-1391.607971,-921.861003,-212.777443,1299.710194,2918.012463,3463.977340
48.000000,298.000000,296.521003,-1.516549,82.736480,-175.307606,-1301.950808,-720.398731,-296.067664,1356.858453,2816.356700,3519.346036
48.500000,298.000000,297.208312,5.232925,84.063567,-169.668739,-1196.044851,-490.656206,-376.200398,1389.431032,2670.395517,3576.208732
49.000000,298.000000,297.360448,10.706816,83.344753,-156.331371,-1073.473811,-237.950475,-411.382413,1391.604848,2482.297525,3597.194929
49.500000,298.000000,297.067135,14.733778,80.892785,-136.873841,-937.155927,31.931953,-477.864019,1365.902106,2255.198992,3635.791146
50.000000,298.000000,296.324296,17.430004,77.168020,-113.413983,-787.904073,312.842814,-547.140231,1308.731567,1993.187206,3603.506477
50.500000,298.000000,295.098703,19.138656,72.723119,-88.137126,-628.283205,598.576614,-583.626944,1220.145481,1701.116029,3590.671750
51.000000,298.000000,293.436599,20.398667,68.142574,-63.619293,-461.157097,883.018249,-646.980853,1103.592276,1384.503443,3564.787666
51.500000,298.000000,291.546367,21.832593,63.983635,-42.044913,-287.716294,1160.407645,-715.772775,959.533154,1049.405860,3522.848821
52.000000,298.000000,289.813584,24.060794,60.726408,-25.301663,-110.529602,1425.425776,-737.796598,789.666378,702.267406,3452.493612
52.500000,298.000000,288.704237,27.608489,58.739810,-14.644811,68.830182,1673.455125,-737.226739,599.056442,349.787235,3385.656656
53.000000,298.000000,288.589746,32.814062,58.259595,-10.652085,248.665390,1900.644134,-720.112146,391.130910,-1.193217,3305.249266
53.500000,298.000000,289.578134,39.769666,59.386449,-13.149743,426.115050,2103.953243,-668.304605,171.170321,-343.854706,3218.686677
54.000000,298.000000,291.438904,48.297617,62.087294,-21.202649,599.552874,2281.269051,-602.222630,-56.461814,-671.558127,3125.194572
54.500000,298.000000,293.662825,57.980752,66.203292,-33.328274,767.299282,2431.312406,-547.350727,-286.370201,-978.051775,3013.741807
55.000000,298.000000,295.641214,68.223810,71.467557,-47.701015,927.078314,2553.601127,-561.206632,-512.745737,-1257.679168,2923.156621
55.500000,298.000000,296.907969,78.340953,77.519973,-62.334410,1081.900637,2648.386810,-484.780831,-729.960275,-1505.627661,2827.484480
56.000000,298.000000,297.309064,87.640473,83.923229,-75.328759,1226.604056,2716.645936,-395.179452,-932.670413,-1717.954773,2736.854915
56.500000,298.000000,297.017956,95.544109,90.190112,-85.074109,1362.712244,2759.888662,-273.190750,-1114.810535,-1891.779464,2662.069559
57.000000,298.000000,296.417738,101.631130,95.814763,-90.372696,1490.519830,2780.055023,-163.786901,-1274.949399,-2025.391760,2590.558933
57.500000,298.000000,295.892873,105.693626,100.302530,-90.609046,1607.671332,2779.391266,-49.962913,-1407.661881,-2118.169066,2524.120963
58.000000,298.000000,295.621089,107.734509,103.204441,-85.860055,1718.855725,2760.321679,74.021954,-1511.175946,-2170.529487,2483.337016
58.500000,298.000000,295.492234,107.950015,104.155923,-76.709414,1822.371806,2725.319680,179.162157,-1585.271637,-2183.872020,2455.377663
59.000000,298.000000,295.181717,106.693420,102.920872,-64.391388,1918.292491,2676.799035,310.849512,-1626.565408,-2160.349873,2445.710986
59.500000,298.000000,294.346453,104.375611,99.424945,-50.389600,2006.657405,2616.983201,427.248207,-1640.577823,-2102.763636,2451.462499
60.000000,298.000000,292.857979,101.422700,93.786346,-36.286559,2090.550210,2547.885139,538.064379,-1630.453870,-2014.536183,2472.820218
60.500000,298.000000,470.384253,207.215673,44.965169,57.109650,2150.357272,2486.262673,616.034568,-1599.063936,-1920.335284,2518.801811
61.000000,298.000000,766.876252,125.577111,27.635782,47.723229,2183.885143,2443.085718,673.385403,-1564.662023,-1842.964633,2540.223858
61.500000,298.000000,311.123785,121.031950,27.064593,56.165224,2212.637420,2394.806432,726.025932,-1517.166786,-1745.790497,2560.854423
62.000000,298.000000,315.293318,116.335075,27.522888,56.971517,2235.219719,2341.930665,788.389921,-1454.390936,-1632.925314,2573.491178
62.500000,298.000000,319.515694,110.618719,29.660172,50.642668,2250.120905,2284.840080,842.449585,-1376.701755,-1508.951336,2615.701425
63.000000,298.000000,324.954207,103.643867,33.578580,38.180105,2257.450605,2223.792699,878.334654,-1286.608906,-1378.411082,2664.006431
63.500000,298.000000,331.001135,95.893055,39.221455,20.761240,2255.261184,2158.932608,890.541131,-1185.077367,-1245.464404,2713.984557
64.000000,298.000000,340.026800,82.771925,44.074610,-0.503397,2244.627052,2094.631413,894.658369,-1079.326377,-1122.099697,2760.162744
64.500000,298.000000,309.437859,76.386982,53.598176,-21.335495,2220.982878,2026.724862,880.351513,-967.387764,-1002.742169,2791.079796
65.000000,298.000000,320.210927,70.761678,64.095827,-40.165129,2185.163976,1955.318079,852.175027,-849.685150,-889.887637,2834.196463
65.500000,298.000000,329.871209,66.569027,74.899834,-55.557086,2135.673419,1880.570200,809.406831,-729.590815,-785.726426,2883.126724
66.000000,298.000000,338.932278,60.869271,81.291888,-63.155215,2076.198499,1807.447915,742.741339,-618.122486,-698.371485,2912.690925
66.500000,298.000000,307.253190,61.828185,93.997485,-71.408953,2001.004856,1731.514988,686.452168,-509.593406,-623.109484,2936.088127
67.000000,298.000000,314.113561,63.689681,107.368457,-76.839007,1910.936499,1653.147653,591.618626,-404.562719,-560.919436,2950.189537
67.500000,298.000000,368.305725,58.492169,105.151818,-68.379368,1818.205434,1580.756978,515.308451,-316.242914,-517.827314,2977.579595
68.000000,298.000000,556.197284,50.395614,89.907486,-47.165624,1738.643213,1526.405560,411.961383,-259.436242,-497.958166,2959.748151
68.500000,298.000000,286.629530,59.372067,97.969182,-37.707244,1648.384073,1470.927662,307.006405,-212.292675,-491.087387,2940.148056
69.000000,298.000000,277.790615,50.138427,95.236177,-26.422501,1549.256359,1414.972623,229.690322,-176.170684,-496.294279,2912.558273
69.500000,298.000000,264.299718,35.969183,88.101559,-17.470974,1441.301373,1359.341294,146.948271,-151.622332,-512.361227,2873.607792
70.000000,298.000000,240.596551,20.544055,77.927656,-10.341369,1327.250643,1304.999563,57.698024,-139.217423,-537.898252,2822.667404
70.500000,298.000000,215.874558,6.237985,66.353017,-5.142810,1209.279981,1253.081726,-36.318132,-138.445221,-571.451577,2758.984214
71.000000,298.000000,200.822874,-4.982287,55.310550,-2.375637,1089.664008,1204.938122,-34.193774,-148.947300,-611.554367,2684.660820
71.500000,298.000000,202.429081,-11.562080,46.912451,-2.655168,970.327848,1161.958745,-135.279050,-169.955412,-656.794236,2601.970538
72.000000,298.000000,221.468948,-12.612758,42.814953,-6.310429,853.244768,1125.642347,-237.967949,-197.866917,-705.792910,2509.690919
72.500000,298.000000,252.648364,-8.897130,42.713428,-12.420516,742.717228,1097.499172,-319.154857,-234.055395,-757.206232,2410.703935
73.000000,298.000000,285.098273,-2.333569,45.392261,-20.015254,638.149421,1078.954785,-419.774046,-276.305595,-809.757487,2303.339894
73.500000,298.000000,307.339944,4.880202,50.329613,-28.435803,543.081889,1071.246801,-509.438983,-321.232205,-862.290026,2190.661011
74.000000,298.000000,316.475978,9.396737,55.468351,-36.019895,457.470856,1075.370953,-608.225153,-368.793810,-913.807010,2076.361130
74.500000,298.000000,316.256703,11.477978,56.427320,-39.129513,384.382642,1092.000771,-704.427102,-416.291385,-963.493508,1962.061899
75.000000,298.000000,305.420633,16.549917,53.077512,-35.751050,324.460154,1121.436928,-793.317832,-462.819976,-1010.768473,1850.478806
75.500000,298.000000,282.650959,31.087652,46.592720,-29.167939,278.020687,1163.548395,-887.515738,-506.972059,-1055.297405,1742.697565
76.000000,298.000000,259.028681,56.693632,44.331826,-29.546646,245.662909,1217.741646,-979.196328,-548.491444,-1096.961109,1631.436607
76.500000,298.000000,244.666108,89.254168,52.748831,-29.155384,228.120920,1282.926279,-1051.283408,-587.815700,-1135.822454,1533.342614
77.000000,298.000000,238.457568,120.556519,66.283343,-24.959916,222.962350,1357.526540,-1112.322990,-621.383219,-1172.082965,1443.066368
77.500000,298.000000,238.160229,146.505950,81.221958,-17.203675,233.574543,1439.508606,-1169.590511,-650.689118,-1206.026753,1358.927964
78.000000,298.000000,243.289491,163.990995,95.431503,-6.782569,256.306528,1526.440371,-1215.418776,-675.997041,-1238.011750,1280.255013
78.500000,298.000000,252.331890,171.399223,107.954146,5.272930,290.835726,1615.572079,-1250.367925,-697.323021,-1268.415055,1210.271191
79.000000,298.000000,263.040251,169.174586,116.998778,17.780380,335.516767,1703.938592,-1286.929521,-716.646582,-1297.622071,1148.455721
79.500000,298.000000,272.450411,156.502088,120.021856,29.785048,389.809590,1788.469592,-1307.003133,-732.820840,-1325.981062,1100.945171
80.000000,298.000000,278.537817,134.179986,116.731357,40.828135,448.471511,1866.115371,-1320.315292,-746.906334,-1353.815325,1059.753833
80.500000,298.000000,287.992299,113.049004,111.151675,54.329856,513.603561,1933.959345,-1326.307407,-761.274365,-1381.356447,1014.176433
81.000000,298.000000,302.844673,90.346697,101.724320,60.702435,579.023838,1989.338110,-1327.320796,-775.298501,-1408.690319,973.160212
81.500000,298.000000,313.142362,64.908851,90.406066,57.980326,645.904808,2029.942564,-1322.973204,-790.323519,-1435.729161,935.446496
82.000000,298.000000,310.601152,36.169638,77.642439,47.586241,708.509880,2053.902632,-1317.531233,-808.345664,-1462.146064,898.644894
82.500000,298.000000,294.215929,5.154760,64.399116,32.809887,765.900956,2059.871571,-1312.476384,-826.417572,-1487.345586,864.390541
83.000000,298.000000,272.601412,-27.667820,51.713143,17.875420,816.148894,2047.066396,-1298.017301,-846.628822,-1510.499850,831.907657
83.500000,298.000000,256.619433,-63.324913,39.139685,4.652828,856.263283,2015.150084,-1278.868257,-868.825335,-1530.583730,773.214639
84.000000,298.000000,254.982084,-99.046795,26.494159,-8.962399,886.789669,1964.393293,-1236.087740,-893.713366,-1546.504379,747.793208
84.500000,298.000000,272.425120,-126.687382,15.796158,-24.634676,905.692660,1895.607588,-1201.589817,-920.319643,-1557.209308,717.655292
85.000000,298.000000,288.084939,-142.901859,7.359732,-43.429177,912.738740,1810.111322,-1170.859405,-947.856500,-1561.801902,687.617027
85.500000,298.000000,294.531713,-146.322380,1.231566,-65.531217,907.962525,1709.673539,-1144.161160,-975.752902,-1559.597662,656.125966
86.000000,298.000000,290.932859,-137.692015,-3.219083,-90.155155,890.515402,1596.458442,-1110.021567,-1002.484170,-1550.116480,626.269716
86.500000,298.000000,280.588158,-119.321428,-7.682216,-115.209455,861.356828,1472.960307,-1043.617316,-1027.220985,-1533.142637,595.996493
87.000000,298.000000,274.560689,-97.618557,-15.507753,-141.210247,823.126822,1341.920058,-1012.229771,-1048.343566,-1508.685189,561.152026
87.500000,298.000000,283.276778,-82.726657,-23.086456,-160.409369,775.895993,1206.280017,-953.847639,-1065.544157,-1476.978955,534.608809
88.000000,298.000000,295.812297,-68.143033,-27.324631,-163.195363,723.420493,1069.084243,-923.921744,-1077.619533,-1438.494915,515.547950
88.500000,298.000000,294.799543,-50.685707,-27.457761,-148.563995,664.356065,933.406863,-813.271539,-1085.894831,-1393.954620,493.921705
89.000000,298.000000,276.744788,-29.978480,-23.442851,-118.026719,602.065422,802.255416,-773.900892,-1090.310163,-1344.347604,497.482343
89.500000,298.000000,247.383505,-6.753824,-15.985966,-74.818483,539.459607,678.493724,-746.724349,-1090.353622,-1290.939998,475.854063
90.000000,298.000000,221.288098,17.785460,-6.524863,-23.456510,478.707785,564.877261,-718.297599,-1087.426548,-1235.264409,459.946651
90.500000,298.000000,218.065343,46.935443,-8.606027,24.620587,420.733227,463.955583,-692.337040,-1083.663362,-1179.116156,444.230917
91.000000,298.000000,239.530726,71.208370,-8.488276,63.044143,366.999335,378.022976,-694.109212,-1078.753241,-1124.498106,430.731434
91.500000,298.000000,271.745789,90.026286,-4.772899,90.580679,319.387271,309.008969,-669.066930,-1076.037655,-1073.575979,419.136137
92.000000,298.000000,299.155313,101.487168,3.146691,106.935436,278.034225,258.409706,-643.565209,-1076.062155,-1028.621213,406.058273
92.500000,298.000000,308.563863,104.665267,14.570476,113.530905,244.576456,227.205605,-597.650709,-1080.994233,-991.999705,433.226146
93.000000,298.000000,296.888445,99.811153,28.623517,112.729260,219.402452,215.845274,-574.173202,-1092.973864,-966.205326,400.123392
93.500000,298.000000,273.032796,88.235518,44.807414,109.093569,202.150540,224.219906,-550.931343,-1113.495258,-953.946924,393.505786
94.000000,298.000000,262.790050,81.138609,68.418918,122.706091,192.688654,251.647892,-527.047790,-1143.990796,-958.068629,393.869911
94.500000,298.000000,275.068718,78.531249,93.629281,132.394531,189.648825,296.886203,-511.099981,-1185.038131,-981.496638,387.619801
95.000000,298.000000,291.113135,76.508265,113.517219,132.843770,193.050067,358.195358,-488.606139,-1237.135814,-1027.070909,355.247565
95.500000,298.000000,297.347769,73.493295,125.104210,122.840974,205.475271,433.355529,-465.763834,-1299.017696,-1097.346308,347.626080
96.000000,298.000000,289.087575,69.184983,126.850756,102.925585,218.441020,519.803935,-437.539363,-1375.354814,-1194.402051,330.372898
96.500000,298.000000,268.945207,63.881094,118.431444,74.980258,235.385516,614.712288,-417.957826,-1461.605341,-1319.690791,314.982030
97.000000,298.000000,244.935004,57.986928,100.785081,41.874131,258.115339,715.140608,-390.497100,-1560.794472,-1473.957345,310.495912
97.500000,298.000000,226.833722,51.698257,76.268471,6.751220,281.276279,818.142988,-374.995602,-1672.259487,-1657.081076,285.718207
98.000000,298.000000,222.541077,44.170447,49.807446,-31.225141,306.950877,920.869686,-390.860298,-1796.328579,-1868.065012,283.042308
98.500000,298.000000,241.556004,31.754265,34.852561,-59.788975,332.568384,1020.676333,-383.861863,-1934.187632,-2105.055918,242.319877
99.000000,298.000000,275.001303,24.827560,25.679489,-76.929878,357.663502,1115.286939,-361.926588,-2083.312129,-2365.366771,210.638459
99.500000,298.000000,298.913698,24.980232,20.340716,-83.227448,383.166636,1202.868001,-357.641231,-2244.290386,-2645.607404,153.313934
100.000000,298.000000,303.900963,31.659383,17.533585,-81.967946,406.999721,1282.069620,-352.830775,-2416.292019,-2941.767482,86.886461
100.500000,298.000000,304.369597,45.006094,14.930596,-80.915518,427.870400,1352.053674,-350.102926,-2598.290692,-3249.192203,13.635844
101.000000,298.000000,293.122565,64.729111,5.659252,-94.484524,444.331675,1412.479953,-346.107058,-2791.898479,-3562.679548,-70.420718
101.500000,298.000000,295.728298,71.237258,-11.606668,-103.017270,459.405569,1463.431862,-364.932219,-2989.507997,-3876.513163,-160.550589
102.000000,298.000000,298.869144,63.974844,-32.813406,-96.640711,474.275064,1505.483815,-365.999457,-3190.488041,-4184.668663,-259.530282
102.500000,298.000000,290.792981,51.957015,-56.061442,-80.341828,486.925999,1539.563386,-373.060442,-3394.531829,-4481.083569,-361.675103
103.000000,298.000000,276.215569,39.797350,-78.551766,-56.857494,498.446715,1566.875316,-376.054115,-3596.391615,-4759.967079,-467.870837
103.500000,298.000000,262.903433,29.928792,-97.361457,-29.059294,509.341681,1588.811778,-379.705242,-3795.081947,-5016.064533,-578.660281
104.000000,298.000000,257.866285,23.948840,-110.262435,-0.497129,519.178004,1606.883149,-372.092289,-3985.172189,-5244.851976,-701.774591
104.500000,298.000000,264.532068,22.604947,-115.788202,25.715444,529.073479,1622.671157,-364.326338,-4161.764320,-5442.636135,-836.530150
105.000000,298.000000,280.910066,25.739157,-113.404608,47.159218,540.172230,1637.711805,-340.049394,-4319.488372,-5606.574458,-942.124140
105.500000,298.000000,300.277730,32.391406,-103.507997,62.591804,553.830002,1653.412455,-316.777566,-4455.224529,-5734.644983,-1038.427001
106.000000,298.000000,314.214780,40.843586,-87.488111,71.937763,568.517449,1670.989620,-288.339097,-4564.877544,-5825.531107,-1148.402328
106.500000,298.000000,316.999870,48.587232,-67.973769,76.283289,586.429560,1691.399770,-246.692499,-4644.962988,-5878.656241,-1222.845756
107.000000,298.000000,310.350782,52.401749,-48.694883,79.016361,608.951818,1715.296360,-207.126197,-4693.652292,-5894.082594,-1286.069436
107.500000,298.000000,304.809398,52.438800,-31.385749,86.337739,636.261455,1743.005394,-163.104751,-4708.470466,-5872.449628,-1324.291923
108.000000,298.000000,306.089812,53.139131,-14.170025,96.852376,667.925517,1774.512924,-131.660598,-4689.632908,-5815.005048,-1368.052395
108.500000,298.000000,306.423899,55.630855,2.465433,105.332671,704.812067,1809.444174,-85.651015,-4638.851876,-5723.541367,-1405.305263
109.000000,298.000000,297.935450,60.663240,17.853291,109.173584,746.164847,1847.107637,6.141197,-4552.758455,-5600.303616,-1420.899464
109.500000,298.000000,282.019158,66.217962,31.435483,105.671653,790.345436,1886.515618,57.229637,-4437.732541,-5447.880610,-1426.524125
110.000000,298.000000,264.334023,71.202708,42.510323,95.366780,836.633755,1926.443293,112.414771,-4294.653643,-5269.085259,-1416.525765
110.500000,298.000000,251.796336,74.524905,51.316811,79.796203,883.416244,1965.462280,177.684039,-4127.789026,-5066.874687,-1394.332394
111.000000,298.000000,250.877024,74.797589,58.699140,60.599544,930.520779,2001.994464,247.108913,-3940.009295,-4844.324872,-1361.640555
111.500000,298.000000,262.501116,70.833382,65.528165,39.216324,974.203276,2034.509096,295.531952,-3735.348207,-4604.653285,-1322.009141
112.000000,298.000000,280.827939,62.333694,72.240030,17.034972,1013.778858,2061.309446,370.474733,-3516.904879,-4351.230059,-1271.529609
112.500000,298.000000,296.119971,49.876774,79.033874,-4.629401,1047.532882,2080.677582,510.271480,-3288.120212,-4087.738455,-1203.500602
113.000000,298.000000,303.520348,34.431592,86.567048,-24.479357,1074.622029,2091.179792,581.956821,-3053.080765,-3818.159337,-1141.904202
113.500000,298.000000,301.192882,16.819003,96.532467,-42.394699,1092.444981,2091.460810,681.661704,-2812.873477,-3546.702002,-1068.826641
114.000000,298.000000,295.197202,-1.092432,110.839064,-62.948419,1100.625626,2080.449526,773.540770,-2569.895280,-3277.625613,-1018.992268
114.500000,298.000000,296.258889,-12.267407,123.228554,-90.403358,1098.212369,2057.405525,849.359729,-2325.575691,-3015.066147,-951.530564
115.000000,298.000000,298.211064,-15.903478,128.106850,-114.345125,1086.181654,2022.034352,914.976173,-2083.091500,-2762.746496,-890.111975
115.500000,298.000000,290.542057,-13.942738,125.604758,-129.809494,1063.543884,1974.460025,973.989265,-1841.233089,-2523.784125,-823.292491
116.000000,298.000000,273.425795,-6.977726,117.309121,-135.221406,1033.241003,1915.302681,1035.746342,-1604.120780,-2300.580091,-760.441249
116.500000,298.000000,253.252470,4.888826,104.046354,-129.822626,995.458093,1845.701952,1091.221570,-1372.557686,-2094.795406,-701.746599
117.000000,298.000000,238.747382,20.143062,86.696555,-113.745321,951.623221,1767.316983,1136.642243,-1147.519717,-1907.395241,-657.260505
117.500000,298.000000,237.033263,36.720117,66.353266,-88.645699,903.681096,1682.316508,1175.179284,-933.681782,-1738.711587,-614.026297
118.000000,298.000000,250.082268,52.799367,43.622191,-57.249968,853.940657,1593.331171,1204.850688,-728.740397,-1588.498451,-578.089806
118.500000,298.000000,274.409135,66.756564,17.848710,-22.736046,803.380508,1503.433108,1224.781587,-537.644791,-1455.973061,-532.505862
119.000000,298.000000,301.749139,75.594297,-13.148635,12.539850,756.680110,1415.877876,1241.635582,-359.356391,-1339.906384,-523.799879
119.500000,298.000000,324.107269,78.184486,-46.179633,42.575969,713.071224,1334.045702,1242.746614,-196.552733,-1238.696620,-514.739751
120.000000,298.000000,335.369655,72.968421,-68.401346,52.155792,679.358179,1265.733214,1273.363532,-60.479631,-1155.896365,-510.777924
120.500000,298.000000,294.228927,69.965237,-89.363334,50.351971,653.858270,1209.558205,1262.300606,61.970108,-1084.187379,-513.032735
121.000000,298.000000,285.170428,63.108053,-109.614764,41.908291,640.149272,1168.261455,1252.987980,167.735852,-1021.679776,-522.473773
121.500000,298.000000,279.378596,47.616676,-126.490430,38.088502,637.769550,1144.194603,1236.999351,258.405189,-966.621396,-536.445720
122.000000,298.000000,270.637635,30.595077,-131.807272,31.998813,648.850415,1139.226469,1217.375838,334.467278,-917.599315,-574.034644
122.500000,298.000000,251.378925,11.269950,-125.430377,17.343151,675.116272,1154.660267,1198.875936,398.844638,-873.537873,-593.680585
123.000000,298.000000,229.666453,-10.281277,-111.896071,-7.816859,716.100328,1191.155466,1193.457584,449.719393,-833.787007,-622.839318
123.500000,298.000000,219.090756,-21.328092,-85.883630,-25.321704,772.584077,1248.701778,1175.714155,493.466839,-798.206160,-643.798196
124.000000,298.000000,218.318916,-21.873598,-49.230561,-38.225721,844.615927,1326.581984,1161.269578,530.973470,-767.012110,-662.349972
124.500000,298.000000,227.247373,-13.534934,-7.486352,-49.312651,930.107239,1423.398701,1104.572361,563.980416,-740.664126,-682.280515
125.000000,298.000000,244.962870,2.539474,34.329182,-58.891526,1028.171318,1537.048908,1092.588091,594.627140,-719.745991,-702.139102
125.500000,298.000000,265.958886,24.378203,71.534515,-66.782768,1136.382649,1664.761177,1061.426440,622.612720,-704.821262,-715.189018
126.000000,298.000000,283.550569,49.066164,100.237304,-72.689830,1254.257217,1803.450868,1061.866899,652.259616,-696.333205,-723.551557
126.500000,298.000000,293.312893,73.206611,117.893389,-76.608220,1377.855567,1949.548335,1065.623085,681.126228,-694.531273,-728.815152
127.000000,298.000000,294.276977,93.647823,124.272375,-79.298808,1506.154207,2099.198100,1070.983708,710.078477,-699.429823,-725.910259
127.500000,298.000000,290.679244,108.415474,122.245408,-81.102499,1633.870844,2248.381391,1080.562500,739.276900,-710.769486,-723.883563
128.000000,298.000000,286.958323,117.780972,115.928211,-79.828820,1760.483834,2393.007013,1053.725515,767.005603,-728.008582,-705.059852
128.500000,298.000000,283.870235,125.407551,110.827780,-74.111603,1878.104516,2529.089956,1071.461539,795.398758,-750.279379,-699.036367
129.000000,298.000000,276.749604,129.748929,102.270428,-61.530409,1985.910804,2652.836665,1077.744492,821.520177,-776.400687,-687.342109
129.500000,298.000000,263.229910,131.758000,91.521316,-43.008970,2080.889591,2760.697780,1154.001821,844.969268,-804.920797,-651.872248
130.000000,298.000000,249.592614,132.468573,78.849983,-20.843751,2161.118859,2849.479520,1188.597579,865.955819,-834.144404,-630.896710
130.500000,298.000000,240.867646,131.837642,64.310819,2.325601,2222.322370,2916.601938,1206.933705,883.059291,-862.266197,-613.745166
131.000000,298.000000,238.997238,129.318322,48.447211,24.163469,2264.027975,2959.891845,1244.268357,896.353385,-887.397946,-594.927837
131.500000,298.000000,244.182088,124.342258,32.349228,42.413331,2284.902094,2977.841790,1289.070967,905.347773,-907.793782,-564.857336
132.000000,298.000000,254.000981,116.681995,17.543817,55.094794,2282.775115,2969.590809,1306.803110,912.277957,-921.812516,-545.813012
132.500000,298.000000,264.478784,106.834453,5.696753,60.811366,2258.620125,2934.904570,1319.842676,916.777448,-928.150563,-524.706698
133.000000,298.000000,272.067107,95.920201,-1.909612,59.107868,2212.945773,2874.148542,1359.146398,922.685199,-925.824429,-507.583344
133.500000,298.000000,275.606524,85.332571,-4.777640,50.521068,2146.360319,2788.387007,1406.323414,929.223275,-914.124505,-488.731135
134.000000,298.000000,277.692630,76.468359,-3.727274,36.859278,2060.671929,2679.338111,1455.286564,939.754675,-892.528572,-470.103971
134.500000,298.000000,282.392736,68.621188,-0.503878,20.891975,1959.574911,2549.275221,1573.873645,953.703732,-860.633097,-444.243017
135.000000,298.000000,289.022182,58.862545,4.754250,4.055957,1841.457521,2401.076659,1541.574680,973.718621,-818.110908,-420.397816
135.500000,298.000000,291.941181,45.419962,13.497263,-13.414396,1713.841714,2238.047151,1565.777014,1001.595913,-764.682552,-397.483419
136.000000,298.000000,287.114907,28.249716,26.848212,-31.346755,1577.669936,2063.837203,1580.234529,1036.366802,-700.135879,-373.808828
136.500000,298.000000,278.263839,8.137989,44.610083,-48.878381,1435.225322,1882.360663,1581.518034,1078.242048,-624.363567,-343.695061
137.000000,298.000000,267.545466,-14.021556,65.429498,-64.932056,1291.297853,1697.606427,1572.164783,1128.189967,-537.415523,-309.577017
137.500000,298.000000,258.089605,-37.870055,87.164779,-77.623643,1146.987729,1513.671886,1550.693534,1183.769312,-439.531142,-270.160603
138.000000,298.000000,254.245166,-65.878310,107.360178,-84.072364,1005.147381,1334.563958,1518.771422,1242.880054,-331.193444,-264.261461
138.500000,298.000000,259.262280,-96.937466,122.831337,-83.742699,868.011189,1164.071540,1474.498203,1307.707451,-213.136657,-210.975553
139.000000,298.000000,273.277370,-116.399620,126.492832,-84.856513,737.507378,1005.644174,1423.004759,1374.730059,-86.362938,-156.898455
139.500000,298.000000,287.071958,-123.980668,118.523242,-85.921994,616.857570,862.257639,1371.328720,1444.048402,47.814780,-95.971993
140.000000,298.000000,295.581613,-123.543595,101.602947,-83.423742,505.471221,736.349766,1306.691788,1516.168701,187.772756,-25.495714
140.500000,298.000000,299.054355,-116.952166,79.457570,-76.103575,408.160984,629.736292,1232.048626,1585.414405,331.545299,51.783649
141.000000,298.000000,298.761332,-104.823636,56.483100,-64.373264,320.852003,543.584158,1161.415286,1651.315745,476.780308,133.847887
141.500000,298.000000,295.531396,-87.293954,36.299475,-49.408201,243.981962,478.448661,1130.699976,1709.359028,620.748973,212.041622
142.000000,298.000000,289.642983,-64.836031,20.906621,-32.985720,178.807463,434.239893,1059.613298,1765.687887,760.375868,296.430658
142.500000,298.000000,281.760671,-38.811200,10.775134,-17.121775,125.684448,410.302217,987.297372,1816.038398,892.361255,382.968558
143.000000,298.000000,273.512050,-11.341130,5.423315,-3.722778,85.287346,405.474265,916.435095,1859.014828,1013.324679,454.106045
143.500000,298.000000,266.893380,15.213623,3.879253,5.788692,52.516412,418.191195,813.946897,1897.597779,1120.009067,544.160374
144.000000,298.000000,263.196723,38.797356,4.856732,10.869375,29.192755,446.596402,746.424645,1928.897686,1209.466690,639.268070
144.500000,298.000000,262.649365,58.131535,6.776637,11.891167,11.654346,488.664352,713.180382,1954.040089,1279.254192,729.550937
145.000000,298.000000,266.310283,73.064177,7.974483,9.956533,1.187018,542.291769,652.414832,1971.906357,1327.524256,817.181873
145.500000,298.000000,274.060351,84.650951,6.678050,6.757842,-4.703794,605.255866,578.296842,1981.496014,1353.160357,895.740226
146.000000,298.000000,282.623416,94.813001,1.369084,4.325119,-9.489459,675.460410,513.172114,1983.249411,1355.791070,970.513458
146.500000,298.000000,289.757739,104.712481,-5.689366,4.109820,-10.036356,750.938902,458.066843,1975.195924,1335.799042,1017.144339
147.000000,298.000000,293.253827,114.781847,-11.079876,5.981929,-10.144924,829.905475,397.254464,1957.535927,1294.318136,1103.708865
147.500000,298.000000,291.836352,124.056726,-14.453217,10.339723,-10.108752,910.708176,337.453837,1928.790289,1233.188660,1096.981142
148.000000,298.000000,284.567560,129.494874,-16.476270,16.142505,-12.237648,991.973433,242.392133,1888.818816,1154.854813,1139.359535
148.500000,298.000000,270.831410,128.191881,-17.730388,21.581115,-15.217353,1072.601117,189.684027,1838.336553,1062.294550,1168.927858
149.000000,298.000000,252.836998,119.169199,-17.905508,24.216627,-19.218637,1151.724341,142.618530,1777.491725,958.834244,1191.679188
149.500000,298.000000,236.047897,103.411195,-16.486278,21.883007,-22.115691,1228.635519,99.567473,1707.010307,848.008331,1186.092852
150.000000,298.000000,226.866079,82.958491,-12.895601,13.153129,-26.366616,1302.786689,81.232891,1628.969324,733.426307,1189.979295
150.500000,298.000000,229.546422,60.651246,-6.225266,-1.636510,-32.750501,1373.775265,57.382745,1543.922223,618.617409,1201.714146
151.000000,298.000000,244.168942,38.880072,2.863315,-19.514102,-32.227968,1441.204256,33.988354,1455.725359,506.953412,1186.392028
151.500000,298.000000,266.312959,18.773499,12.005438,-35.979558,-28.816414,1504.843654,12.937251,1365.829925,401.536839,1168.457551
152.000000,298.000000,287.610917,2.387925,19.408731,-47.434899,-23.116967,1564.589142,33.364693,1278.000483,305.161495,1144.753124
152.500000,298.000000,299.235532,-8.255489,24.374949,-52.716823,-9.704467,1620.379749,17.300079,1195.238630,220.317202,1094.134871
153.000000,298.000000,299.928697,-13.322088,26.041621,-51.799626,9.375624,1672.201029,13.405074,1120.233945,149.160186,1057.384473
153.500000,298.000000,292.719319,-14.633443,23.441388,-46.121409,36.041254,1720.047273,2.101439,1055.935107,93.508873,1017.559137
154.000000,298.000000,283.324229,-15.578656,17.654719,-38.621293,69.152781,1763.891921,5.230725,1004.603339,54.840510,975.102449
154.500000,298.000000,279.505053,-18.776995,13.462055,-29.479126,110.050141,1803.639744,-1.748717,967.792982,34.250662,930.477218
155.000000,298.000000,282.174226,-23.089399,13.700018,-17.358068,158.697783,1839.092418,-10.007325,946.290865,32.414730,890.054791
155.500000,298.000000,286.391914,-26.449504,18.184384,-1.824974,213.650158,1869.910131,-11.722711,940.347976,49.558514,849.729253
156.000000,298.000000,286.566534,-27.679900,25.456035,16.932426,272.753169,1895.536785,19.122269,951.849329,85.437528,814.544743
156.500000,298.000000,281.760767,-26.482247,33.888158,37.985504,335.162252,1915.367864,2.950225,979.429911,139.347170,781.588977
157.000000,298.000000,273.396883,-23.296990,42.161529,59.549671,399.009156,1928.575525,-10.405785,1023.809971,210.153454,740.876483
157.500000,298.000000,263.223710,-18.710415,49.418256,79.809080,463.848031,1934.244821,-26.140802,1083.226367,296.327511,727.061142
158.000000,298.000000,256.146584,-13.259206,54.970818,97.428695,526.178368,1931.258250,-59.926414,1154.349829,395.936137,771.567608
158.500000,298.000000,256.690719,-7.315101,58.098347,112.110931,583.577504,1918.394648,-69.369403,1239.934968,506.718114,775.348319
159.000000,298.000000,267.093405,-0.847966,57.607917,123.875198,632.603806,1894.381482,-119.339159,1335.569331,626.053795,794.584003
159.500000,298.000000,284.751764,4.984270,51.664869,131.424580,674.041116,1857.973075,-122.007218,1439.354225,751.002011,824.945534
160.000000,298.000000,300.694979,7.730880,39.709892,133.450062,705.859146,1807.883522,-118.239050,1549.344806,878.354370,856.680240
160.500000,298.000000,308.027163,6.054461,23.044703,130.148162,723.893207,1743.016117,-113.682232,1665.457295,1004.748329,906.073139
161.000000,298.000000,305.403030,0.568997,4.404567,122.956289,727.591606,1662.503856,-105.686782,1784.503120,1126.746771,961.330921
161.500000,298.000000,295.793203,-5.781897,-13.008710,113.118737,717.562683,1565.800152,-93.519574,1905.698712,1240.970652,1043.201415
162.000000,298.000000,283.588421,-9.378788,-27.468101,99.961333,692.544853,1452.774876,-49.817866,2025.810450,1344.198258,1129.531418
162.500000,298.000000,272.005012,-8.533385,-39.096466,81.899164,652.739525,1323.797993,-43.847785,2143.689109,1433.481582,1203.080969
163.000000,298.000000,262.515061,-3.871046,-48.519173,58.340236,597.741855,1179.797835,-25.919486,2256.876802,1506.234739,1291.105463
163.500000,298.000000,255.208400,2.535260,-55.575975,29.672512,526.809282,1022.275713,-35.622042,2361.809217,1560.319087,1366.324509
164.000000,298.000000,249.548402,8.259839,-59.671373,-2.511918,444.620464,853.288352,-19.279997,2460.442661,1594.104816,1435.460337
164.500000,298.000000,244.921073,11.551350,-60.620785,-35.117198,353.739864,675.393360,-6.870387,2547.612058,1606.482730,1496.655816
165.000000,298.000000,241.010725,11.814988,-58.683180,-64.579804,251.554273,491.573065,0.049530,2621.295373,1596.868289,1551.956679
165.500000,298.000000,238.011904,9.222893,-54.524234,-87.626252,139.940919,305.144500,1.288543,2680.435564,1565.240687,1602.289458
166.000000,298.000000,237.119631,4.509206,-49.297650,-101.637173,25.844153,119.627004,41.084294,2721.687800,1512.073881,1640.588871
166.500000,298.000000,240.470575,-1.117199,-44.774621,-105.556823,-90.719941,-61.392418,-47.780678,2744.833984,1438.311168,1671.305395
167.000000,298.000000,247.604522,-6.309975,-43.014013,-100.193658,-204.207069,-234.014155,-64.707059,2747.890827,1345.289792,1694.456572
167.500000,298.000000,256.748943,-10.378362,-45.308953,-88.324796,-316.217885,-394.594714,-25.900672,2727.718994,1234.666803,1709.176307
168.000000,298.000000,265.997604,-13.355259,-51.191224,-73.534735,-420.411068,-539.718020,5.784388,2686.296492,1108.316378,1714.371101
168.500000,298.000000,272.796474,-15.734834,-58.978426,-59.254968,-514.055836,-666.346425,-46.800949,2623.188580,968.223110,1712.480942
169.000000,298.000000,276.294772,-16.003221,-68.286813,-50.288090,-596.376840,-771.830343,-75.657211,2539.404011,816.382587,1709.075921
169.500000,298.000000,275.773810,-12.048370,-73.644131,-44.988087,-662.093103,-854.048811,-114.528919,2434.542615,654.679904,1680.630676
170.000000,298.000000,270.821991,-7.059797,-71.022091,-42.583442,-708.290869,-911.440267,-153.590138,2310.267519,484.829110,1680.617281
170.500000,298.000000,264.271992,-1.666037,-57.182329,-43.208122,-735.774277,-943.023857,-225.899344,2170.381010,308.304613,1649.080199
171.000000,298.000000,258.441260,4.909814,-31.471390,-44.857763,-739.315493,-948.434134,-265.533144,2017.514438,126.339140,1610.297612
171.500000,298.000000,254.368347,13.164686,4.078616,-45.835447,-723.752222,-927.904900,-301.818462,1853.877587,-60.081759,1560.976620
172.000000,298.000000,253.975777,23.230199,45.877139,-45.308519,-686.270654,-882.186766,-309.458737,1684.612582,-250.172957,1507.249158
172.500000,298.000000,258.381607,34.700725,89.614282,-43.064427,-626.859507,-812.552752,-359.635368,1511.246836,-443.279397,1448.782518
173.000000,298.000000,266.122290,46.669356,130.792684,-39.028921,-547.254619,-720.708046,-392.515356,1335.437947,-638.808535,1385.698431
173.500000,298.000000,274.514733,58.217040,165.258839,-33.447774,-451.351848,-608.822479,-422.126462,1160.386678,-836.178558,1316.757293
174.000000,298.000000,280.696750,68.804646,189.784741,-26.954779,-339.868944,-479.472133,-456.492374,988.040186,-1034.760409,1248.152665
174.500000,298.000000,282.765807,78.324271,202.514510,-19.947730,-214.605374,-335.593067,-494.456601,819.848043,-1233.839853,1188.266913
175.000000,298.000000,280.795407,86.286103,203.234647,-12.205765,-79.852583,-180.413473,-499.143880,658.432587,-1432.588281,1124.380324
175.500000,298.000000,276.425512,91.608754,194.172040,-4.384328,62.512133,-17.382611,-527.516309,503.763151,-1630.035468,1057.364332
176.000000,298.000000,272.247344,93.205946,179.587010,3.668558,207.747591,149.915379,-550.495857,357.265566,-1825.055225,1003.095907
176.500000,298.000000,270.541086,92.422662,166.611877,12.940757,356.049128,317.867390,-565.502437,218.383473,-2016.365511,956.161961
177.000000,298.000000,272.442765,89.350008,156.425004,17.957372,501.502979,482.910963,-572.263909,87.480265,-2202.550443,916.916406
177.500000,298.000000,276.116602,84.520403,148.549451,15.947573,642.815049,641.624409,-577.198355,-36.710432,-2382.116243,886.233527
178.000000,298.000000,269.752978,80.571481,141.952746,5.057855,777.285675,790.851674,-566.394176,-155.182696,-2553.591957,855.457872
178.500000,298.000000,350.736038,71.561716,122.618111,-11.795531,892.976473,916.519728,-548.123754,-257.829841,-2702.498954,845.424039
179.000000,298.000000,602.163835,32.096530,74.342813,-20.585021,966.946558,992.522837,-512.836466,-324.985976,-2798.216983,844.739532
179.500000,298.000000,276.251485,4.031795,46.390103,-32.094196,1028.643884,1052.839694,-485.255472,-386.864074,-2882.765953,851.920345
180.000000,298.000000,256.836712,-21.331479,10.217042,-42.888634,1081.276512,1096.829473,-443.980211,-441.785590,-2955.780402,882.269863
180.500000,298.000000,237.568552,-41.449242,-26.536600,-51.537257,1123.437337,1124.403345,-396.353499,-491.087475,-3017.076446,902.596108
181.000000,298.000000,221.658697,-55.211290,-59.156222,-56.560564,1155.654535,1135.988206,-320.626061,-534.119560,-3066.595910,927.698605
181.500000,298.000000,211.512635,-61.909407,-82.793238,-58.101939,1179.220066,1132.512078,-249.772629,-568.958680,-3104.336521,950.757425
182.000000,298.000000,231.501653,-61.718851,-85.483793,-65.159775,1194.977321,1115.464837,-172.520977,-595.468388,-3130.285974,1002.562145
182.500000,298.000000,383.577459,-49.998895,-85.124868,-47.333857,1202.735991,1089.527337,-71.448974,-611.615475,-3142.066053,1031.776867
183.000000,298.000000,315.913031,-42.372886,-71.253414,-28.111827,1204.505770,1054.075475,-9.755665,-620.189764,-3142.055114,1059.489702
183.500000,298.000000,450.233144,10.302978,222.638069,23.011820,1202.535970,1018.744257,41.012704,-621.412245,-3131.472338,1080.958938
184.000000,298.000000,889.048335,11.431549,125.998611,31.722444,1198.915034,994.360837,90.117768,-617.927767,-3116.119558,1091.119916
184.500000,298.000000,280.238316,11.446370,111.676160,57.810400,1192.640200,966.290677,114.961524,-610.166203,-3089.172803,1102.123375
185.000000,298.000000,8679.465881,-480.898357,-962.371873,449.386536,1190.331483,959.878500,118.358370,-606.362443,-3077.083224,1099.257848
185.500000,298.000000,13658.272330,-52.907685,-115.248162,58.123861,1188.934638,957.776230,117.855016,-603.704241,-3068.866264,1099.438512
186.000000,298.000000,137.445034,-14.395209,-56.373338,33.758606,1185.672935,953.695156,115.729423,-596.966067,-3049.505767,1098.856648
186.500000,298.000000,69.121365,26.690394,6.862339,1.466296,1180.454993,947.648627,111.160385,-587.346080,-3019.061640,1098.332059
187.000000,298.000000,126.468372,64.462364,69.241720,-29.006359,1173.129842,939.708654,95.476216,-574.865307,-2977.974214,1097.943080
187.500000,298.000000,282.824629,94.787000,122.686946,-55.153285,1163.799323,929.965234,89.082428,-559.647152,-2926.856389,1098.067230
188.000000,298.000000,470.176384,93.163953,131.567342,-62.564858,1154.172852,920.668422,83.878717,-545.440756,-2877.752366,1099.100164
188.500000,298.000000,421.093745,86.618655,129.977558,-66.531933,1143.932840,911.368116,79.727028,-532.099468,-2828.452115,1101.241374
189.000000,298.000000,353.516729,77.743947,123.630036,-70.909652,1132.159432,901.396433,78.786776,-518.117026,-2775.552573,1120.301839
189.500000,298.000000,301.445041,63.832221,115.316489,-82.030404,1119.558325,890.066477,77.494304,-503.792806,-2715.503605,1125.766674
190.000000,298.000000,301.223752,54.068621,111.233950,-98.700076,1102.615443,877.549950,77.937380,-487.848273,-2649.267706,1133.713901
190.500000,298.000000,298.833851,44.764106,98.585098,-102.075495,1083.215613,864.067320,79.749997,-470.829769,-2577.923116,1144.071781
191.000000,298.000000,256.038603,32.660325,73.837682,-93.673555,1061.358282,849.890409,82.777632,-452.040452,-2502.605436,1156.680279
191.500000,298.000000,184.969108,18.262611,39.149240,-75.457413,1037.211502,835.330654,88.300658,-432.705375,-2424.441472,1170.778051
192.000000,298.000000,117.671953,2.928927,-1.587967,-50.002055,1010.362807,820.740437,94.265473,-412.036945,-2344.461889,1186.393276
192.500000,298.000000,85.319112,-11.709525,-43.610111,-20.500873,982.113439,806.531061,101.176682,-389.920471,-2263.645164,1202.094033
193.000000,298.000000,104.145024,-23.880593,-81.517112,8.599074,951.717384,793.213489,74.257019,-366.656018,-2183.203296,1220.629063
193.500000,298.000000,167.976110,-31.856274,-111.548262,31.942234,919.701675,781.350993,83.459308,-341.787308,-2104.323279,1239.865958
194.000000,298.000000,250.063499,-34.542617,-130.946281,47.953031,887.304605,771.598068,92.626289,-315.526411,-2027.939256,1259.420261
194.500000,298.000000,314.957957,-31.396184,-136.530356,55.774265,853.972054,764.576630,108.284816,-288.694467,-1954.745263,1279.049663
195.000000,298.000000,334.672440,-20.172377,-119.729922,51.901913,824.142847,761.228664,117.651759,-262.717712,-1889.231187,1297.681145
195.500000,298.000000,296.656654,2.884904,-110.040066,63.485833,795.324162,761.860131,126.746280,-237.517958,-1827.642748,1315.534846
196.000000,298.000000,307.529221,8.708969,-104.055434,69.609211,766.246296,767.051792,134.152121,-211.265990,-1770.071995,1332.307194
196.500000,298.000000,296.849096,15.089533,-86.961265,65.021125,740.741817,777.341731,143.855158,-185.765336,-1716.446840,1348.814333
197.000000,298.000000,241.778832,22.742319,-59.833913,50.961333,718.914897,793.211117,172.026804,-161.312007,-1666.531072,1362.075659
197.500000,298.000000,165.982632,31.481909,-25.222025,29.598159,700.971532,815.083619,161.733640,-137.847022,-1619.942946,1374.539094
198.000000,298.000000,98.993774,41.995208,14.357334,2.862671,686.567821,843.359297,156.393736,-116.514890,-1576.161845,1384.528581
198.500000,298.000000,90.317220,53.832546,54.193927,-25.049802,677.722491,878.286112,165.332219,-97.465555,-1534.717158,1391.861598
199.000000,298.000000,140.102221,64.374151,87.324644,-47.559990,673.804050,919.832442,176.365497,-81.158785,-1495.260336,1396.920637
199.500000,298.000000,214.908600,73.639795,110.866554,-62.951863,675.516642,967.855311,190.136632,-68.610641,-1457.398995,1404.722380
200.000000,298.000000,285.475949,80.173957,122.584127,-69.816627,682.750368,1022.080833,200.057362,-58.493578,-1420.738320,1395.124524
200.500000,298.000000,323.496501,81.335237,121.358994,-67.912015,695.485110,1082.103338,207.254763,-51.412439,-1384.902999,1389.082790
201.000000,298.000000,324.966989,72.503415,111.228603,-64.285952,714.515361,1147.379022,216.851946,-47.673476,-1349.553981,1376.687025
201.500000,298.000000,324.727992,68.924813,105.519776,-67.745066,738.181933,1217.229428,172.620321,-46.252698,-1314.398967,1366.796130
202.000000,298.000000,314.461373,69.933642,91.674336,-61.568094,765.842984,1290.860926,179.786390,-47.438254,-1279.174225,1347.843658
202.500000,298.000000,262.869086,71.743421,68.042861,-45.893949,798.381327,1367.364384,175.551240,-50.822177,-1243.624978,1309.295802
203.000000,298.000000,187.160411,72.877839,36.496005,-22.520745,833.674208,1445.805929,159.194514,-54.930065,-1207.491481,1281.623785
203.500000,298.000000,119.045093,72.582173,-0.034827,5.901660,872.014932,1525.261348,160.587027,-59.570069,-1170.481895,1249.176723
204.000000,298.000000,87.353524,70.443656,-38.200971,36.134148,912.388357,1604.722323,162.054494,-64.974758,-1132.308976,1212.900958
204.500000,298.000000,105.428109,66.158802,-74.256206,64.262222,954.668997,1682.882602,165.368257,-70.481752,-1092.825082,1173.656509
205.000000,298.000000,165.188540,60.017805,-104.535807,86.395548,995.836869,1758.348162,164.603982,-75.424147,-1051.936206,1159.215986
205.500000,298.000000,240.415207,52.846474,-126.206512,99.409140,1034.087667,1829.836323,163.918693,-79.313666,-1009.523831,1107.368840
206.000000,298.000000,298.581097,45.924016,-137.529380,101.184893,1071.250517,1896.183521,163.862704,-81.978051,-965.444728,1057.034034
206.500000,298.000000,316.269252,42.196227,-138.658711,91.134174,1102.303601,1956.337564,165.433021,-83.441192,-919.576902,1011.659215
207.000000,298.000000,303.453799,51.124870,-138.176622,75.301743,1128.194539,2009.360465,171.263857,-83.266546,-871.812821,945.458670
207.500000,298.000000,299.625052,46.998126,-145.224862,70.221918,1148.170271,2054.453082,195.304187,-81.641905,-822.094550,901.302724
208.000000,298.000000,286.671977,38.070980,-141.644401,56.500543,1161.117903,2090.926628,200.398228,-78.194817,-770.428252,860.905566
208.500000,298.000000,235.428028,27.038630,-127.671157,35.190623,1167.213256,2118.263790,212.492813,-72.614099,-716.861937,823.657853
209.000000,298.000000,168.166194,14.859080,-105.125424,8.277994,1165.101316,2136.109812,226.717895,-64.437918,-661.472469,786.371348
209.500000,298.000000,114.544824,2.719812,-76.535973,-21.190170,1155.239538,2144.259332,244.018484,-54.246987,-604.352855,755.142404
210.000000,298.000000,98.226443,-8.204720,-44.722205,-49.989324,1137.926540,2142.629110,265.049558,-40.998338,-545.694948,727.849842
210.500000,298.000000,126.572319,-16.898013,-12.858006,-74.718849,1113.689270,2131.305487,286.850172,-23.927370,-485.882641,691.496561
211.000000,298.000000,187.402937,-22.715420,15.574871,-92.292813,1080.895239,2110.583080,317.388489,-5.303075,-425.339605,683.067713
211.500000,298.000000,254.535750,-25.713134,37.510448,-100.804406,1040.678671,2080.935496,348.827647,16.852221,-364.449106,708.179171
212.000000,298.000000,300.560304,-27.267862,50.926271,-99.827083,995.171372,2043.005271,410.411008,40.384453,-303.543866,696.955779
212.500000,298.000000,314.401694,-31.883721,56.885854,-92.091415,944.293935,1997.509490,445.558480,68.573153,-242.906749,689.810939
213.000000,298.000000,315.910534,-38.570499,63.662460,-87.959010,889.433848,1945.309572,476.560323,101.421738,-182.809435,683.687430
213.500000,298.000000,311.347090,-35.134707,71.891257,-81.911713,830.732159,1887.362819,439.231032,134.999887,-123.502886,685.597561
214.000000,298.000000,277.538518,-23.934531,72.982093,-69.442911,769.184635,1824.677290,471.002084,171.136999,-65.212589,684.674508
214.500000,298.000000,214.625737,-7.260164,66.158006,-51.665416,706.364890,1758.274359,473.644309,207.816626,-8.133665,684.449812
215.000000,298.000000,135.713656,12.649655,52.520658,-30.214340,642.340071,1689.106058,505.047395,246.454000,47.594052,686.424379
215.500000,298.000000,142.274729,31.812221,36.940212,-8.442281,580.731476,1618.271735,527.747683,285.414038,101.690830,687.030738
216.000000,298.000000,171.528957,47.123017,22.832629,10.153807,519.847492,1546.889436,551.589266,323.769670,153.809350,688.717802
216.500000,298.000000,222.267072,56.066251,12.901343,21.700137,463.125954,1476.028969,581.430074,361.373120,203.570796,709.978926
217.000000,298.000000,274.428133,58.613085,7.504751,23.755034,408.655718,1406.664673,603.363294,396.076300,250.574018,710.282325
217.500000,298.000000,305.500822,57.219704,6.181063,18.298625,358.123119,1339.653492,630.420535,429.043885,294.389729,713.140621
218.000000,298.000000,308.346878,58.990725,8.025900,11.246402,311.406692,1275.726380,658.160161,458.620816,334.556873,693.355231
218.500000,298.000000,302.971822,63.211442,-2.854410,11.007591,271.868924,1215.497772,683.246025,484.620815,370.579336,687.321630
219.000000,298.000000,230.624770,-139.670151,-3.992210,-12.797921,237.834468,1159.414913,706.784937,505.664740,401.947171,678.246844
219.500000,298.000000,387.301595,-120.175452,-24.405490,-6.135094,213.590700,1114.547371,726.529259,519.596373,424.539900,657.091751
220.000000,298.000000,280.631152,-112.025355,-43.863282,-2.468765,197.924259,1074.545481,742.456071,528.360845,441.388765,642.456722
220.500000,298.000000,299.538609,-95.720632,-61.588642,-4.669540,187.020778,1039.539329,756.878900,531.748196,452.050919,624.297283
221.000000,298.000000,447.567829,-61.847697,-51.049038,-11.072201,184.230523,1015.595300,776.603255,530.144117,454.727159,607.945796
221.500000,298.000000,245.888399,-41.643892,-40.178919,-18.973018,186.620704,996.743115,766.173442,526.101094,450.498847,586.853491
222.000000,298.000000,210.538015,-18.919322,-22.140162,-24.521520,194.769429,982.882825,773.990241,515.551702,439.246090,561.958950
222.500000,298.000000,199.665692,4.670500,-0.704839,-27.864322,209.681696,973.878187,780.341789,500.409780,420.964163,534.876831
223.000000,298.000000,214.689693,26.613407,20.818783,-29.456232,227.785848,969.561125,785.944420,482.694796,395.805087,503.611569
223.500000,298.000000,248.085931,44.267975,39.321273,-30.050770,249.971445,969.736879,790.609698,460.404055,364.082826,485.017122
224.000000,298.000000,260.074441,54.045208,52.526494,-29.302600,276.004313,974.192484,820.657187,437.180443,326.253825,434.687575
