"Angle"	"Energy kJ/mol"	"BondedTermsEnergy"	"NonBondedTermsEnergy"	"BondStretchEnergy"	"AngleStretchEnergy"	"TorsionEnergy"	"OutOfPlaneEnergy"	"DispersionEnergy"	"ElectrostaticEnergy"	"NonBondedEnergyC"	"NonBondedEnergyD"
-60.000000	781.347255	756.535487	24.811768	17.112939	739.422548	0.000000	0.000000	21.893659	2.918109	0.000000	0.000000
-59.800000	779.283913	754.402000	24.881914	17.112940	737.289060	0.000000	0.000000	21.953689	2.928225	0.000000	0.000000
-59.600000	777.221605	752.266202	24.955402	17.112939	735.153264	0.000000	0.000000	22.017051	2.938351	0.000000	0.000000
-59.400000	775.160381	750.128161	25.032220	17.112938	733.015223	0.000000	0.000000	22.083734	2.948486	0.000000	0.000000
-59.200000	773.100420	747.988059	25.112361	17.112939	730.875121	0.000000	0.000000	22.153732	2.958629	0.000000	0.000000
-59.000000	771.041797	745.845980	25.195817	17.112940	728.733040	0.000000	0.000000	22.227037	2.968779	0.000000	0.000000
-58.800000	768.984505	743.701923	25.282583	17.112937	726.588986	0.000000	0.000000	22.303645	2.978938	0.000000	0.000000
-58.600000	766.928784	741.556137	25.372647	17.112939	724.443198	0.000000	0.000000	22.383544	2.989103	0.000000	0.000000
-58.400000	764.874746	739.408740	25.466006	17.112937	722.295803	0.000000	0.000000	22.466732	2.999274	0.000000	0.000000
-58.200000	762.822387	737.259744	25.562643	17.112944	720.146800	0.000000	0.000000	22.553191	3.009451	0.000000	0.000000
-58.000000	760.771809	735.109238	25.662571	17.112941	717.996296	0.000000	0.000000	22.642936	3.019635	0.000000	0.000000
-57.800000	758.723297	732.957533	25.765764	17.112941	715.844592	0.000000	0.000000	22.735942	3.029822	0.000000	0.000000
-57.600000	756.676755	730.804530	25.872224	17.112940	713.691590	0.000000	0.000000	22.832211	3.040014	0.000000	0.000000
-57.400000	754.632355	728.650412	25.981943	17.112939	711.537473	0.000000	0.000000	22.931734	3.050210	0.000000	0.000000
-57.200000	752.590150	726.495241	26.094908	17.112938	709.382303	0.000000	0.000000	23.034499	3.060409	0.000000	0.000000
-57.000000	750.550240	724.339119	26.211120	17.112937	707.226182	0.000000	0.000000	23.140509	3.070611	0.000000	0.000000
-56.800000	748.512869	722.182309	26.330560	17.112937	705.069371	0.000000	0.000000	23.249745	3.080815	0.000000	0.000000
-56.600000	746.477993	720.024773	26.453221	17.112942	702.911830	0.000000	0.000000	23.362201	3.091020	0.000000	0.000000
-56.400000	744.445774	717.866666	26.579109	17.112940	700.753726	0.000000	0.000000	23.477882	3.101227	0.000000	0.000000
-56.200000	742.416220	715.708013	26.708207	17.112939	698.595075	0.000000	0.000000	23.596773	3.111434	0.000000	0.000000
-56.000000	740.389594	713.549097	26.840497	17.112938	696.436159	0.000000	0.000000	23.718856	3.121641	0.000000	0.000000
-55.800000	738.365776	711.389795	26.975981	17.112939	694.276857	0.000000	0.000000	23.844133	3.131848	0.000000	0.000000
-55.600000	736.345126	709.230490	27.114637	17.112941	692.117548	0.000000	0.000000	23.972585	3.142052	0.000000	0.000000
-55.400000	734.327471	707.070996	27.256475	17.112938	689.958058	0.000000	0.000000	24.104219	3.152255	0.000000	0.000000
-55.200000	732.313074	704.911619	27.401455	17.112942	687.798677	0.000000	0.000000	24.238999	3.162456	0.000000	0.000000
-55.000000	730.302000	702.752414	27.549586	17.112939	685.639474	0.000000	0.000000	24.376933	3.172653	0.000000	0.000000
-54.800000	728.294295	700.593439	27.700855	17.112935	683.480504	0.000000	0.000000	24.518009	3.182847	0.000000	0.000000
-54.600000	726.290121	698.434896	27.855226	17.112941	681.321954	0.000000	0.000000	24.662191	3.193035	0.000000	0.000000
-54.400000	724.289493	696.276778	28.012715	17.112938	679.163840	0.000000	0.000000	24.809495	3.203219	0.000000	0.000000
-54.200000	722.292510	694.119224	28.173286	17.112941	677.006284	0.000000	0.000000	24.959888	3.213398	0.000000	0.000000
-54.000000	720.299305	691.962373	28.336932	17.112939	674.849434	0.000000	0.000000	25.113363	3.223570	0.000000	0.000000
-53.800000	718.309892	689.806258	28.503633	17.112938	672.693320	0.000000	0.000000	25.269898	3.233735	0.000000	0.000000
-53.600000	716.324423	687.651057	28.673365	17.112940	670.538117	0.000000	0.000000	25.429473	3.243892	0.000000	0.000000
-53.400000	714.342969	685.496847	28.846122	17.112936	668.383911	0.000000	0.000000	25.592081	3.254041	0.000000	0.000000
-53.200000	712.365561	683.343697	29.021865	17.112942	666.230754	0.000000	0.000000	25.757684	3.264181	0.000000	0.000000
-53.000000	710.392302	681.191709	29.200593	17.112938	664.078771	0.000000	0.000000	25.926282	3.274311	0.000000	0.000000
-52.800000	708.423371	679.041111	29.382260	17.112941	661.928171	0.000000	0.000000	26.097830	3.284430	0.000000	0.000000
-52.600000	706.458706	676.891840	29.566867	17.112939	659.778901	0.000000	0.000000	26.272328	3.294539	0.000000	0.000000
-52.400000	704.498432	674.744067	29.754365	17.112940	657.631128	0.000000	0.000000	26.449729	3.304636	0.000000	0.000000
-52.200000	702.542588	672.597846	29.944742	17.112939	655.484907	0.000000	0.000000	26.630022	3.314720	0.000000	0.000000
-52.000000	700.591286	670.453327	30.137959	17.112941	653.340386	0.000000	0.000000	26.813168	3.324791	0.000000	0.000000
-51.800000	698.644536	668.310543	30.333993	17.112943	651.197599	0.000000	0.000000	26.999145	3.334848	0.000000	0.000000
-51.600000	696.702497	666.169684	30.532814	17.112944	649.056740	0.000000	0.000000	27.187924	3.344890	0.000000	0.000000
-51.400000	694.765115	664.030723	30.734392	17.112940	646.917783	0.000000	0.000000	27.379475	3.354917	0.000000	0.000000
-51.200000	692.832559	661.893885	30.938674	17.112941	644.780944	0.000000	0.000000	27.573746	3.364928	0.000000	0.000000
-51.000000	690.904916	659.759282	31.145634	17.112941	642.646341	0.000000	0.000000	27.770713	3.374921	0.000000	0.000000
-50.800000	688.982100	657.626862	31.355237	17.112940	640.513922	0.000000	0.000000	27.970340	3.384898	0.000000	0.000000
-50.600000	687.064197	655.496755	31.567442	17.112938	638.383817	0.000000	0.000000	28.172587	3.394855	0.000000	0.000000
-50.400000	685.151335	653.369142	31.782193	17.112941	636.256201	0.000000	0.000000	28.377399	3.404794	0.000000	0.000000
-50.200000	683.243465	651.243998	31.999468	17.112939	634.131059	0.000000	0.000000	28.584755	3.414713	0.000000	0.000000
-50.000000	681.340741	649.121541	32.219200	17.112941	632.008601	0.000000	0.000000	28.794589	3.424610	0.000000	0.000000
-49.800000	679.443174	647.001823	32.441350	17.112940	629.888883	0.000000	0.000000	29.006864	3.434487	0.000000	0.000000
-49.600000	677.550724	644.884849	32.665875	17.112939	627.771909	0.000000	0.000000	29.221534	3.444341	0.000000	0.000000
-49.400000	675.663528	642.770817	32.892712	17.112941	625.657876	0.000000	0.000000	29.438540	3.454172	0.000000	0.000000
-49.200000	673.781562	640.659757	33.121805	17.112941	623.546816	0.000000	0.000000	29.657826	3.463979	0.000000	0.000000
-49.000000	671.904898	638.551791	33.353108	17.112940	621.438850	0.000000	0.000000	29.879346	3.473762	0.000000	0.000000
-48.800000	670.033513	636.446959	33.586554	17.112941	619.334018	0.000000	0.000000	30.103035	3.483519	0.000000	0.000000
-48.600000	668.167496	634.345407	33.822089	17.112939	617.232468	0.000000	0.000000	30.328839	3.493250	0.000000	0.000000
-48.400000	666.306821	632.247173	34.059648	17.112938	615.134235	0.000000	0.000000	30.556694	3.502954	0.000000	0.000000
-48.200000	664.451542	630.152395	34.299148	17.112941	613.039454	0.000000	0.000000	30.786518	3.512630	0.000000	0.000000
-48.000000	662.601713	628.061176	34.540537	17.112942	610.948234	0.000000	0.000000	31.018260	3.522277	0.000000	0.000000
-47.800000	660.757240	625.973482	34.783758	17.112940	608.860542	0.000000	0.000000	31.251862	3.531895	0.000000	0.000000
-47.600000	658.918199	623.889479	35.028720	17.112942	606.776537	0.000000	0.000000	31.487236	3.541483	0.000000	0.000000
-47.400000	657.084632	621.809276	35.275357	17.112940	604.696336	0.000000	0.000000	31.724316	3.551040	0.000000	0.000000
-47.200000	655.256464	619.732885	35.523579	17.112941	602.619944	0.000000	0.000000	31.963014	3.560565	0.000000	0.000000
-47.000000	653.433767	617.660432	35.773335	17.112936	600.547497	0.000000	0.000000	32.203277	3.570057	0.000000	0.000000
-46.800000	651.616484	615.591975	36.024509	17.112938	598.479037	0.000000	0.000000	32.444993	3.579516	0.000000	0.000000
-46.600000	649.804674	613.527656	36.277018	17.112942	596.414713	0.000000	0.000000	32.688078	3.588940	0.000000	0.000000
-46.400000	647.998290	611.467467	36.530822	17.112938	594.354530	0.000000	0.000000	32.932493	3.598329	0.000000	0.000000
-46.200000	646.197341	609.411577	36.785763	17.112942	592.298635	0.000000	0.000000	33.178081	3.607682	0.000000	0.000000
-46.000000	644.401807	607.359998	37.041809	17.112942	590.247056	0.000000	0.000000	33.424810	3.616998	0.000000	0.000000
-45.800000	642.611673	605.312835	37.298838	17.112943	588.199892	0.000000	0.000000	33.672561	3.626277	0.000000	0.000000
-45.600000	640.826936	603.270152	37.556783	17.112939	586.157214	0.000000	0.000000	33.921266	3.635517	0.000000	0.000000
-45.400000	639.047567	601.232061	37.815506	17.112940	584.119122	0.000000	0.000000	34.170787	3.644718	0.000000	0.000000
-45.200000	637.273525	599.198603	38.074923	17.112941	582.085661	0.000000	0.000000	34.421044	3.653879	0.000000	0.000000
-45.000000	635.504794	597.169854	38.334941	17.112941	580.056913	0.000000	0.000000	34.671942	3.662998	0.000000	0.000000
-44.800000	633.741381	595.145922	38.595458	17.112937	578.032985	0.000000	0.000000	34.923382	3.672076	0.000000	0.000000
-44.600000	631.983152	593.126832	38.856320	17.112946	576.013885	0.000000	0.000000	35.175209	3.681111	0.000000	0.000000
-44.400000	630.230233	591.112722	39.117511	17.112938	573.999784	0.000000	0.000000	35.427408	3.690103	0.000000	0.000000
-44.200000	628.482381	589.103555	39.378826	17.112942	571.990613	0.000000	0.000000	35.679776	3.699051	0.000000	0.000000
-44.000000	626.739787	587.099577	39.640209	17.112942	569.986635	0.000000	0.000000	35.932256	3.707953	0.000000	0.000000
-43.800000	625.002204	585.100677	39.901527	17.112942	567.987735	0.000000	0.000000	36.184717	3.716809	0.000000	0.000000
-43.600000	623.269773	583.107096	40.162676	17.112940	565.994156	0.000000	0.000000	36.437058	3.725619	0.000000	0.000000
-43.400000	621.542242	581.118720	40.423522	17.112941	564.005779	0.000000	0.000000	36.689141	3.734381	0.000000	0.000000
-43.200000	619.819742	579.135795	40.683947	17.112941	562.022854	0.000000	0.000000	36.940852	3.743094	0.000000	0.000000
-43.000000	618.102088	577.158248	40.943840	17.112940	560.045308	0.000000	0.000000	37.192081	3.751759	0.000000	0.000000
-42.800000	616.389340	575.186272	41.203068	17.112941	558.073331	0.000000	0.000000	37.442695	3.760373	0.000000	0.000000
-42.600000	614.681376	573.219848	41.461528	17.112938	556.106909	0.000000	0.000000	37.692592	3.768936	0.000000	0.000000
-42.400000	612.978123	571.259062	41.719061	17.112939	554.146123	0.000000	0.000000	37.941613	3.777448	0.000000	0.000000
-42.200000	611.279593	569.304037	41.975556	17.112940	552.191097	0.000000	0.000000	38.189649	3.785907	0.000000	0.000000
-42.000000	609.585646	567.354759	42.230887	17.112942	550.241817	0.000000	0.000000	38.436574	3.794313	0.000000	0.000000
-41.800000	607.896263	565.411324	42.484939	17.112939	548.298386	0.000000	0.000000	38.682274	3.802665	0.000000	0.000000
-41.600000	606.211391	563.473841	42.737550	17.112940	546.360900	0.000000	0.000000	38.926589	3.810961	0.000000	0.000000
-41.400000	604.530877	561.542258	42.988618	17.112939	544.429319	0.000000	0.000000	39.169416	3.819202	0.000000	0.000000
-41.200000	602.854785	559.616791	43.237994	17.112940	542.503850	0.000000	0.000000	39.410607	3.827387	0.000000	0.000000
-41.000000	601.182914	557.697367	43.485547	17.112943	540.584424	0.000000	0.000000	39.650033	3.835514	0.000000	0.000000
-40.800000	599.515297	555.784136	43.731161	17.112942	538.671193	0.000000	0.000000	39.887578	3.843583	0.000000	0.000000
-40.600000	597.851861	553.877165	43.974696	17.112940	536.764225	0.000000	0.000000	40.123102	3.851594	0.000000	0.000000
-40.400000	596.192446	551.976443	44.216003	17.112942	534.863502	0.000000	0.000000	40.356459	3.859544	0.000000	0.000000
-40.200000	594.537027	550.082060	44.454967	17.112941	532.969119	0.000000	0.000000	40.587532	3.867435	0.000000	0.000000
-40.000000	592.885585	548.194137	44.691448	17.112942	531.081195	0.000000	0.000000	40.816184	3.875264	0.000000	0.000000
-39.800000	591.237949	546.312633	44.925316	17.112940	529.199692	0.000000	0.000000	41.042285	3.883031	0.000000	0.000000
-39.600000	589.594103	544.437660	45.156443	17.112939	527.324721	0.000000	0.000000	41.265707	3.890736	0.000000	0.000000
-39.400000	587.953985	542.569319	45.384666	17.112943	525.456376	0.000000	0.000000	41.486289	3.898377	0.000000	0.000000
-39.200000	586.317481	540.707585	45.609896	17.112942	523.594644	0.000000	0.000000	41.703941	3.905954	0.000000	0.000000
-39.000000	584.684555	538.852576	45.831979	17.112943	521.739633	0.000000	0.000000	41.918512	3.913467	0.000000	0.000000
-38.800000	583.055127	537.004328	46.050799	17.112941	519.891386	0.000000	0.000000	42.129886	3.920913	0.000000	0.000000
-38.600000	581.429090	535.162874	46.266216	17.112942	518.049932	0.000000	0.000000	42.337922	3.928294	0.000000	0.000000
-38.400000	579.806400	533.328306	46.478094	17.112944	516.215361	0.000000	0.000000	42.542487	3.935607	0.000000	0.000000
-38.200000	578.187025	531.500676	46.686349	17.112941	514.387735	0.000000	0.000000	42.743496	3.942853	0.000000	0.000000
-38.000000	576.569661	529.679974	46.889687	17.112942	512.567032	0.000000	0.000000	42.939656	3.950031	0.000000	0.000000
-37.800000	574.956615	527.866359	47.090256	17.112939	510.753420	0.000000	0.000000	43.133117	3.957139	0.000000	0.000000
-37.600000	573.346589	526.059819	47.286770	17.112943	508.946876	0.000000	0.000000	43.322593	3.964177	0.000000	0.000000
-37.400000	571.739579	524.260398	47.479181	17.112940	507.147458	0.000000	0.000000	43.508035	3.971146	0.000000	0.000000
-37.200000	570.135508	522.468192	47.667316	17.112942	505.355250	0.000000	0.000000	43.689273	3.978043	0.000000	0.000000
-37.000000	568.534365	520.683278	47.851086	17.112942	503.570337	0.000000	0.000000	43.866218	3.984868	0.000000	0.000000
-36.800000	566.935966	518.905584	48.030383	17.112940	501.792644	0.000000	0.000000	44.038762	3.991621	0.000000	0.000000
-36.600000	565.340339	517.135243	48.205096	17.112937	500.022305	0.000000	0.000000	44.206795	3.998301	0.000000	0.000000
-36.400000	563.747406	515.372342	48.375064	17.112943	498.259399	0.000000	0.000000	44.370157	4.004907	0.000000	0.000000
-36.200000	562.157118	513.616849	48.540269	17.112942	496.503907	0.000000	0.000000	44.528830	4.011439	0.000000	0.000000
-36.000000	560.569443	511.868876	48.700567	17.112942	494.755934	0.000000	0.000000	44.682670	4.017897	0.000000	0.000000
-35.800000	558.984297	510.128423	48.855874	17.112940	493.015484	0.000000	0.000000	44.831595	4.024279	0.000000	0.000000
-35.600000	557.401681	508.395596	49.006085	17.112939	491.282657	0.000000	0.000000	44.975500	4.030585	0.000000	0.000000
-35.400000	555.821490	506.670398	49.151092	17.112941	489.557457	0.000000	0.000000	45.114278	4.036814	0.000000	0.000000
-35.200000	554.243729	504.952879	49.290851	17.112939	487.839939	0.000000	0.000000	45.247884	4.042966	0.000000	0.000000
-35.000000	552.668331	503.243089	49.425242	17.112941	486.130148	0.000000	0.000000	45.376202	4.049040	0.000000	0.000000
-34.800000	551.095276	501.541085	49.554191	17.112943	484.428142	0.000000	0.000000	45.499155	4.055036	0.000000	0.000000
-34.600000	549.524592	499.846938	49.677653	17.112941	482.733998	0.000000	0.000000	45.616700	4.060954	0.000000	0.000000
-34.400000	547.956131	498.160626	49.795505	17.112944	481.047681	0.000000	0.000000	45.728713	4.066792	0.000000	0.000000
-34.200000	546.389980	496.482220	49.907760	17.112939	479.369281	0.000000	0.000000	45.835210	4.072551	0.000000	0.000000
-34.000000	544.826028	494.811776	50.014252	17.112941	477.698835	0.000000	0.000000	45.936024	4.078228	0.000000	0.000000
-33.800000	543.264349	493.149360	50.114989	17.112942	476.036418	0.000000	0.000000	46.031163	4.083825	0.000000	0.000000
-33.600000	541.704850	491.494925	50.209925	17.112939	474.381986	0.000000	0.000000	46.120583	4.089342	0.000000	0.000000
-33.400000	540.147592	489.848645	50.298946	17.112942	472.735704	0.000000	0.000000	46.204171	4.094776	0.000000	0.000000
-33.200000	538.592554	488.210465	50.382089	17.112938	471.097527	0.000000	0.000000	46.281960	4.100128	0.000000	0.000000
-33.000000	537.039716	486.580483	50.459232	17.112940	469.467543	0.000000	0.000000	46.353835	4.105397	0.000000	0.000000
-32.800000	535.489125	484.958718	50.530407	17.112939	467.845779	0.000000	0.000000	46.419823	4.110584	0.000000	0.000000
-32.600000	533.940750	483.345218	50.595531	17.112942	466.232276	0.000000	0.000000	46.479845	4.115686	0.000000	0.000000
-32.400000	532.394604	481.739981	50.654623	17.112940	464.627041	0.000000	0.000000	46.533917	4.120705	0.000000	0.000000
-32.200000	530.850754	480.143123	50.707631	17.112941	463.030183	0.000000	0.000000	46.581991	4.125640	0.000000	0.000000
-32.000000	529.309107	478.554572	50.754536	17.112942	461.441630	0.000000	0.000000	46.624045	4.130490	0.000000	0.000000
-31.800000	527.769816	476.974486	50.795331	17.112945	459.861541	0.000000	0.000000	46.660076	4.135255	0.000000	0.000000
-31.600000	526.232885	475.402830	50.830054	17.112941	458.289890	0.000000	0.000000	46.690120	4.139935	0.000000	0.000000
-31.400000	524.698319	473.839669	50.858650	17.112940	456.726730	0.000000	0.000000	46.714121	4.144529	0.000000	0.000000
-31.200000	523.166179	472.285046	50.881133	17.112940	455.172107	0.000000	0.000000	46.732096	4.149037	0.000000	0.000000
-31.000000	521.636499	470.739003	50.897496	17.112943	453.626060	0.000000	0.000000	46.744038	4.153458	0.000000	0.000000
-30.800000	520.109341	469.201528	50.907813	17.112938	452.088590	0.000000	0.000000	46.750020	4.157793	0.000000	0.000000
-30.600000	518.584746	467.672725	50.912021	17.112942	450.559784	0.000000	0.000000	46.749980	4.162040	0.000000	0.000000
-30.400000	517.062793	466.152605	50.910187	17.112943	449.039662	0.000000	0.000000	46.743987	4.166201	0.000000	0.000000
-30.200000	515.543494	464.641130	50.902364	17.112940	447.528190	0.000000	0.000000	46.732090	4.170274	0.000000	0.000000
-30.000000	514.027011	463.138473	50.888537	17.112940	446.025534	0.000000	0.000000	46.714278	4.174259	0.000000	0.000000
-29.800000	512.513345	461.644584	50.868760	17.112940	444.531644	0.000000	0.000000	46.690604	4.178156	0.000000	0.000000
-29.600000	511.002572	460.159494	50.843078	17.112940	443.046554	0.000000	0.000000	46.661113	4.181965	0.000000	0.000000
-29.400000	509.494827	458.683293	50.811533	17.112941	441.570352	0.000000	0.000000	46.625848	4.185685	0.000000	0.000000
-29.200000	507.990115	457.215917	50.774198	17.112938	440.102979	0.000000	0.000000	46.584882	4.189317	0.000000	0.000000
-29.000000	506.488600	455.757515	50.731085	17.112940	438.644575	0.000000	0.000000	46.538226	4.192859	0.000000	0.000000
-28.800000	504.990361	454.308077	50.682284	17.112942	437.195134	0.000000	0.000000	46.485973	4.196312	0.000000	0.000000
-28.600000	503.495451	452.867584	50.627867	17.112942	435.754643	0.000000	0.000000	46.428191	4.199676	0.000000	0.000000
-28.400000	502.003998	451.436096	50.567903	17.112939	434.323157	0.000000	0.000000	46.364952	4.202951	0.000000	0.000000
-28.200000	500.516125	450.013699	50.502426	17.112942	432.900757	0.000000	0.000000	46.296291	4.206135	0.000000	0.000000
-28.000000	499.031922	448.600362	50.431560	17.112941	431.487421	0.000000	0.000000	46.222329	4.209231	0.000000	0.000000
-27.800000	497.551495	447.196136	50.355359	17.112941	430.083194	0.000000	0.000000	46.143123	4.212236	0.000000	0.000000
-27.600000	496.074953	445.801029	50.273924	17.112939	428.688090	0.000000	0.000000	46.058772	4.215151	0.000000	0.000000
-27.400000	494.602436	444.415121	50.187315	17.112942	427.302179	0.000000	0.000000	45.969339	4.217976	0.000000	0.000000
-27.200000	493.134089	443.038425	50.095664	17.112942	425.925483	0.000000	0.000000	45.874953	4.220711	0.000000	0.000000
-27.000000	491.670000	441.670942	49.999058	17.112938	424.558004	0.000000	0.000000	45.775702	4.223356	0.000000	0.000000
-26.800000	490.210279	440.312730	49.897549	17.112942	423.199788	0.000000	0.000000	45.671640	4.225910	0.000000	0.000000
-26.600000	488.755100	438.963809	49.791290	17.112942	421.850867	0.000000	0.000000	45.562917	4.228373	0.000000	0.000000
-26.400000	487.304620	437.624233	49.680387	17.112941	420.511292	0.000000	0.000000	45.449641	4.230746	0.000000	0.000000
-26.200000	485.858865	436.293960	49.564906	17.112942	419.181018	0.000000	0.000000	45.331877	4.233029	0.000000	0.000000
-26.000000	484.418096	434.973112	49.444985	17.112945	417.860166	0.000000	0.000000	45.209764	4.235221	0.000000	0.000000
-25.800000	482.982380	433.661630	49.320750	17.112942	416.548688	0.000000	0.000000	45.083427	4.237322	0.000000	0.000000
-25.600000	481.551859	432.359578	49.192281	17.112943	415.246634	0.000000	0.000000	44.952948	4.239333	0.000000	0.000000
-25.400000	480.126725	431.066992	49.059734	17.112941	413.954050	0.000000	0.000000	44.818480	4.241254	0.000000	0.000000
-25.200000	478.707118	429.783917	48.923202	17.112942	412.670975	0.000000	0.000000	44.680118	4.243083	0.000000	0.000000
-25.000000	477.293120	428.510313	48.782808	17.112940	411.397373	0.000000	0.000000	44.537985	4.244823	0.000000	0.000000
-24.800000	475.884949	427.246281	48.638668	17.112942	410.133339	0.000000	0.000000	44.392197	4.246471	0.000000	0.000000
-24.600000	474.482706	425.991772	48.490935	17.112940	408.878832	0.000000	0.000000	44.242905	4.248029	0.000000	0.000000
-24.400000	473.086596	424.746893	48.339702	17.112942	407.633951	0.000000	0.000000	44.090206	4.249497	0.000000	0.000000
-24.200000	471.696742	423.511624	48.185118	17.112942	406.398681	0.000000	0.000000	43.934244	4.250874	0.000000	0.000000
-24.000000	470.313281	422.285975	48.027307	17.112941	405.173033	0.000000	0.000000	43.775146	4.252161	0.000000	0.000000
-23.800000	468.936371	421.069981	47.866390	17.112941	403.957041	0.000000	0.000000	43.613032	4.253358	0.000000	0.000000
-23.600000	467.566209	419.863715	47.702493	17.112944	402.750772	0.000000	0.000000	43.448029	4.254464	0.000000	0.000000
-23.400000	466.202903	418.667147	47.535756	17.112945	401.554202	0.000000	0.000000	43.280275	4.255481	0.000000	0.000000
-23.200000	464.846607	417.480277	47.366330	17.112941	400.367336	0.000000	0.000000	43.109922	4.256408	0.000000	0.000000
-23.000000	463.497501	416.303186	47.194315	17.112939	399.190247	0.000000	0.000000	42.937070	4.257245	0.000000	0.000000
-22.800000	462.155726	415.135895	47.019831	17.112941	398.022954	0.000000	0.000000	42.761839	4.257992	0.000000	0.000000
-22.600000	460.821428	413.978392	46.843036	17.112941	396.865451	0.000000	0.000000	42.584386	4.258649	0.000000	0.000000
-22.400000	459.494782	412.830739	46.664043	17.112943	395.717796	0.000000	0.000000	42.404826	4.259217	0.000000	0.000000
-22.200000	458.175897	411.692888	46.483009	17.112939	394.579949	0.000000	0.000000	42.223312	4.259697	0.000000	0.000000
-22.000000	456.864970	410.564936	46.300034	17.112937	393.451999	0.000000	0.000000	42.039947	4.260087	0.000000	0.000000
-21.800000	455.562119	409.446882	46.115237	17.112940	392.333941	0.000000	0.000000	41.854850	4.260388	0.000000	0.000000
-21.600000	454.267520	408.338747	45.928773	17.112942	391.225805	0.000000	0.000000	41.668173	4.260600	0.000000	0.000000
-21.400000	452.981307	407.240555	45.740752	17.112944	390.127611	0.000000	0.000000	41.480029	4.260723	0.000000	0.000000
-21.200000	451.703588	406.152276	45.551313	17.112942	389.039333	0.000000	0.000000	41.290554	4.260758	0.000000	0.000000
-21.000000	450.434581	405.074005	45.360576	17.112942	387.961063	0.000000	0.000000	41.099870	4.260706	0.000000	0.000000
-20.800000	449.174372	404.005706	45.168666	17.112937	386.892769	0.000000	0.000000	40.908101	4.260565	0.000000	0.000000
-20.600000	447.923117	402.947448	44.975669	17.112941	385.834507	0.000000	0.000000	40.715333	4.260336	0.000000	0.000000
-20.400000	446.680957	401.899217	44.781740	17.112941	384.786276	0.000000	0.000000	40.521721	4.260020	0.000000	0.000000
-20.200000	445.448035	400.861042	44.586993	17.112941	383.748101	0.000000	0.000000	40.327377	4.259616	0.000000	0.000000
-20.000000	444.224466	399.832932	44.391534	17.112939	382.719992	0.000000	0.000000	40.132409	4.259125	0.000000	0.000000
-19.800000	443.010408	398.814948	44.195460	17.112945	381.702003	0.000000	0.000000	39.936913	4.258547	0.000000	0.000000
-19.600000	441.805991	397.807063	43.998928	17.112943	380.694120	0.000000	0.000000	39.741045	4.257883	0.000000	0.000000
-19.400000	440.611291	396.809284	43.802007	17.112942	379.696342	0.000000	0.000000	39.544874	4.257133	0.000000	0.000000
-19.200000	439.426480	395.821678	43.604802	17.112946	378.708732	0.000000	0.000000	39.348507	4.256296	0.000000	0.000000
-19.000000	438.251669	394.844211	43.407458	17.112940	377.731270	0.000000	0.000000	39.152085	4.255373	0.000000	0.000000
-18.800000	437.086974	393.876948	43.210026	17.112941	376.764007	0.000000	0.000000	38.955661	4.254365	0.000000	0.000000
-18.600000	435.932523	392.919901	43.012622	17.112944	375.806957	0.000000	0.000000	38.759351	4.253271	0.000000	0.000000
-18.400000	434.788408	391.973040	42.815369	17.112939	374.860100	0.000000	0.000000	38.563276	4.252093	0.000000	0.000000
-18.200000	433.654765	391.036459	42.618306	17.112944	373.923515	0.000000	0.000000	38.367477	4.250829	0.000000	0.000000
-18.000000	432.531663	390.110096	42.421567	17.112944	372.997152	0.000000	0.000000	38.172085	4.249481	0.000000	0.000000
-17.800000	431.419236	389.194005	42.225230	17.112942	372.081063	0.000000	0.000000	37.977181	4.248049	0.000000	0.000000
-17.600000	430.317586	388.288211	42.029376	17.112941	371.175270	0.000000	0.000000	37.782843	4.246533	0.000000	0.000000
-17.400000	429.226798	387.392719	41.834079	17.112941	370.279778	0.000000	0.000000	37.589146	4.244933	0.000000	0.000000
-17.200000	428.146952	386.507534	41.639418	17.112942	369.394592	0.000000	0.000000	37.396168	4.243250	0.000000	0.000000
-17.000000	427.078152	385.632678	41.445474	17.112943	368.519735	0.000000	0.000000	37.203990	4.241484	0.000000	0.000000
-16.800000	426.020512	384.768189	41.252323	17.112944	367.655245	0.000000	0.000000	37.012688	4.239635	0.000000	0.000000
-16.600000	424.974086	383.914044	41.060043	17.112940	366.801104	0.000000	0.000000	36.822338	4.237704	0.000000	0.000000
-16.400000	423.938949	383.070278	40.868671	17.112940	365.957339	0.000000	0.000000	36.632980	4.235691	0.000000	0.000000
-16.200000	422.915201	382.236920	40.678281	17.112942	365.123979	0.000000	0.000000	36.444685	4.233596	0.000000	0.000000
-16.000000	421.902902	381.413963	40.488939	17.112943	364.301020	0.000000	0.000000	36.257520	4.231419	0.000000	0.000000
-15.800000	420.902133	380.601417	40.300717	17.112938	363.488479	0.000000	0.000000	36.071554	4.229162	0.000000	0.000000
-15.600000	419.912943	379.799318	40.113625	17.112941	362.686377	0.000000	0.000000	35.886802	4.226824	0.000000	0.000000
-15.400000	418.935404	379.007666	39.927739	17.112945	361.894721	0.000000	0.000000	35.703334	4.224405	0.000000	0.000000
-15.200000	417.969598	378.226476	39.743122	17.112942	361.113534	0.000000	0.000000	35.521216	4.221906	0.000000	0.000000
-15.000000	417.015550	377.455759	39.559791	17.112942	360.342816	0.000000	0.000000	35.340463	4.219328	0.000000	0.000000
-14.800000	416.073323	376.695522	39.377801	17.112940	359.582581	0.000000	0.000000	35.161131	4.216670	0.000000	0.000000
-14.600000	415.142980	375.945801	39.197179	17.112941	358.832860	0.000000	0.000000	34.983246	4.213933	0.000000	0.000000
-14.400000	414.224544	375.206576	39.017968	17.112939	358.093637	0.000000	0.000000	34.806850	4.211118	0.000000	0.000000
-14.200000	413.318093	374.477896	38.840197	17.112938	357.364957	0.000000	0.000000	34.631974	4.208224	0.000000	0.000000
-14.000000	412.423634	373.759749	38.663885	17.112940	356.646809	0.000000	0.000000	34.458634	4.205252	0.000000	0.000000
-13.800000	411.541217	373.052163	38.489054	17.112945	355.939217	0.000000	0.000000	34.286852	4.202202	0.000000	0.000000
-13.600000	410.670882	372.355118	38.315764	17.112940	355.242178	0.000000	0.000000	34.116689	4.199075	0.000000	0.000000
-13.400000	409.812653	371.668662	38.143991	17.112942	354.555720	0.000000	0.000000	33.948120	4.195871	0.000000	0.000000
-13.200000	408.966567	370.992792	37.973774	17.112942	353.879851	0.000000	0.000000	33.781183	4.192591	0.000000	0.000000
-13.000000	408.132637	370.327513	37.805124	17.112940	353.214573	0.000000	0.000000	33.615890	4.189235	0.000000	0.000000
-12.800000	407.310887	369.672841	37.638046	17.112939	352.559902	0.000000	0.000000	33.452243	4.185803	0.000000	0.000000
-12.600000	406.501344	369.028801	37.472544	17.112941	351.915859	0.000000	0.000000	33.290249	4.182295	0.000000	0.000000
-12.400000	405.704016	368.395378	37.308638	17.112940	351.282438	0.000000	0.000000	33.129926	4.178712	0.000000	0.000000
-12.200000	404.918916	367.772606	37.146309	17.112944	350.659662	0.000000	0.000000	32.971255	4.175054	0.000000	0.000000
-12.000000	404.146062	367.160476	36.985586	17.112943	350.047532	0.000000	0.000000	32.814263	4.171323	0.000000	0.000000
-11.800000	403.385463	366.559002	36.826460	17.112939	349.446063	0.000000	0.000000	32.658942	4.167518	0.000000	0.000000
-11.600000	402.637106	365.968200	36.668906	17.112940	348.855260	0.000000	0.000000	32.505268	4.163639	0.000000	0.000000
-11.400000	401.901021	365.388084	36.512937	17.112940	348.275145	0.000000	0.000000	32.353250	4.159686	0.000000	0.000000
-11.200000	401.177191	364.818653	36.358538	17.112939	347.705714	0.000000	0.000000	32.202876	4.155662	0.000000	0.000000
-11.000000	400.465620	364.259934	36.205687	17.112943	347.146991	0.000000	0.000000	32.054123	4.151564	0.000000	0.000000
-10.800000	399.766299	363.711907	36.054392	17.112942	346.598965	0.000000	0.000000	31.906997	4.147395	0.000000	0.000000
-10.600000	399.079228	363.174600	35.904628	17.112941	346.061658	0.000000	0.000000	31.761474	4.143154	0.000000	0.000000
-10.400000	398.404398	362.648020	35.756378	17.112941	345.535079	0.000000	0.000000	31.617536	4.138842	0.000000	0.000000
-10.200000	397.741798	362.132181	35.609617	17.112943	345.019238	0.000000	0.000000	31.475158	4.134459	0.000000	0.000000
-10.000000	397.091409	361.627078	35.464331	17.112945	344.514133	0.000000	0.000000	31.334325	4.130006	0.000000	0.000000
-9.800000	396.453225	361.132716	35.320509	17.112941	344.019775	0.000000	0.000000	31.195025	4.125483	0.000000	0.000000
-9.600000	395.827236	360.649121	35.178115	17.112938	343.536183	0.000000	0.000000	31.057224	4.120891	0.000000	0.000000
-9.400000	395.213407	360.176302	35.037104	17.112943	343.063359	0.000000	0.000000	30.920876	4.116229	0.000000	0.000000
-9.200000	394.611730	359.714244	34.897485	17.112942	342.601302	0.000000	0.000000	30.785987	4.111498	0.000000	0.000000
-9.000000	394.022182	359.262967	34.759215	17.112940	342.150027	0.000000	0.000000	30.652515	4.106700	0.000000	0.000000
-8.800000	393.444740	358.822483	34.622257	17.112940	341.709543	0.000000	0.000000	30.520424	4.101833	0.000000	0.000000
-8.600000	392.879380	358.392797	34.486583	17.112943	341.279854	0.000000	0.000000	30.389685	4.096898	0.000000	0.000000
-8.400000	392.326085	357.973914	34.352171	17.112943	340.860971	0.000000	0.000000	30.260274	4.091897	0.000000	0.000000
-8.200000	391.784817	357.565831	34.218986	17.112941	340.452890	0.000000	0.000000	30.132157	4.086829	0.000000	0.000000
-8.000000	391.255558	357.168574	34.086984	17.112943	340.055630	0.000000	0.000000	30.005290	4.081694	0.000000	0.000000
-7.800000	390.738281	356.782135	33.956146	17.112941	339.669194	0.000000	0.000000	29.879653	4.076494	0.000000	0.000000
-7.600000	390.232950	356.406528	33.826422	17.112942	339.293586	0.000000	0.000000	29.755194	4.071228	0.000000	0.000000
-7.400000	389.739537	356.041752	33.697785	17.112942	338.928810	0.000000	0.000000	29.631887	4.065897	0.000000	0.000000
-7.200000	389.258009	355.687813	33.570197	17.112941	338.574872	0.000000	0.000000	29.509695	4.060502	0.000000	0.000000
-7.000000	388.788345	355.344732	33.443613	17.112944	338.231788	0.000000	0.000000	29.388571	4.055042	0.000000	0.000000
-6.800000	388.330506	355.012491	33.318015	17.112941	337.899550	0.000000	0.000000	29.268496	4.049519	0.000000	0.000000
-6.600000	387.884456	354.691106	33.193350	17.112939	337.578167	0.000000	0.000000	29.149417	4.043932	0.000000	0.000000
-6.400000	387.450166	354.380589	33.069577	17.112941	337.267649	0.000000	0.000000	29.031294	4.038283	0.000000	0.000000
-6.200000	387.027604	354.080940	32.946664	17.112942	336.967999	0.000000	0.000000	28.914093	4.032571	0.000000	0.000000
-6.000000	386.616738	353.792162	32.824576	17.112942	336.679220	0.000000	0.000000	28.797779	4.026797	0.000000	0.000000
-5.800000	386.217529	353.514263	32.703266	17.112944	336.401319	0.000000	0.000000	28.682305	4.020961	0.000000	0.000000
-5.600000	385.829946	353.247235	32.582712	17.112941	336.134293	0.000000	0.000000	28.567647	4.015065	0.000000	0.000000
-5.400000	385.453958	352.991097	32.462860	17.112940	335.878158	0.000000	0.000000	28.453753	4.009107	0.000000	0.000000
-5.200000	385.089530	352.745854	32.343677	17.112939	335.632915	0.000000	0.000000	28.340587	4.003090	0.000000	0.000000
-5.000000	384.736616	352.511502	32.225114	17.112943	335.398560	0.000000	0.000000	28.228102	3.997012	0.000000	0.000000
-4.800000	384.395203	352.288044	32.107159	17.112939	335.175105	0.000000	0.000000	28.116284	3.990875	0.000000	0.000000
-4.600000	384.065242	352.075494	31.989748	17.112942	334.962552	0.000000	0.000000	28.005068	3.984679	0.000000	0.000000
-4.400000	383.746704	351.873844	31.872860	17.112941	334.760902	0.000000	0.000000	27.894435	3.978425	0.000000	0.000000
-4.200000	383.439554	351.683102	31.756452	17.112943	334.570158	0.000000	0.000000	27.784340	3.972112	0.000000	0.000000
-4.000000	383.143766	351.503265	31.640500	17.112940	334.390325	0.000000	0.000000	27.674757	3.965743	0.000000	0.000000
-3.800000	382.859300	351.334352	31.524948	17.112942	334.221410	0.000000	0.000000	27.565633	3.959316	0.000000	0.000000
-3.600000	382.586128	351.176350	31.409777	17.112942	334.063408	0.000000	0.000000	27.456946	3.952832	0.000000	0.000000
-3.400000	382.324217	351.029270	31.294948	17.112943	333.916327	0.000000	0.000000	27.348656	3.946292	0.000000	0.000000
-3.200000	382.073543	350.893110	31.180433	17.112941	333.780169	0.000000	0.000000	27.240736	3.939697	0.000000	0.000000
-3.000000	381.834066	350.767874	31.066193	17.112939	333.654934	0.000000	0.000000	27.133147	3.933046	0.000000	0.000000
-2.800000	381.605757	350.653565	30.952191	17.112941	333.540624	0.000000	0.000000	27.025851	3.926340	0.000000	0.000000
-2.600000	381.388594	350.550183	30.838412	17.112940	333.437243	0.000000	0.000000	26.918832	3.919580	0.000000	0.000000
-2.400000	381.182542	350.457739	30.724803	17.112944	333.344795	0.000000	0.000000	26.812037	3.912766	0.000000	0.000000
-2.200000	380.987583	350.376217	30.611367	17.112941	333.263276	0.000000	0.000000	26.705468	3.905899	0.000000	0.000000
-2.000000	380.803679	350.305635	30.498044	17.112943	333.192692	0.000000	0.000000	26.599066	3.898978	0.000000	0.000000
-1.800000	380.630815	350.245977	30.384839	17.112937	333.133040	0.000000	0.000000	26.492833	3.892006	0.000000	0.000000
-1.600000	380.468955	350.197266	30.271689	17.112940	333.084326	0.000000	0.000000	26.386708	3.884981	0.000000	0.000000
-1.400000	380.318081	350.159493	30.158588	17.112944	333.046549	0.000000	0.000000	26.280683	3.877905	0.000000	0.000000
-1.200000	380.178177	350.132650	30.045528	17.112938	333.019712	0.000000	0.000000	26.174750	3.870778	0.000000	0.000000
-1.000000	380.049201	350.116754	29.932447	17.112945	333.003809	0.000000	0.000000	26.068847	3.863599	0.000000	0.000000
-0.800000	379.931155	350.111789	29.819366	17.112941	332.998848	0.000000	0.000000	25.962994	3.856372	0.000000	0.000000
-0.600000	379.824003	350.117770	29.706233	17.112944	333.004826	0.000000	0.000000	25.857138	3.849095	0.000000	0.000000
-0.400000	379.727732	350.134684	29.593048	17.112942	333.021742	0.000000	0.000000	25.751280	3.841768	0.000000	0.000000
-0.200000	379.642322	350.162539	29.479782	17.112942	333.049597	0.000000	0.000000	25.645389	3.834393	0.000000	0.000000
0.000000	379.567757	350.201337	29.366420	17.112942	333.088395	0.000000	0.000000	25.539450	3.826970	0.000000	0.000000
0.200000	379.504017	350.251076	29.252941	17.112945	333.138132	0.000000	0.000000	25.433441	3.819499	0.000000	0.000000
0.400000	379.451093	350.311745	29.139348	17.112940	333.198806	0.000000	0.000000	25.327366	3.811982	0.000000	0.000000
0.600000	379.408962	350.383364	29.025599	17.112944	333.270419	0.000000	0.000000	25.221181	3.804417	0.000000	0.000000
0.800000	379.377620	350.465908	28.911712	17.112941	333.352967	0.000000	0.000000	25.114905	3.796807	0.000000	0.000000
1.000000	379.357047	350.559398	28.797649	17.112944	333.446454	0.000000	0.000000	25.008498	3.789151	0.000000	0.000000
1.200000	379.347239	350.663816	28.683423	17.112941	333.550875	0.000000	0.000000	24.901973	3.781450	0.000000	0.000000
1.400000	379.348180	350.779170	28.569010	17.112940	333.666230	0.000000	0.000000	24.795306	3.773704	0.000000	0.000000
1.600000	379.359863	350.905460	28.454403	17.112941	333.792519	0.000000	0.000000	24.688488	3.765915	0.000000	0.000000
1.800000	379.382280	351.042679	28.339601	17.112940	333.929739	0.000000	0.000000	24.581519	3.758082	0.000000	0.000000
2.000000	379.415420	351.190831	28.224589	17.112944	334.077887	0.000000	0.000000	24.474384	3.750205	0.000000	0.000000
2.200000	379.459283	351.349905	28.109379	17.112942	334.236963	0.000000	0.000000	24.367092	3.742286	0.000000	0.000000
2.400000	379.513861	351.519904	27.993957	17.112941	334.406963	0.000000	0.000000	24.259632	3.734326	0.000000	0.000000
2.600000	379.579149	351.700831	27.878318	17.112941	334.587890	0.000000	0.000000	24.151995	3.726323	0.000000	0.000000
2.800000	379.655142	351.892675	27.762467	17.112942	334.779734	0.000000	0.000000	24.044187	3.718280	0.000000	0.000000
3.000000	379.741841	352.095434	27.646407	17.112939	334.982495	0.000000	0.000000	23.936210	3.710197	0.000000	0.000000
3.200000	379.839242	352.309116	27.530126	17.112942	335.196174	0.000000	0.000000	23.828053	3.702073	0.000000	0.000000
3.400000	379.947343	352.533709	27.413634	17.112945	335.420764	0.000000	0.000000	23.719724	3.693910	0.000000	0.000000
3.600000	380.066148	352.769208	27.296940	17.112944	335.656264	0.000000	0.000000	23.611232	3.685708	0.000000	0.000000
3.800000	380.195656	353.015615	27.180041	17.112944	335.902671	0.000000	0.000000	23.502573	3.677468	0.000000	0.000000
4.000000	380.335870	353.272919	27.062951	17.112941	336.159978	0.000000	0.000000	23.393761	3.669190	0.000000	0.000000
4.200000	380.486790	353.541128	26.945662	17.112941	336.428187	0.000000	0.000000	23.284787	3.660874	0.000000	0.000000
4.400000	380.648416	353.820228	26.828188	17.112941	336.707287	0.000000	0.000000	23.175666	3.652522	0.000000	0.000000
4.600000	380.820759	354.110222	26.710537	17.112942	336.997280	0.000000	0.000000	23.066403	3.644134	0.000000	0.000000
4.800000	381.003824	354.411110	26.592714	17.112943	337.298167	0.000000	0.000000	22.957005	3.635710	0.000000	0.000000
5.000000	381.197611	354.722869	26.474742	17.112940	337.609930	0.000000	0.000000	22.847491	3.627251	0.000000	0.000000
5.200000	381.402127	355.045514	26.356612	17.112940	337.932574	0.000000	0.000000	22.737855	3.618757	0.000000	0.000000
5.400000	381.617380	355.379034	26.238346	17.112940	338.266094	0.000000	0.000000	22.628117	3.610229	0.000000	0.000000
5.600000	381.843371	355.723420	26.119951	17.112944	338.610475	0.000000	0.000000	22.518283	3.601668	0.000000	0.000000
5.800000	382.080120	356.078674	26.001446	17.112944	338.965730	0.000000	0.000000	22.408372	3.593074	0.000000	0.000000
6.000000	382.327628	356.444781	25.882847	17.112941	339.331840	0.000000	0.000000	22.298400	3.584447	0.000000	0.000000
6.200000	382.585901	356.821744	25.764157	17.112941	339.708803	0.000000	0.000000	22.188369	3.575788	0.000000	0.000000
6.400000	382.854952	357.209557	25.645395	17.112941	340.096616	0.000000	0.000000	22.078297	3.567098	0.000000	0.000000
6.600000	383.134787	357.608210	25.526577	17.112941	340.495269	0.000000	0.000000	21.968200	3.558377	0.000000	0.000000
6.800000	383.425419	358.017707	25.407712	17.112944	340.904763	0.000000	0.000000	21.858086	3.549626	0.000000	0.000000
7.000000	383.726860	358.438027	25.288833	17.112940	341.325086	0.000000	0.000000	21.747988	3.540845	0.000000	0.000000
7.200000	384.039114	358.869178	25.169936	17.112944	341.756234	0.000000	0.000000	21.637901	3.532035	0.000000	0.000000
7.400000	384.362193	359.311139	25.051054	17.112944	342.198195	0.000000	0.000000	21.527858	3.523196	0.000000	0.000000
7.600000	384.696115	359.763916	24.932199	17.112940	342.650976	0.000000	0.000000	21.417870	3.514329	0.000000	0.000000
7.800000	385.040884	360.227499	24.813385	17.112940	343.114559	0.000000	0.000000	21.307950	3.505435	0.000000	0.000000
8.000000	385.396518	360.701887	24.694631	17.112941	343.588946	0.000000	0.000000	21.198118	3.496513	0.000000	0.000000
8.200000	385.763020	361.187059	24.575961	17.112942	344.074117	0.000000	0.000000	21.088395	3.487565	0.000000	0.000000
8.400000	386.140407	361.683021	24.457386	17.112943	344.570077	0.000000	0.000000	20.978795	3.478591	0.000000	0.000000
8.600000	386.528682	362.189751	24.338932	17.112945	345.076805	0.000000	0.000000	20.869339	3.469592	0.000000	0.000000
8.800000	386.927876	362.707256	24.220620	17.112941	345.594315	0.000000	0.000000	20.760052	3.460568	0.000000	0.000000
9.000000	387.337982	363.235520	24.102462	17.112940	346.122579	0.000000	0.000000	20.650943	3.451520	0.000000	0.000000
9.200000	387.759017	363.774541	23.984476	17.112945	346.661596	0.000000	0.000000	20.542029	3.442447	0.000000	0.000000
9.400000	388.190995	364.324302	23.866693	17.112943	347.211360	0.000000	0.000000	20.433341	3.433352	0.000000	0.000000
9.600000	388.633926	364.884801	23.749125	17.112942	347.771859	0.000000	0.000000	20.324891	3.424234	0.000000	0.000000
9.800000	389.087825	365.456035	23.631790	17.112942	348.343093	0.000000	0.000000	20.216697	3.415094	0.000000	0.000000
10.000000	389.552690	366.037978	23.514713	17.112944	348.925033	0.000000	0.000000	20.108781	3.405932	0.000000	0.000000
10.200000	390.028554	366.630638	23.397916	17.112940	349.517697	0.000000	0.000000	20.001167	3.396749	0.000000	0.000000
10.400000	390.515404	367.233995	23.281408	17.112942	350.121053	0.000000	0.000000	19.893862	3.387546	0.000000	0.000000
10.600000	391.013272	367.848049	23.165222	17.112938	350.735111	0.000000	0.000000	19.786899	3.378323	0.000000	0.000000
10.800000	391.522150	368.472783	23.049368	17.112941	351.359842	0.000000	0.000000	19.680287	3.369080	0.000000	0.000000
11.000000	392.042065	369.108196	22.933869	17.112941	351.995255	0.000000	0.000000	19.574050	3.359819	0.000000	0.000000
11.200000	392.573011	369.754266	22.818746	17.112941	352.641325	0.000000	0.000000	19.468207	3.350539	0.000000	0.000000
11.400000	393.115007	370.410993	22.704014	17.112943	353.298050	0.000000	0.000000	19.362773	3.341241	0.000000	0.000000
11.600000	393.668058	371.078356	22.589702	17.112941	353.965415	0.000000	0.000000	19.257775	3.331926	0.000000	0.000000
11.800000	394.232183	371.756364	22.475819	17.112943	354.643421	0.000000	0.000000	19.153225	3.322594	0.000000	0.000000
12.000000	394.807371	372.444984	22.362387	17.112944	355.332040	0.000000	0.000000	19.049141	3.313246	0.000000	0.000000
12.200000	395.393650	373.144223	22.249427	17.112944	356.031279	0.000000	0.000000	18.945544	3.303883	0.000000	0.000000
12.400000	395.991009	373.854049	22.136960	17.112942	356.741107	0.000000	0.000000	18.842456	3.294504	0.000000	0.000000
12.600000	396.599467	374.574469	22.024998	17.112940	357.461528	0.000000	0.000000	18.739888	3.285111	0.000000	0.000000
12.800000	397.219024	375.305465	21.913559	17.112943	358.192522	0.000000	0.000000	18.637856	3.275703	0.000000	0.000000
13.000000	397.849707	376.047045	21.802662	17.112942	358.934103	0.000000	0.000000	18.536380	3.266282	0.000000	0.000000
13.200000	398.491485	376.799158	21.692327	17.112943	359.686214	0.000000	0.000000	18.435480	3.256848	0.000000	0.000000
13.400000	399.144386	377.561816	21.582570	17.112942	360.448874	0.000000	0.000000	18.335169	3.247401	0.000000	0.000000
13.600000	399.808405	378.334995	21.473410	17.112940	361.222056	0.000000	0.000000	18.235468	3.237942	0.000000	0.000000
13.800000	400.483559	379.118704	21.364855	17.112943	362.005762	0.000000	0.000000	18.136383	3.228472	0.000000	0.000000
14.000000	401.169840	379.912910	21.256930	17.112941	362.799970	0.000000	0.000000	18.037939	3.218991	0.000000	0.000000
14.200000	401.867253	380.717611	21.149643	17.112942	363.604669	0.000000	0.000000	17.940143	3.209499	0.000000	0.000000
14.400000	402.575799	381.532785	21.043014	17.112942	364.419843	0.000000	0.000000	17.843017	3.199997	0.000000	0.000000
14.600000	403.295487	382.358430	20.937057	17.112942	365.245487	0.000000	0.000000	17.746571	3.190486	0.000000	0.000000
14.800000	404.026315	383.194529	20.831786	17.112942	366.081587	0.000000	0.000000	17.650820	3.180966	0.000000	0.000000
15.000000	404.768281	384.041068	20.727213	17.112942	366.928125	0.000000	0.000000	17.555776	3.171437	0.000000	0.000000
15.200000	405.522483	384.898012	20.624471	17.112944	367.785067	0.000000	0.000000	17.462570	3.161900	0.000000	0.000000
15.400000	406.286708	385.765369	20.521339	17.112943	368.652426	0.000000	0.000000	17.368983	3.152356	0.000000	0.000000
15.600000	407.062062	386.643116	20.418947	17.112940	369.530175	0.000000	0.000000	17.276141	3.142805	0.000000	0.000000
15.800000	407.848556	387.531251	20.317306	17.112939	370.418311	0.000000	0.000000	17.184058	3.133248	0.000000	0.000000
16.000000	408.646171	388.429743	20.216428	17.112941	371.316803	0.000000	0.000000	17.092744	3.123684	0.000000	0.000000
16.200000	409.454922	389.338601	20.116321	17.112944	372.225657	0.000000	0.000000	17.002206	3.114115	0.000000	0.000000
16.400000	410.274782	390.257775	20.017007	17.112940	373.144835	0.000000	0.000000	16.912467	3.104541	0.000000	0.000000
16.600000	411.105767	391.187280	19.918487	17.112939	374.074341	0.000000	0.000000	16.823525	3.094962	0.000000	0.000000
16.800000	411.947858	392.127086	19.820771	17.112942	375.014144	0.000000	0.000000	16.735393	3.085379	0.000000	0.000000
17.000000	412.801030	393.077153	19.723877	17.112940	375.964213	0.000000	0.000000	16.648085	3.075792	0.000000	0.000000
17.200000	413.665335	394.037533	19.627801	17.112944	376.924589	0.000000	0.000000	16.561599	3.066202	0.000000	0.000000
17.400000	414.540697	395.008129	19.532568	17.112940	377.895189	0.000000	0.000000	16.475958	3.056610	0.000000	0.000000
17.600000	415.427151	395.988979	19.438172	17.112941	378.876038	0.000000	0.000000	16.391157	3.047015	0.000000	0.000000
17.800000	416.324671	396.980043	19.344628	17.112941	379.867102	0.000000	0.000000	16.307210	3.037418	0.000000	0.000000
18.000000	417.233236	397.981293	19.251943	17.112941	380.868353	0.000000	0.000000	16.224122	3.027820	0.000000	0.000000
18.200000	418.154005	398.992771	19.161235	17.112942	381.879828	0.000000	0.000000	16.143013	3.018221	0.000000	0.000000
18.400000	419.084655	400.014372	19.070283	17.112942	382.901430	0.000000	0.000000	16.061661	3.008622	0.000000	0.000000
18.600000	420.026343	401.046136	18.980207	17.112942	383.933195	0.000000	0.000000	15.981184	2.999023	0.000000	0.000000
18.800000	420.979038	402.088023	18.891015	17.112943	384.975080	0.000000	0.000000	15.901591	2.989424	0.000000	0.000000
19.000000	421.942732	403.140022	18.802711	17.112942	386.027080	0.000000	0.000000	15.822884	2.979826	0.000000	0.000000
19.200000	422.917430	404.202131	18.715298	17.112942	387.089189	0.000000	0.000000	15.745069	2.970229	0.000000	0.000000
19.400000	423.903075	405.274290	18.628785	17.112942	388.161348	0.000000	0.000000	15.668150	2.960634	0.000000	0.000000
19.600000	424.899694	406.356522	18.543172	17.112941	389.243581	0.000000	0.000000	15.592131	2.951041	0.000000	0.000000
19.800000	425.907243	407.448777	18.458466	17.112941	390.335836	0.000000	0.000000	15.517015	2.941451	0.000000	0.000000
20.000000	426.925684	408.551015	18.374669	17.112942	391.438073	0.000000	0.000000	15.442805	2.931864	0.000000	0.000000
20.200000	427.955087	409.663308	18.291779	17.112942	392.550366	0.000000	0.000000	15.369500	2.922280	0.000000	0.000000
20.400000	428.995337	410.785531	18.209807	17.112942	393.672589	0.000000	0.000000	15.297107	2.912699	0.000000	0.000000
20.600000	430.046455	411.917706	18.128750	17.112940	394.804765	0.000000	0.000000	15.225626	2.903123	0.000000	0.000000
20.800000	431.108443	413.059836	18.048607	17.112940	395.946895	0.000000	0.000000	15.155055	2.893552	0.000000	0.000000
21.000000	432.181245	414.211859	17.969386	17.112941	397.098918	0.000000	0.000000	15.085400	2.883985	0.000000	0.000000
21.200000	433.264865	415.373782	17.891083	17.112941	398.260841	0.000000	0.000000	15.016659	2.874424	0.000000	0.000000
21.400000	434.359263	416.545563	17.813700	17.112943	399.432620	0.000000	0.000000	14.948832	2.864869	0.000000	0.000000
21.600000	435.464426	417.727186	17.737240	17.112942	400.614244	0.000000	0.000000	14.881920	2.855320	0.000000	0.000000
21.800000	436.580317	418.918617	17.661700	17.112940	401.805676	0.000000	0.000000	14.815923	2.845777	0.000000	0.000000
22.000000	437.706945	420.119866	17.587079	17.112940	403.006926	0.000000	0.000000	14.750838	2.836241	0.000000	0.000000
22.200000	438.844257	421.330877	17.513380	17.112941	404.217936	0.000000	0.000000	14.686668	2.826712	0.000000	0.000000
22.400000	439.992249	422.551651	17.440598	17.112941	405.438711	0.000000	0.000000	14.623407	2.817191	0.000000	0.000000
22.600000	441.150892	423.782159	17.368733	17.112941	406.669218	0.000000	0.000000	14.561055	2.807678	0.000000	0.000000
22.800000	442.320141	425.022355	17.297786	17.112941	407.909414	0.000000	0.000000	14.499613	2.798173	0.000000	0.000000
23.000000	443.499972	426.272218	17.227754	17.112939	409.159279	0.000000	0.000000	14.439077	2.788677	0.000000	0.000000
23.200000	444.690397	427.531765	17.158632	17.112943	410.418823	0.000000	0.000000	14.379442	2.779190	0.000000	0.000000
23.400000	445.891352	428.800932	17.090421	17.112943	411.687989	0.000000	0.000000	14.320708	2.769712	0.000000	0.000000
23.600000	447.102832	430.079715	17.023117	17.112943	412.966772	0.000000	0.000000	14.262873	2.760244	0.000000	0.000000
23.800000	448.324782	431.368063	16.956719	17.112941	414.255122	0.000000	0.000000	14.205933	2.750786	0.000000	0.000000
24.000000	449.557189	432.665967	16.891222	17.112945	415.553022	0.000000	0.000000	14.149883	2.741339	0.000000	0.000000
24.200000	450.800017	433.973391	16.826626	17.112940	416.860451	0.000000	0.000000	14.094724	2.731902	0.000000	0.000000
24.400000	452.053232	435.290308	16.762924	17.112939	418.177369	0.000000	0.000000	14.040448	2.722476	0.000000	0.000000
24.600000	453.316838	436.616726	16.700112	17.112942	419.503785	0.000000	0.000000	13.987051	2.713061	0.000000	0.000000
24.800000	454.590746	437.952555	16.638190	17.112942	420.839613	0.000000	0.000000	13.934532	2.703658	0.000000	0.000000
25.000000	455.874971	439.297819	16.577152	17.112940	422.184879	0.000000	0.000000	13.882885	2.694267	0.000000	0.000000
25.200000	457.169469	440.652476	16.516993	17.112941	423.539535	0.000000	0.000000	13.832105	2.684888	0.000000	0.000000
25.400000	458.474199	442.016490	16.457710	17.112941	424.903549	0.000000	0.000000	13.782189	2.675521	0.000000	0.000000
25.600000	459.789138	443.389840	16.399298	17.112941	426.276899	0.000000	0.000000	13.733130	2.666168	0.000000	0.000000
25.800000	461.114248	444.772496	16.341752	17.112943	427.659553	0.000000	0.000000	13.684925	2.656827	0.000000	0.000000
26.000000	462.449491	446.164422	16.285069	17.112942	429.051480	0.000000	0.000000	13.637570	2.647500	0.000000	0.000000
26.200000	463.794850	447.565608	16.229242	17.112944	430.452665	0.000000	0.000000	13.591056	2.638186	0.000000	0.000000
26.400000	465.150246	448.975977	16.174270	17.112939	431.863038	0.000000	0.000000	13.545383	2.628887	0.000000	0.000000
26.600000	466.515686	450.395544	16.120142	17.112941	433.282602	0.000000	0.000000	13.500541	2.619601	0.000000	0.000000
26.800000	467.891142	451.824286	16.066856	17.112944	434.711342	0.000000	0.000000	13.456526	2.610330	0.000000	0.000000
27.000000	469.276518	453.262109	16.014409	17.112939	436.149170	0.000000	0.000000	13.413335	2.601074	0.000000	0.000000
27.200000	470.671849	454.709057	15.962792	17.112940	437.596117	0.000000	0.000000	13.370959	2.591833	0.000000	0.000000
27.400000	472.077071	456.165072	15.911999	17.112944	439.052128	0.000000	0.000000	13.329392	2.582607	0.000000	0.000000
27.600000	473.492107	457.630077	15.862030	17.112939	440.517138	0.000000	0.000000	13.288633	2.573396	0.000000	0.000000
27.800000	474.916977	459.104104	15.812873	17.112938	441.991165	0.000000	0.000000	13.248672	2.564201	0.000000	0.000000
28.000000	476.351610	460.587084	15.764526	17.112941	443.474144	0.000000	0.000000	13.209504	2.555022	0.000000	0.000000
28.200000	477.795964	462.078981	15.716983	17.112943	444.966038	0.000000	0.000000	13.171124	2.545860	0.000000	0.000000
28.400000	479.250009	463.579770	15.670239	17.112938	446.466832	0.000000	0.000000	13.133525	2.536713	0.000000	0.000000
28.600000	480.714847	465.089448	15.625400	17.112945	447.976503	0.000000	0.000000	13.097816	2.527583	0.000000	0.000000
28.800000	482.188131	466.607900	15.580231	17.112940	449.494960	0.000000	0.000000	13.061760	2.518471	0.000000	0.000000
29.000000	483.671018	468.135177	15.535841	17.112941	451.022235	0.000000	0.000000	13.026467	2.509375	0.000000	0.000000
29.200000	485.163410	469.671183	15.492228	17.112940	452.558243	0.000000	0.000000	12.991931	2.500296	0.000000	0.000000
29.400000	486.665307	471.215925	15.449382	17.112943	454.102982	0.000000	0.000000	12.958147	2.491235	0.000000	0.000000
29.600000	488.176617	472.769315	15.407301	17.112942	455.656373	0.000000	0.000000	12.925109	2.482192	0.000000	0.000000
29.800000	489.697367	474.331390	15.365977	17.112937	457.218453	0.000000	0.000000	12.892810	2.473167	0.000000	0.000000
30.000000	491.227454	475.902049	15.325405	17.112943	458.789106	0.000000	0.000000	12.861245	2.464159	0.000000	0.000000
30.200000	492.766879	477.481301	15.285578	17.112940	460.368361	0.000000	0.000000	12.830408	2.455170	0.000000	0.000000
30.400000	494.315558	479.069066	15.246493	17.112940	461.956126	0.000000	0.000000	12.800293	2.446200	0.000000	0.000000
30.600000	495.873452	480.665310	15.208142	17.112940	463.552370	0.000000	0.000000	12.770894	2.437248	0.000000	0.000000
30.800000	497.440540	482.270020	15.170520	17.112940	465.157080	0.000000	0.000000	12.742206	2.428314	0.000000	0.000000
31.000000	499.016753	483.883131	15.133622	17.112941	466.770189	0.000000	0.000000	12.714222	2.419400	0.000000	0.000000
31.200000	500.602068	485.504626	15.097442	17.112940	468.391686	0.000000	0.000000	12.686936	2.410505	0.000000	0.000000
31.400000	502.196425	487.134451	15.061973	17.112943	470.021508	0.000000	0.000000	12.660344	2.401630	0.000000	0.000000
31.600000	503.799788	488.772575	15.027213	17.112937	471.659638	0.000000	0.000000	12.634439	2.392773	0.000000	0.000000
31.800000	505.412111	490.418958	14.993152	17.112941	473.306017	0.000000	0.000000	12.609216	2.383937	0.000000	0.000000
32.000000	507.033319	492.073530	14.959789	17.112944	474.960586	0.000000	0.000000	12.584669	2.375120	0.000000	0.000000
32.200000	508.663398	493.736282	14.927117	17.112942	476.623340	0.000000	0.000000	12.560793	2.366323	0.000000	0.000000
32.400000	510.302245	495.407114	14.895131	17.112942	478.294171	0.000000	0.000000	12.537584	2.357547	0.000000	0.000000
32.600000	511.949917	497.086093	14.863824	17.112941	479.973151	0.000000	0.000000	12.515034	2.348790	0.000000	0.000000
32.800000	513.606281	498.773087	14.833194	17.112940	481.660147	0.000000	0.000000	12.493140	2.340054	0.000000	0.000000
33.000000	515.271262	500.468026	14.803235	17.112941	483.355086	0.000000	0.000000	12.471897	2.331338	0.000000	0.000000
33.200000	516.944898	502.170956	14.773942	17.112941	485.058016	0.000000	0.000000	12.451298	2.322643	0.000000	0.000000
33.400000	518.627093	503.881783	14.745310	17.112943	486.768840	0.000000	0.000000	12.431340	2.313969	0.000000	0.000000
33.600000	520.317799	505.600465	14.717334	17.112940	488.487525	0.000000	0.000000	12.412018	2.305316	0.000000	0.000000
33.800000	522.016981	507.326971	14.690010	17.112941	490.214029	0.000000	0.000000	12.393327	2.296683	0.000000	0.000000
34.000000	523.724530	509.061196	14.663334	17.112938	491.948257	0.000000	0.000000	12.375262	2.288072	0.000000	0.000000
34.200000	525.440496	510.803195	14.637301	17.112943	493.690252	0.000000	0.000000	12.357819	2.279482	0.000000	0.000000
34.400000	527.164724	512.552816	14.611908	17.112941	495.439875	0.000000	0.000000	12.340994	2.270914	0.000000	0.000000
34.600000	528.897223	514.310074	14.587149	17.112940	497.197134	0.000000	0.000000	12.324783	2.262366	0.000000	0.000000
34.800000	530.637920	516.074899	14.563021	17.112941	498.961958	0.000000	0.000000	12.309181	2.253841	0.000000	0.000000
35.000000	532.386763	517.847242	14.539521	17.112942	500.734300	0.000000	0.000000	12.294185	2.245337	0.000000	0.000000
35.200000	534.143714	519.627069	14.516644	17.112942	502.514128	0.000000	0.000000	12.279790	2.236854	0.000000	0.000000
35.400000	535.908704	521.414316	14.494388	17.112944	504.301372	0.000000	0.000000	12.265994	2.228394	0.000000	0.000000
35.600000	537.681652	523.208904	14.472748	17.112942	506.095962	0.000000	0.000000	12.252793	2.219955	0.000000	0.000000
35.800000	539.462546	525.010825	14.451721	17.112939	507.897886	0.000000	0.000000	12.240182	2.211539	0.000000	0.000000
36.000000	541.251311	526.820006	14.431305	17.112938	509.707068	0.000000	0.000000	12.228160	2.203144	0.000000	0.000000
36.200000	543.047913	528.636418	14.411495	17.112939	511.523479	0.000000	0.000000	12.216723	2.194772	0.000000	0.000000
36.400000	544.852272	530.459982	14.392290	17.112940	513.347042	0.000000	0.000000	12.205868	2.186422	0.000000	0.000000
36.600000	546.664289	532.290602	14.373687	17.112940	515.177662	0.000000	0.000000	12.195593	2.178094	0.000000	0.000000
36.800000	548.484040	534.128357	14.355683	17.112942	517.015415	0.000000	0.000000	12.185894	2.169789	0.000000	0.000000
37.000000	550.311375	535.973100	14.338275	17.112940	518.860160	0.000000	0.000000	12.176769	2.161506	0.000000	0.000000
37.200000	552.146125	537.824663	14.321462	17.112941	520.711722	0.000000	0.000000	12.168217	2.153246	0.000000	0.000000
37.400000	553.988480	539.683239	14.305241	17.112941	522.570298	0.000000	0.000000	12.160234	2.145007	0.000000	0.000000
37.600000	555.838207	541.548596	14.289611	17.112942	524.435653	0.000000	0.000000	12.152819	2.136792	0.000000	0.000000
37.800000	557.695302	543.420732	14.274570	17.112940	526.307792	0.000000	0.000000	12.145971	2.128599	0.000000	0.000000
38.000000	559.559671	545.299554	14.260116	17.112945	528.186610	0.000000	0.000000	12.139687	2.120429	0.000000	0.000000
38.200000	561.431290	547.185042	14.246249	17.112944	530.072098	0.000000	0.000000	12.133966	2.112282	0.000000	0.000000
38.400000	563.310080	549.077114	14.232966	17.112943	531.964171	0.000000	0.000000	12.128808	2.104158	0.000000	0.000000
38.600000	565.196025	550.975759	14.220266	17.112938	533.862821	0.000000	0.000000	12.124210	2.096056	0.000000	0.000000
38.800000	567.088997	552.880847	14.208150	17.112937	535.767910	0.000000	0.000000	12.120172	2.087977	0.000000	0.000000
39.000000	568.988933	554.792317	14.196616	17.112939	537.679378	0.000000	0.000000	12.116694	2.079922	0.000000	0.000000
39.200000	570.895769	556.710105	14.185664	17.112941	539.597164	0.000000	0.000000	12.113775	2.071889	0.000000	0.000000
39.400000	572.809557	558.634263	14.175294	17.112940	541.521323	0.000000	0.000000	12.111414	2.063879	0.000000	0.000000
39.600000	574.730098	560.564593	14.165505	17.112943	543.451650	0.000000	0.000000	12.109612	2.055892	0.000000	0.000000
39.800000	576.657442	562.501144	14.156298	17.112939	545.388205	0.000000	0.000000	12.108369	2.047928	0.000000	0.000000
40.000000	578.591365	564.443692	14.147673	17.112940	547.330753	0.000000	0.000000	12.107685	2.039988	0.000000	0.000000
40.200000	580.531933	566.392302	14.139631	17.112939	549.279363	0.000000	0.000000	12.107560	2.032070	0.000000	0.000000
40.400000	582.479046	568.346874	14.132172	17.112941	551.233933	0.000000	0.000000	12.107996	2.024176	0.000000	0.000000
40.600000	584.432682	570.307384	14.125297	17.112944	553.194441	0.000000	0.000000	12.108993	2.016304	0.000000	0.000000
40.800000	586.392727	572.273718	14.119009	17.112942	555.160776	0.000000	0.000000	12.110553	2.008456	0.000000	0.000000
41.000000	588.359062	574.245755	14.113307	17.112943	557.132812	0.000000	0.000000	12.112676	2.000631	0.000000	0.000000
41.200000	590.331766	576.223572	14.108194	17.112941	559.110631	0.000000	0.000000	12.115365	1.992829	0.000000	0.000000
41.400000	592.310581	578.206910	14.103672	17.112937	561.093972	0.000000	0.000000	12.118622	1.985050	0.000000	0.000000
41.600000	594.295658	580.195916	14.099742	17.112938	563.082978	0.000000	0.000000	12.122448	1.977294	0.000000	0.000000
41.800000	596.286710	582.190303	14.096407	17.112941	565.077363	0.000000	0.000000	12.126846	1.969561	0.000000	0.000000
42.000000	598.283816	584.190146	14.093670	17.112941	567.077205	0.000000	0.000000	12.131818	1.961852	0.000000	0.000000
42.200000	600.286826	586.195293	14.091533	17.112942	569.082351	0.000000	0.000000	12.137368	1.954166	0.000000	0.000000
42.400000	602.295705	588.205705	14.090000	17.112943	571.092762	0.000000	0.000000	12.143497	1.946503	0.000000	0.000000
42.600000	604.310418	590.221345	14.089073	17.112938	573.108407	0.000000	0.000000	12.150211	1.938863	0.000000	0.000000
42.800000	606.330831	592.242074	14.088757	17.112939	575.129136	0.000000	0.000000	12.157511	1.931246	0.000000	0.000000
43.000000	608.356975	594.267921	14.089055	17.112939	577.154981	0.000000	0.000000	12.165403	1.923652	0.000000	0.000000
43.200000	610.388623	596.298652	14.089970	17.112943	579.185709	0.000000	0.000000	12.173889	1.916081	0.000000	0.000000
43.400000	612.425754	598.334246	14.091509	17.112943	581.221303	0.000000	0.000000	12.182975	1.908534	0.000000	0.000000
43.600000	614.468438	600.374764	14.093674	17.112941	583.261823	0.000000	0.000000	12.192665	1.901009	0.000000	0.000000
43.800000	616.516444	602.419973	14.096471	17.112945	585.307028	0.000000	0.000000	12.202964	1.893507	0.000000	0.000000
44.000000	618.569780	604.469874	14.099906	17.112940	587.356934	0.000000	0.000000	12.213877	1.886029	0.000000	0.000000
44.200000	620.628264	606.524282	14.103982	17.112943	589.411339	0.000000	0.000000	12.225409	1.878573	0.000000	0.000000
44.400000	622.691884	608.583177	14.108707	17.112940	591.470237	0.000000	0.000000	12.237566	1.871141	0.000000	0.000000
44.600000	624.760650	610.646563	14.114086	17.112941	593.533622	0.000000	0.000000	12.250355	1.863731	0.000000	0.000000
44.800000	626.834404	612.714278	14.120126	17.112941	595.601337	0.000000	0.000000	12.263781	1.856345	0.000000	0.000000
45.000000	628.913019	614.786186	14.126832	17.112939	597.673248	0.000000	0.000000	12.277851	1.848981	0.000000	0.000000
45.200000	630.996531	616.862318	14.134213	17.112939	599.749380	0.000000	0.000000	12.292573	1.841640	0.000000	0.000000
45.400000	633.084833	618.942558	14.142275	17.112940	601.829618	0.000000	0.000000	12.307952	1.834322	0.000000	0.000000
45.600000	635.177792	621.026767	14.151025	17.112939	603.913828	0.000000	0.000000	12.323998	1.827027	0.000000	0.000000
45.800000	637.275360	623.114889	14.160471	17.112940	606.001948	0.000000	0.000000	12.340717	1.819755	0.000000	0.000000
46.000000	639.377461	625.206839	14.170623	17.112940	608.093899	0.000000	0.000000	12.358118	1.812505	0.000000	0.000000
46.200000	641.484068	627.302581	14.181487	17.112943	610.189638	0.000000	0.000000	12.376209	1.805278	0.000000	0.000000
46.400000	643.594989	629.401916	14.193073	17.112937	612.288979	0.000000	0.000000	12.395000	1.798073	0.000000	0.000000
46.600000	645.710295	631.504904	14.205390	17.112941	614.391963	0.000000	0.000000	12.414499	1.790891	0.000000	0.000000
46.800000	647.829781	633.611333	14.218448	17.112939	616.498394	0.000000	0.000000	12.434716	1.783732	0.000000	0.000000
47.000000	649.953380	635.721123	14.232256	17.112938	618.608185	0.000000	0.000000	12.455661	1.776595	0.000000	0.000000
47.200000	652.081114	637.834289	14.246825	17.112937	620.721352	0.000000	0.000000	12.477344	1.769481	0.000000	0.000000
47.400000	654.212774	639.950609	14.262165	17.112938	622.837670	0.000000	0.000000	12.499776	1.762389	0.000000	0.000000
47.600000	656.348305	642.070018	14.278286	17.112942	624.957076	0.000000	0.000000	12.522967	1.755320	0.000000	0.000000
47.800000	658.487769	644.192567	14.295202	17.112937	627.079629	0.000000	0.000000	12.546930	1.748272	0.000000	0.000000
48.000000	660.630903	646.317980	14.312923	17.112943	629.205037	0.000000	0.000000	12.571675	1.741248	0.000000	0.000000
48.200000	662.777696	648.446236	14.331460	17.112938	631.333297	0.000000	0.000000	12.597216	1.734245	0.000000	0.000000
48.400000	664.928035	650.577207	14.350827	17.112940	633.464267	0.000000	0.000000	12.623563	1.727265	0.000000	0.000000
48.600000	667.081919	652.710882	14.371037	17.112941	635.597941	0.000000	0.000000	12.650731	1.720306	0.000000	0.000000
48.800000	669.239242	654.847139	14.392104	17.112937	637.734202	0.000000	0.000000	12.678734	1.713369	0.000000	0.000000
49.000000	671.399850	656.985811	14.414039	17.112941	639.872870	0.000000	0.000000	12.707584	1.706455	0.000000	0.000000
49.200000	673.563728	659.126870	14.436858	17.112938	642.013933	0.000000	0.000000	12.737296	1.699563	0.000000	0.000000
49.400000	675.730646	661.270072	14.460574	17.112943	644.157129	0.000000	0.000000	12.767882	1.692692	0.000000	0.000000
49.600000	677.900754	663.415549	14.485204	17.112944	646.302605	0.000000	0.000000	12.799361	1.685844	0.000000	0.000000
49.800000	680.073906	665.563141	14.510765	17.112937	648.450204	0.000000	0.000000	12.831748	1.679016	0.000000	0.000000
50.000000	682.249866	667.712599	14.537268	17.112939	650.599659	0.000000	0.000000	12.865057	1.672211	0.000000	0.000000
50.200000	684.428633	669.863901	14.564732	17.112939	652.750962	0.000000	0.000000	12.899304	1.665428	0.000000	0.000000
50.400000	686.610316	672.017141	14.593176	17.112937	654.904204	0.000000	0.000000	12.934511	1.658665	0.000000	0.000000
50.600000	688.794434	674.171823	14.622611	17.112940	657.058883	0.000000	0.000000	12.970687	1.651925	0.000000	0.000000
50.800000	690.981217	676.328155	14.653061	17.112943	659.215213	0.000000	0.000000	13.007856	1.645206	0.000000	0.000000
51.000000	693.170496	678.485954	14.684543	17.112943	661.373010	0.000000	0.000000	13.046035	1.638508	0.000000	0.000000
51.200000	695.362142	680.645068	14.717074	17.112939	663.532129	0.000000	0.000000	13.085243	1.631831	0.000000	0.000000
51.400000	697.556122	682.805448	14.750674	17.112936	665.692511	0.000000	0.000000	13.125498	1.625176	0.000000	0.000000
51.600000	699.752278	684.966915	14.785362	17.112941	667.853974	0.000000	0.000000	13.166820	1.618542	0.000000	0.000000
51.800000	701.950624	687.129464	14.821161	17.112939	670.016525	0.000000	0.000000	13.209232	1.611929	0.000000	0.000000
52.000000	704.151072	689.292982	14.858090	17.112939	672.180042	0.000000	0.000000	13.252753	1.605337	0.000000	0.000000
52.200000	706.353428	691.457259	14.896169	17.112944	674.344315	0.000000	0.000000	13.297404	1.598766	0.000000	0.000000
52.400000	708.557641	693.622219	14.935422	17.112945	676.509275	0.000000	0.000000	13.343206	1.592216	0.000000	0.000000
52.600000	710.763714	695.787842	14.975872	17.112936	678.674905	0.000000	0.000000	13.390186	1.585686	0.000000	0.000000
52.800000	712.971436	697.953896	15.017540	17.112939	680.840957	0.000000	0.000000	13.438362	1.579178	0.000000	0.000000
53.000000	715.180779	700.120329	15.060450	17.112939	683.007390	0.000000	0.000000	13.487760	1.572690	0.000000	0.000000
53.200000	717.391722	702.287094	15.104629	17.112938	685.174156	0.000000	0.000000	13.538406	1.566222	0.000000	0.000000
53.400000	719.604128	704.454029	15.150099	17.112936	687.341093	0.000000	0.000000	13.590324	1.559775	0.000000	0.000000
53.600000	721.817896	706.621010	15.196886	17.112939	689.508071	0.000000	0.000000	13.643537	1.553349	0.000000	0.000000
53.800000	724.032881	708.787865	15.245015	17.112939	691.674927	0.000000	0.000000	13.698072	1.546943	0.000000	0.000000
54.000000	726.249075	710.954560	15.294515	17.112940	693.841620	0.000000	0.000000	13.753957	1.540557	0.000000	0.000000
54.200000	728.466404	713.120992	15.345412	17.112939	696.008054	0.000000	0.000000	13.811220	1.534192	0.000000	0.000000
54.400000	730.684713	715.286980	15.397733	17.112939	698.174041	0.000000	0.000000	13.869887	1.527847	0.000000	0.000000
54.600000	732.904021	717.452511	15.451510	17.112940	700.339571	0.000000	0.000000	13.929989	1.521521	0.000000	0.000000
54.800000	735.124136	719.617368	15.506768	17.112942	702.504426	0.000000	0.000000	13.991552	1.515216	0.000000	0.000000
55.000000	737.345100	721.781557	15.563542	17.112934	704.668623	0.000000	0.000000	14.054612	1.508930	0.000000	0.000000
55.200000	739.566637	723.944782	15.621855	17.112940	706.831842	0.000000	0.000000	14.119191	1.502665	0.000000	0.000000
55.400000	741.788852	726.107105	15.681747	17.112937	708.994168	0.000000	0.000000	14.185328	1.496419	0.000000	0.000000
55.600000	744.011530	728.268288	15.743242	17.112943	711.155346	0.000000	0.000000	14.253049	1.490193	0.000000	0.000000
55.800000	746.234677	730.428298	15.806379	17.112942	713.315357	0.000000	0.000000	14.322393	1.483986	0.000000	0.000000
56.000000	748.458196	732.587007	15.871190	17.112939	715.474068	0.000000	0.000000	14.393391	1.477799	0.000000	0.000000
56.200000	750.681918	734.744214	15.937704	17.112943	717.631271	0.000000	0.000000	14.466073	1.471631	0.000000	0.000000
56.400000	752.905922	736.899957	16.005965	17.112941	719.787015	0.000000	0.000000	14.540482	1.465483	0.000000	0.000000
56.600000	755.129924	739.053926	16.075999	17.112944	721.940981	0.000000	0.000000	14.616645	1.459354	0.000000	0.000000
56.800000	757.354005	741.206156	16.147849	17.112940	724.093216	0.000000	0.000000	14.694606	1.453244	0.000000	0.000000
57.000000	759.578054	743.356502	16.221552	17.112938	726.243564	0.000000	0.000000	14.774399	1.447153	0.000000	0.000000
57.200000	761.801923	745.504781	16.297141	17.112940	728.391842	0.000000	0.000000	14.856060	1.441081	0.000000	0.000000
57.400000	764.025616	747.650956	16.374659	17.112941	730.538016	0.000000	0.000000	14.939631	1.435028	0.000000	0.000000
57.600000	766.248968	749.794825	16.454144	17.112939	732.681885	0.000000	0.000000	15.025150	1.428994	0.000000	0.000000
57.800000	768.471949	751.936314	16.535634	17.112941	734.823373	0.000000	0.000000	15.112656	1.422979	0.000000	0.000000
58.000000	770.694506	754.075331	16.619175	17.112940	736.962391	0.000000	0.000000	15.202193	1.416982	0.000000	0.000000
58.200000	772.916515	756.211711	16.704805	17.112942	739.098769	0.000000	0.000000	15.293800	1.411004	0.000000	0.000000
58.400000	775.137965	758.345395	16.792570	17.112939	741.232456	0.000000	0.000000	15.387525	1.405045	0.000000	0.000000
58.600000	777.358675	760.476167	16.882508	17.112938	743.363229	0.000000	0.000000	15.483405	1.399104	0.000000	0.000000
58.800000	779.578637	762.603969	16.974668	17.112937	745.491033	0.000000	0.000000	15.581487	1.393181	0.000000	0.000000
59.000000	781.797786	764.728694	17.069091	17.112942	747.615753	0.000000	0.000000	15.681815	1.387277	0.000000	0.000000
59.200000	784.016036	766.850207	17.165829	17.112939	749.737268	0.000000	0.000000	15.784439	1.381390	0.000000	0.000000
59.400000	786.233307	768.968383	17.264924	17.112939	751.855444	0.000000	0.000000	15.889401	1.375522	0.000000	0.000000
59.600000	788.449590	771.083162	17.366428	17.112937	753.970225	0.000000	0.000000	15.996756	1.369672	0.000000	0.000000
59.800000	790.664680	773.194299	17.470381	17.112942	756.081357	0.000000	0.000000	16.106541	1.363840	0.000000	0.000000
60.000000	792.878602	775.301762	17.576840	17.112942	758.188821	0.000000	0.000000	16.218814	1.358026	0.000000	0.000000
