frame(num)	angle (degree)
0	6,070602
1	2,203448
2	7,155329
3	3,439402
4	14,489454
5	3,866701
6	8,062778
7	5,196406
8	1,685279
9	6,054143
10	6,516079
11	2,22818
12	6,011706
13	9,955285
14	4,446512
15	4,609
16	5,663581
17	7,636482
18	9,431881
19	6,334595
20	9,269064
21	5,695055
22	8,164477
23	5,349216
24	6,79685
25	0,25793
26	5,202172
27	4,555522
28	5,242992
29	9,122079
30	1,486616
31	10,592249
32	1,977343
33	12,117006
34	6,955223
35	3,065288
36	8,782862
37	6,915145
38	9,198896
39	5,218869
40	8,169958
41	16,820795
42	5,698357
43	1,433541
44	7,976293
45	6,008673
46	9,168747
47	12,983032
48	5,189917
49	6,552242
50	4,772083
51	6,277792
52	8,286076
53	8,279082
54	2,182116
55	5,247475
56	3,490035
57	5,010437
58	8,46413
59	1,779713
60	12,279956
61	3,934127
62	4,942368
63	4,080488
64	7,528298
65	6,575724
66	4,459268
67	8,621723
68	4,384097
69	3,968176
70	1,397038
71	7,889762
72	7,767131
73	1,416927
74	3,767488
75	6,189476
76	10,356873
77	10,148521
78	4,295278
79	6,471266
80	9,007935
81	5,024494
82	13,55178
83	4,842783
84	8,096503
85	7,356501
86	1,710636
87	12,804798
88	4,012833
89	10,864027
90	3,636958
91	5,977764
92	11,085302
93	4,247823
94	11,420201
95	3,030993
96	6,833084
97	1,751783
98	7,17001
99	5,92943
100	11,339824
101	9,384959
102	14,082737
103	5,679236
104	4,885515
105	8,614567
106	5,697738
107	8,043787
108	3,929595
109	11,812846
110	3,838543
111	5,706228
112	5,632977
113	0,848345
114	8,923766
115	2,024777
116	14,353414
117	2,504522
118	2,217261
119	7,970113
120	1,36845
121	12,339752
122	2,824245
123	10,346763
124	3,687483
125	2,315875
126	8,238427
127	7,837067
128	6,842922
129	3,441451
130	8,22834
131	4,392711
132	8,013615
133	3,041824
134	1,847162
135	4,85014
136	2,143111
137	4,421598
138	7,246869
139	6,828374
140	2,166905
141	5,035011
142	5,140489
143	5,279825
144	7,835339
145	4,594357
146	9,817484
147	3,913065
148	5,414464
149	7,587265
150	8,042616
151	6,856037
152	7,881074
153	8,127675
154	4,555437
155	10,015944
156	6,509304
157	2,885612
158	9,984616
159	1,992527
160	8,450477
161	3,252572
162	1,754574
163	8,12057
164	3,714307
165	11,335342
166	2,362315
167	6,088628
168	5,773701
169	0,547512
170	6,15842
171	2,309273
172	6,101654
173	8,290766
174	6,588713
175	2,665429
176	12,342085
177	3,724731
178	8,404525
179	4,706527
180	13,367852
181	4,140707
182	6,248303
183	6,773465
184	7,243511
185	3,642929
186	3,212418
187	10,214537
188	4,756211
189	2,423174
190	4,637852
191	6,129575
192	3,983986
193	3,351001
194	8,061438
195	4,458434
196	7,761722
197	4,506674
198	4,472032
199	7,609038
200	7,468317
201	6,342668
202	10,221293
203	6,205135
204	10,330264
205	2,397106
206	2,963128
207	9,970879
208	1,721242
209	6,335833
210	6,252443
211	4,683747
212	8,98931
213	5,165319
214	11,051843
215	3,767072
216	4,231377
217	7,371795
218	2,949686
219	4,219279
220	9,460617
221	6,541099
222	8,722672
223	1,115398
224	5,00852
225	3,653288
226	4,824504
227	6,220598
228	5,765276
229	6,746077
230	10,95932
231	7,277289
232	7,561304
233	5,310096
234	10,809443
235	7,96378
236	6,561902
237	2,345519
238	9,14252
239	4,960094
240	4,649115
241	8,640634
242	9,306771
243	8,38909
244	4,083846
245	4,103651
246	6,338896
247	0,680701
248	8,76197
249	5,202361
250	7,812861
251	4,724266
252	9,995877
253	2,440398
254	8,167218
255	7,941071
256	7,750638
257	3,17558
258	10,675972
259	4,843673
260	10,317592
261	7,864893
262	6,598736
263	9,297051
264	10,380402
265	7,627225
266	6,55667
267	3,15306
268	11,665352
269	8,907834
270	11,173164
271	8,372055
272	6,553768
273	9,138177
274	10,398505
275	10,365911
276	6,284971
277	10,671215
278	2,008084
279	7,173894
280	10,288511
281	0,33862
282	11,191602
283	1,799832
284	6,579301
285	3,133191
286	7,376557
287	3,098193
288	0,816613
289	6,816645
290	2,799253
291	10,092061
292	7,814017
293	6,495915
294	6,541549
295	8,043372
296	1,260985
297	10,742134
298	2,344851
299	3,688279
300	8,937098
301	3,307662
302	12,224517
303	7,058024
304	10,688592
305	8,57327
306	5,860332
307	3,55903
308	3,817878
309	14,067923
310	1,184486
311	8,167122
312	1,347991
313	7,658193
314	3,271657
315	4,016443
316	7,635942
317	3,202835
318	7,977302
319	3,734129
320	11,109859
321	9,638902
322	3,932932
323	6,436996
324	5,364506
325	6,544126
326	4,09199
327	14,293241
328	6,428461
329	4,43606
330	8,137066
331	6,164497
332	2,598647
333	10,020205
334	12,973057
335	1,017411
336	4,245332
337	4,522337
338	2,710072
339	5,137477
340	5,744467
341	4,233043
342	4,190869
343	7,136468
344	8,746914
345	4,077607
346	10,587994
347	9,774207
348	4,884192
349	9,38743
350	2,713609
351	9,967604
352	5,482621
353	5,730494
354	7,32255
355	4,33115
356	8,748081
357	2,211605
358	7,88583
359	3,500174
360	4,645279
361	2,460766
362	10,5981
363	7,985344
364	3,71947
365	11,432199
366	3,119729
367	6,228724
368	8,250906
369	8,843957
370	5,509898
371	4,819101
372	4,743219
373	4,857324
374	8,718639
375	10,5682
376	5,457867
377	6,125639
378	6,386936
379	1,267023
380	5,696809
381	7,741085
382	11,633657
383	6,068439
384	4,387491
385	8,381385
386	6,080412
387	9,116864
388	5,736511
389	8,460185
390	3,205523
391	5,829614
392	7,446451
393	7,422618
394	5,544291
395	5,632212
396	5,303967
397	5,966506
398	8,571047
399	1,996452
400	2,784599
401	2,755769
402	11,828051
403	1,02641
404	7,598844
405	9,340393
406	3,231315
407	5,717483
408	6,279915
409	10,436506
410	6,65676
411	9,30998
412	5,903754
413	3,89541
414	3,254678
415	3,651197
416	4,44259
417	1,580287
418	5,400367
419	5,700627
420	7,663752
421	1,777732
422	3,979313
423	5,623366
424	7,663624
425	6,73435
426	4,19582
427	12,438853
428	9,470419
429	8,141769
430	7,134902
431	6,651573
432	4,317699
433	4,65724
434	1,678298
435	4,297375
436	2,628007
437	7,326729
438	1,773544
439	9,759753
440	3,864979
441	3,082928
442	5,454059
443	2,834416
444	13,723534
445	2,128816
446	10,127159
447	6,847507
448	3,145289
449	9,41438
450	6,815264
451	8,380354
452	2,583083
453	6,485855
454	6,210473
455	5,496936
456	4,236742
457	7,402792
458	10,032935
459	2,765554
460	12,067758
461	5,789533
462	5,424047
463	4,707318
464	8,246121
465	6,541009
466	7,658706
467	7,423464
468	7,843376
469	3,649373
470	8,522331
471	7,77703
472	2,515517
473	12,992484
474	2,51178
475	7,325149
476	1,748204
477	13,706637
478	3,209918
479	3,660462
480	9,362923
481	3,291047
482	10,131334
483	0,34605
484	7,869908
485	3,109861
486	3,210284
487	11,160168
488	8,47892
489	8,150157
490	5,610701
491	11,323921
492	3,72126
493	5,46368
494	13,49974
495	3,944765
496	6,724996
497	0,27052
498	9,434298
499	8,095994
500	7,120342
501	4,148457
502	1,670232
503	5,243889
504	3,29509
505	7,152203
506	5,458118
507	8,620721
508	5,962989
509	2,218056
510	5,801134
511	7,905296
512	8,295999
513	15,182956
514	8,104549
515	5,126405
516	1,186302
517	3,440199
518	10,630565
519	2,406803
520	8,632515
521	7,175179
522	4,157605
523	6,44065
524	7,540514
525	15,086595
526	2,86676
527	3,952303
528	6,001426
529	4,364889
530	7,464979
531	7,226183
532	8,498031
533	5,294797
534	1,302361
535	5,972121
536	5,793932
537	8,584259
538	3,113887
539	11,400557
540	10,090522
541	5,256989
542	8,661045
543	4,880099
544	5,771188
545	6,806568
546	2,922082
547	7,748789
548	11,699522
549	8,444526
550	3,018372
551	4,133228
552	6,507677
553	2,760453
554	9,441982
555	6,511322
556	6,014803
557	6,662737
558	6,651897
559	3,535572
560	7,18477
561	7,074543
562	8,884183
563	7,309704
564	3,977886
565	10,676009
566	2,159123
567	8,592628
568	6,748286
569	6,65782
570	10,208797
571	1,953444
572	7,353353
573	2,536979
574	8,630785
575	4,123788
576	2,129276
577	10,296271
578	7,372912
579	4,285966
580	5,030067
581	10,921695
582	4,329929
583	3,109232
584	4,797548
585	4,712891
586	8,122601
587	4,768017
588	4,439503
589	3,698776
590	5,750707
591	8,669568
592	8,288018
593	5,606543
594	7,025739
595	2,33967
596	11,040275
597	2,330198
598	11,605528
599	7,733907
600	2,321783
601	5,878633
602	7,752486
603	13,145474
604	3,525701
605	9,016351
606	3,365285
607	7,228191
608	1,791549
609	6,407717
610	10,012999
611	4,709148
612	5,31935
613	3,993559
614	7,657245
615	7,482098
616	5,087388
617	6,809909
618	2,886969
619	7,024314
620	5,540967
621	6,48392
622	3,375741
623	10,120728
624	6,016986
625	7,821925
626	6,815379
627	5,862205
628	11,730117
629	4,89941
630	4,814383
631	3,108413
632	12,784566
633	1,804176
634	10,898057
635	4,452235
636	11,453339
637	2,944106
638	4,119179
639	11,866409
640	4,872224
641	8,114475
642	0,437455
643	10,24778
644	7,720953
645	2,797784
646	4,313887
647	7,740705
648	7,122105
649	2,96055
650	3,919765
651	2,339754
652	7,868362
653	9,118825
654	2,91987
655	9,252002
656	0,870431
657	4,259885
658	8,114161
659	6,133252
660	10,08438
661	2,989634
662	9,630821
663	2,363806
664	5,241198
665	12,740136
666	5,20511
667	2,222111
668	6,634066
669	4,111565
670	2,80526
671	10,702172
672	5,774177
673	6,161698
674	7,597785
675	13,220243
676	5,9622
677	4,977404
678	8,54909
679	7,300492
680	6,381039
681	11,542207
682	2,287216
683	10,964295
684	4,23836
685	7,618446
686	5,253894
687	4,635444
688	8,324494
689	5,954896
690	9,615458
691	4,273197
692	3,879745
693	4,477459
694	6,550236
695	9,585357
696	6,654579
697	3,368367
698	10,739294
699	7,439122
700	4,333004
701	3,374812
702	9,239355
703	0,563365
704	3,12393
705	9,649584
706	3,611295
707	11,680881
708	7,167273
709	11,485438
710	4,438444
711	9,456232
712	9,775977
713	8,47885
714	12,580076
715	2,940114
716	9,103793
717	7,834537
718	5,624586
719	3,693903
720	2,51855
721	7,945272
722	0,637965
723	7,942628
724	7,136331
725	4,304706
726	7,102521
727	2,143293
728	9,689455
729	3,201979
730	8,582932
731	4,912388
732	10,303071
733	0,970153
734	4,834118
735	5,771494
736	4,657366
737	5,828135
738	4,572218
739	8,167699
740	3,751394
741	9,173847
742	3,192243
743	4,75687
744	4,801099
745	9,267367
746	6,551553
747	8,536929
748	7,84953
749	4,819507
750	0,873349
751	8,909598
752	3,665754
753	8,952955
754	1,983569
755	3,666128
756	7,769708
757	4,102505
758	7,918519
759	7,552761
760	10,623638
761	6,95085
762	5,072693
763	3,437181
764	9,241205
765	5,626746
766	4,913625
767	6,385432
768	9,569449
769	10,162041
770	4,639626
771	1,954546
772	6,731205
773	7,027442
774	5,903289
775	10,185763
776	8,121246
777	5,939108
778	4,539758
779	9,499516
780	4,387446
781	0,633038
782	7,986328
783	3,486667
784	7,399955
785	4,416235
786	6,09754
787	3,281217
788	10,53816
789	5,674161
790	5,410083
791	6,894066
792	5,100465
793	12,94191
794	3,382867
795	14,149865
796	7,665724
797	3,068033
798	6,616691
799	1,672457
800	8,323622
801	4,423901
802	12,219467
803	4,367984
804	2,814247
805	3,034543
806	9,523055
807	4,700363
808	4,91984
809	11,647908
810	4,318243
811	9,631985
812	1,516977
813	9,118114
814	4,072802
815	1,05462
816	12,77087
817	5,022856
818	10,051169
819	6,003386
820	9,622367
821	8,141769
822	3,593249
823	10,054338
824	3,169162
825	7,395339
826	2,273397
827	3,410821
828	2,070465
829	1,559845
830	5,637046
831	4,499758
832	1,901972
833	5,089775
834	0,921748
835	6,337473
836	3,226889
837	11,667665
838	2,333052
839	5,42625
840	7,862073
841	3,811205
842	9,150426
843	0,936908
844	10,215808
845	2,792671
846	5,082648
847	4,677972
848	4,686005
849	6,559122
850	5,538172
851	8,239381
852	4,965937
853	6,306583
854	6,570443
855	2,174839
856	5,551991
857	4,81906
858	9,275486
859	2,383595
860	5,949693
861	10,899972
862	4,861356
863	9,316311
864	1,41596
865	10,949292
866	2,013437
867	5,845262
868	6,02698
869	2,160936
870	4,104844
871	1,997824
872	8,648836
873	4,091272
874	5,65111
875	6,53816
876	3,04504
877	6,812587
878	2,739597
879	12,036387
880	1,865611
881	7,749169
882	9,329002
883	7,931004
884	9,249558
885	2,339503
886	13,350811
887	3,580421
888	4,181653
889	5,248446
890	8,544379
891	3,772889
892	2,729648
893	4,831889
894	6,071475
895	4,458302
896	6,983003
897	6,456918
898	5,863876
899	7,735531
900	6,818228
901	6,69325
902	2,847782
903	7,36828
904	5,2855
905	7,457905
906	6,857925
907	3,966498
908	7,903111
909	4,385214
910	2,156856
911	6,707972
912	3,216194
913	7,715537
914	2,79176
915	7,488075
916	5,331493
917	4,016686
918	7,368334
919	2,730293
920	10,585726
921	6,058578
922	8,180694
923	5,105303
924	10,319994
925	1,863196
926	9,520929
927	4,349606
928	7,870981
929	2,375617
930	6,016107
931	4,407401
932	6,177269
933	0,498501
934	6,463049
935	9,933175
936	2,972626
937	6,91157
938	4,155155
939	3,66089
940	6,742383
941	7,961044
942	9,380309
943	4,49806
944	9,933314
945	8,466496
946	6,688795
947	3,183031
948	0,606518
949	10,710849
950	2,151314
951	10,870077
952	5,219995
953	9,255294
954	5,12262
955	0,588174
956	8,169743
957	6,337132
958	8,777963
959	6,459256
960	7,347588
961	7,408382
962	5,808495
963	4,382801
964	7,144628
965	11,810594
966	3,409672
967	11,237363
968	3,631624
969	4,111708
970	9,92672
971	8,860468
972	9,059309
973	7,101195
974	9,912009
975	4,646039
976	7,762151
977	2,281133
978	8,357829
979	6,156637
980	4,841407
981	5,598007
982	7,327265
