0,0,-7.869640e+003
0,1,-7.870639e+003
0,2,-7.871664e+003
0,3,-7.872765e+003
0,4,-7.873319e+003
0,5,-7.873805e+003
0,6,-7.873969e+003
0,7,-7.874280e+003
0,8,-7.874544e+003
0,9,-7.874791e+003
0,10,-7.874983e+003
0,11,-7.875075e+003
0,12,-7.875229e+003
0,13,-7.875341e+003
0,14,-7.875438e+003
0,15,-7.875640e+003
0,16,-7.875711e+003
0,17,-7.875729e+003
0,18,-7.875736e+003
0,19,-7.875737e+003
0,20,-7.875760e+003
0,21,-7.875774e+003
0,22,-7.875774e+003
1,0,-7.869919e+003
1,1,-7.869981e+003
1,2,-7.869993e+003
1,3,-7.870026e+003
1,4,-7.870118e+003
1,5,-7.870135e+003
1,6,-7.870140e+003
1,7,-7.870184e+003
1,8,-7.870330e+003
1,9,-7.870370e+003
1,10,-7.870376e+003
1,11,-7.870495e+003
1,12,-7.870584e+003
1,13,-7.870613e+003
1,14,-7.870643e+003
1,15,-7.870720e+003
1,16,-7.870721e+003
1,17,-7.870722e+003
1,18,-7.870806e+003
1,19,-7.870848e+003
1,20,-7.870878e+003
1,21,-7.870924e+003
1,22,-7.870967e+003
1,23,-7.871008e+003
1,24,-7.871009e+003
1,25,-7.871101e+003
1,26,-7.871135e+003
1,27,-7.871179e+003
1,28,-7.871293e+003
1,29,-7.871333e+003
1,30,-7.871352e+003
1,31,-7.871365e+003
1,32,-7.871420e+003
1,33,-7.871433e+003
1,34,-7.871440e+003
1,35,-7.871538e+003
1,36,-7.871593e+003
1,37,-7.871690e+003
1,38,-7.871711e+003
1,39,-7.871748e+003
1,40,-7.871849e+003
1,41,-7.871947e+003
1,42,-7.871958e+003
1,43,-7.872000e+003
1,44,-7.872029e+003
1,45,-7.872102e+003
1,46,-7.872133e+003
1,47,-7.872142e+003
1,48,-7.872173e+003
1,49,-7.872200e+003
1,50,-7.872201e+003
1,51,-7.872274e+003
1,52,-7.872303e+003
1,53,-7.872334e+003
1,54,-7.872353e+003
1,55,-7.872387e+003
1,56,-7.872388e+003
1,57,-7.872473e+003
1,58,-7.872475e+003
1,59,-7.872596e+003
1,60,-7.872625e+003
1,61,-7.872653e+003
1,62,-7.872723e+003
1,63,-7.872724e+003
1,64,-7.872760e+003
1,65,-7.872761e+003
1,66,-7.872784e+003
1,67,-7.872801e+003
1,68,-7.872802e+003
1,69,-7.872814e+003
1,70,-7.872815e+003
1,71,-7.872840e+003
1,72,-7.872859e+003
1,73,-7.872879e+003
1,74,-7.872900e+003
1,75,-7.872965e+003
1,76,-7.872986e+003
1,77,-7.873419e+003
1,78,-7.873778e+003
1,79,-7.874025e+003
1,80,-7.874151e+003
1,81,-7.874258e+003
1,82,-7.874527e+003
1,83,-7.874628e+003
1,84,-7.874768e+003
1,85,-7.874897e+003
1,86,-7.874969e+003
1,87,-7.875077e+003
1,88,-7.875213e+003
1,89,-7.875215e+003
1,90,-7.875218e+003
1,91,-7.875221e+003
1,92,-7.875224e+003
1,93,-7.875227e+003
1,94,-7.875227e+003
2,0,-7.868503e+003
2,1,-7.868503e+003
2,2,-7.868503e+003
2,3,-7.868503e+003
2,4,-7.868503e+003
2,5,-7.868503e+003
2,6,-7.868503e+003
2,7,-7.868503e+003
2,8,-7.868503e+003
2,9,-7.868503e+003
2,10,-7.868503e+003
2,11,-7.868544e+003
2,12,-7.868589e+003
2,13,-7.868590e+003
2,14,-7.868590e+003
2,15,-7.868591e+003
2,16,-7.868591e+003
2,17,-7.868591e+003
3,0,-7.868012e+003
3,1,-7.868012e+003
3,2,-7.868012e+003
3,3,-7.868012e+003
3,4,-7.868018e+003
3,5,-7.868062e+003
3,6,-7.868093e+003
3,7,-7.868093e+003
3,8,-7.868093e+003
3,9,-7.868107e+003
3,10,-7.868107e+003
3,11,-7.868115e+003
3,12,-7.868115e+003
4,0,-7.867127e+003
4,1,-7.867127e+003
4,2,-7.867127e+003
4,3,-7.867128e+003
4,4,-7.867129e+003
4,5,-7.867130e+003
4,6,-7.867131e+003
4,7,-7.867132e+003
4,8,-7.867143e+003
4,9,-7.867190e+003
4,10,-7.867192e+003
4,11,-7.867192e+003
4,12,-7.867193e+003
4,13,-7.867193e+003
5,0,-7.866301e+003
5,1,-7.866321e+003
5,2,-7.866321e+003
5,3,-7.866321e+003
5,4,-7.866321e+003
5,5,-7.866322e+003
5,6,-7.866324e+003
5,7,-7.866326e+003
5,8,-7.866328e+003
5,9,-7.866331e+003
5,10,-7.866333e+003
5,11,-7.866359e+003
5,12,-7.866416e+003
5,13,-7.866416e+003
6,0,-7.864696e+003
6,1,-7.864702e+003
6,2,-7.864702e+003
6,3,-7.864702e+003
6,4,-7.864702e+003
6,5,-7.864702e+003
6,6,-7.864704e+003
6,7,-7.864712e+003
6,8,-7.864712e+003
6,9,-7.864712e+003
6,10,-7.864712e+003
6,11,-7.864712e+003
6,12,-7.864715e+003
6,13,-7.864718e+003
6,14,-7.864721e+003
6,15,-7.864724e+003
6,16,-7.864727e+003
6,17,-7.864727e+003
6,18,-7.864727e+003
7,0,-7.863139e+003
7,1,-7.863142e+003
7,2,-7.863145e+003
7,3,-7.863145e+003
7,4,-7.865960e+003
7,5,-7.868087e+003
7,6,-7.869077e+003
7,7,-7.869861e+003
7,8,-7.870600e+003
7,9,-7.871205e+003
7,10,-7.872070e+003
7,11,-7.872538e+003
7,12,-7.873143e+003
7,13,-7.873885e+003
7,14,-7.874302e+003
7,15,-7.874765e+003
7,16,-7.874927e+003
7,17,-7.875072e+003
7,18,-7.875141e+003
7,19,-7.875284e+003
7,20,-7.875359e+003
7,21,-7.875410e+003
7,22,-7.875462e+003
7,23,-7.875514e+003
7,24,-7.875629e+003
7,25,-7.875737e+003
7,26,-7.875774e+003
7,27,-7.875809e+003
7,28,-7.875847e+003
7,29,-7.875849e+003
7,30,-7.875851e+003
7,31,-7.875851e+003
8,0,-7.867368e+003
8,1,-7.867370e+003
8,2,-7.867372e+003
8,3,-7.867374e+003
8,4,-7.867374e+003
8,5,-7.867376e+003
8,6,-7.867378e+003
8,7,-7.867382e+003
8,8,-7.867401e+003
8,9,-7.867405e+003
8,10,-7.867409e+003
8,11,-7.867413e+003
8,12,-7.867418e+003
8,13,-7.867423e+003
8,14,-7.867429e+003
8,15,-7.867451e+003
8,16,-7.867451e+003
9,0,-7.865416e+003
9,1,-7.865422e+003
9,2,-7.865429e+003
9,3,-7.865436e+003
9,4,-7.865443e+003
9,5,-7.865450e+003
9,6,-7.865451e+003
9,7,-7.865471e+003
9,8,-7.865471e+003
9,9,-7.865523e+003
9,10,-7.865523e+003
9,11,-7.865523e+003
10,0,-7.863698e+003
10,1,-7.863716e+003
10,2,-7.863780e+003
10,3,-7.863788e+003
10,4,-7.863796e+003
10,5,-7.863804e+003
10,6,-7.863813e+003
10,7,-7.863821e+003
10,8,-7.863840e+003
10,9,-7.863841e+003
10,10,-7.863842e+003
10,11,-7.863847e+003
10,12,-7.863913e+003
10,13,-7.863923e+003
10,14,-7.863948e+003
10,15,-7.863948e+003
11,0,-7.860548e+003
11,1,-7.860558e+003
11,2,-7.860567e+003
11,3,-7.860619e+003
11,4,-7.860629e+003
11,5,-7.860640e+003
11,6,-7.860652e+003
11,7,-7.860652e+003
11,8,-7.860665e+003
11,9,-7.860678e+003
11,10,-7.860679e+003
11,11,-7.860680e+003
11,12,-7.860738e+003
11,13,-7.860752e+003
11,14,-7.860766e+003
11,15,-7.860781e+003
11,16,-7.860799e+003
11,17,-7.860814e+003
11,18,-7.860874e+003
11,19,-7.860889e+003
11,20,-7.860903e+003
11,21,-7.860918e+003
11,22,-7.860932e+003
11,23,-7.860967e+003
11,24,-7.861040e+003
11,25,-7.861041e+003
11,26,-7.861059e+003
11,27,-7.865994e+003
11,28,-7.870523e+003
11,29,-7.872484e+003
11,30,-7.873504e+003
11,31,-7.874106e+003
11,32,-7.874254e+003
11,33,-7.874454e+003
11,34,-7.874659e+003
11,35,-7.874745e+003
11,36,-7.874866e+003
11,37,-7.874943e+003
11,38,-7.875079e+003
11,39,-7.875219e+003
11,40,-7.875499e+003
11,41,-7.875677e+003
11,42,-7.875793e+003
11,43,-7.875893e+003
11,44,-7.875980e+003
11,45,-7.875982e+003
11,46,-7.875985e+003
11,47,-7.875991e+003
11,48,-7.876004e+003
11,49,-7.876026e+003
11,50,-7.876046e+003
11,51,-7.876062e+003
11,52,-7.876077e+003
11,53,-7.876078e+003
11,54,-7.876078e+003
12,0,-7.868450e+003
12,1,-7.868458e+003
12,2,-7.868460e+003
12,3,-7.868462e+003
12,4,-7.868544e+003
12,5,-7.868605e+003
12,6,-7.868623e+003
12,7,-7.868644e+003
12,8,-7.868649e+003
12,9,-7.868701e+003
12,10,-7.868703e+003
12,11,-7.868811e+003
12,12,-7.868840e+003
12,13,-7.868842e+003
12,14,-7.868901e+003
12,15,-7.868932e+003
12,16,-7.868964e+003
12,17,-7.868989e+003
12,18,-7.869057e+003
12,19,-7.869100e+003
12,20,-7.869125e+003
12,21,-7.869139e+003
12,22,-7.869199e+003
12,23,-7.869241e+003
12,24,-7.869361e+003
12,25,-7.869435e+003
12,26,-7.869443e+003
12,27,-7.869488e+003
12,28,-7.869499e+003
12,29,-7.869515e+003
12,30,-7.869517e+003
12,31,-7.869520e+003
12,32,-7.869614e+003
12,33,-7.869632e+003
12,34,-7.869644e+003
12,35,-7.869646e+003
12,36,-7.869713e+003
12,37,-7.869731e+003
12,38,-7.869749e+003
12,39,-7.869778e+003
12,40,-7.869853e+003
12,41,-7.869963e+003
12,42,-7.869983e+003
12,43,-7.870004e+003
12,44,-7.870025e+003
12,45,-7.870048e+003
12,46,-7.870071e+003
12,47,-7.870095e+003
12,48,-7.870120e+003
12,49,-7.870146e+003
12,50,-7.870219e+003
12,51,-7.870248e+003
12,52,-7.870278e+003
12,53,-7.870310e+003
12,54,-7.870388e+003
12,55,-7.870422e+003
12,56,-7.870457e+003
12,57,-7.870491e+003
12,58,-7.870526e+003
12,59,-7.870561e+003
12,60,-7.870596e+003
12,61,-7.870597e+003
12,62,-7.870674e+003
12,63,-7.870742e+003
12,64,-7.870743e+003
12,65,-7.870830e+003
12,66,-7.870909e+003
12,67,-7.870944e+003
12,68,-7.870980e+003
12,69,-7.871027e+003
12,70,-7.871078e+003
12,71,-7.871125e+003
12,72,-7.873028e+003
12,73,-7.873946e+003
12,74,-7.874640e+003
12,75,-7.875200e+003
12,76,-7.875346e+003
12,77,-7.875613e+003
12,78,-7.875702e+003
12,79,-7.875817e+003
12,80,-7.875915e+003
12,81,-7.876048e+003
12,82,-7.876079e+003
12,83,-7.876095e+003
12,84,-7.876153e+003
12,85,-7.876166e+003
12,86,-7.876182e+003
12,87,-7.876193e+003
12,88,-7.876202e+003
12,89,-7.876203e+003
12,90,-7.876207e+003
12,91,-7.876210e+003
12,92,-7.876213e+003
12,93,-7.876215e+003
12,94,-7.876215e+003
13,0,-7.868015e+003
13,1,-7.868015e+003
13,2,-7.868015e+003
13,3,-7.868015e+003
13,4,-7.868015e+003
13,5,-7.868015e+003
13,6,-7.868015e+003
13,7,-7.868015e+003
13,8,-7.868015e+003
13,9,-7.868030e+003
13,10,-7.868032e+003
13,11,-7.868033e+003
13,12,-7.868034e+003
13,13,-7.868035e+003
13,14,-7.868035e+003
13,15,-7.868035e+003
14,0,-7.868439e+003
14,1,-7.868439e+003
14,2,-7.868439e+003
14,3,-7.868439e+003
14,4,-7.868439e+003
14,5,-7.868447e+003
14,6,-7.868450e+003
14,7,-7.868497e+003
14,8,-7.868544e+003
14,9,-7.868546e+003
14,10,-7.868549e+003
14,11,-7.868552e+003
14,12,-7.868556e+003
14,13,-7.868560e+003
14,14,-7.868609e+003
14,15,-7.868610e+003
14,16,-7.868610e+003
14,17,-7.868612e+003
14,18,-7.868638e+003
14,19,-7.868638e+003
14,20,-7.868641e+003
14,21,-7.868643e+003
14,22,-7.868644e+003
14,23,-7.868661e+003
14,24,-7.868725e+003
14,25,-7.868775e+003
14,26,-7.868780e+003
14,27,-7.868784e+003
14,28,-7.868789e+003
14,29,-7.868790e+003
14,30,-7.868792e+003
14,31,-7.868793e+003
14,32,-7.868807e+003
14,33,-7.868811e+003
14,34,-7.868815e+003
14,35,-7.868820e+003
14,36,-7.868869e+003
14,37,-7.868870e+003
14,38,-7.868873e+003
14,39,-7.868873e+003
15,0,-7.867074e+003
15,1,-7.867078e+003
15,2,-7.867078e+003
15,3,-7.867096e+003
15,4,-7.867101e+003
15,5,-7.867106e+003
15,6,-7.867111e+003
15,7,-7.867111e+003
15,8,-7.867115e+003
15,9,-7.867116e+003
15,10,-7.867185e+003
15,11,-7.867190e+003
15,12,-7.867196e+003
15,13,-7.867304e+003
15,14,-7.867309e+003
15,15,-7.867373e+003
15,16,-7.867378e+003
15,17,-7.867383e+003
15,18,-7.867384e+003
15,19,-7.867385e+003
15,20,-7.867386e+003
15,21,-7.868552e+003
15,22,-7.869821e+003
15,23,-7.870748e+003
15,24,-7.871153e+003
15,25,-7.871739e+003
15,26,-7.872218e+003
15,27,-7.872736e+003
15,28,-7.873231e+003
15,29,-7.873813e+003
15,30,-7.874268e+003
15,31,-7.874785e+003
15,32,-7.875006e+003
15,33,-7.875253e+003
15,34,-7.875589e+003
15,35,-7.875796e+003
15,36,-7.875846e+003
15,37,-7.875938e+003
15,38,-7.875965e+003
15,39,-7.876060e+003
15,40,-7.876094e+003
15,41,-7.876096e+003
15,42,-7.876115e+003
15,43,-7.876117e+003
15,44,-7.876117e+003
16,0,-7.869305e+003
16,1,-7.869308e+003
16,2,-7.869311e+003
16,3,-7.869314e+003
16,4,-7.869315e+003
16,5,-7.869316e+003
16,6,-7.869354e+003
16,7,-7.869359e+003
16,8,-7.869365e+003
16,9,-7.869366e+003
16,10,-7.869367e+003
16,11,-7.869389e+003
16,12,-7.869389e+003
17,0,-7.868366e+003
17,1,-7.868381e+003
17,2,-7.868381e+003
17,3,-7.868381e+003
17,4,-7.868386e+003
17,5,-7.868484e+003
17,6,-7.868485e+003
17,7,-7.868486e+003
17,8,-7.868488e+003
17,9,-7.868506e+003
17,10,-7.868567e+003
17,11,-7.868576e+003
17,12,-7.868587e+003
17,13,-7.868598e+003
17,14,-7.868598e+003
17,15,-7.868600e+003
17,16,-7.868603e+003
17,17,-7.868635e+003
17,18,-7.868647e+003
17,19,-7.868648e+003
17,20,-7.868649e+003
17,21,-7.868667e+003
17,22,-7.868668e+003
17,23,-7.868680e+003
17,24,-7.868728e+003
17,25,-7.868741e+003
17,26,-7.868753e+003
17,27,-7.868765e+003
17,28,-7.868778e+003
17,29,-7.868800e+003
17,30,-7.868823e+003
17,31,-7.868835e+003
17,32,-7.868847e+003
17,33,-7.868860e+003
17,34,-7.868962e+003
17,35,-7.868975e+003
17,36,-7.868981e+003
17,37,-7.869002e+003
17,38,-7.869087e+003
17,39,-7.869101e+003
17,40,-7.869116e+003
17,41,-7.869176e+003
17,42,-7.869178e+003
17,43,-7.869191e+003
17,44,-7.869207e+003
17,45,-7.869208e+003
17,46,-7.869209e+003
17,47,-7.869259e+003
17,48,-7.869320e+003
17,49,-7.869320e+003
18,0,-7.865123e+003
18,1,-7.865136e+003
18,2,-7.865150e+003
18,3,-7.865249e+003
18,4,-7.865296e+003
18,5,-7.865313e+003
18,6,-7.865331e+003
18,7,-7.865453e+003
18,8,-7.865467e+003
18,9,-7.865508e+003
18,10,-7.865529e+003
18,11,-7.865550e+003
18,12,-7.865571e+003
18,13,-7.868698e+003
18,14,-7.870529e+003
18,15,-7.871620e+003
18,16,-7.872655e+003
18,17,-7.873365e+003
18,18,-7.873609e+003
18,19,-7.873929e+003
18,20,-7.874171e+003
18,21,-7.874611e+003
18,22,-7.874987e+003
18,23,-7.875116e+003
18,24,-7.875313e+003
18,25,-7.875443e+003
18,26,-7.875446e+003
18,27,-7.875447e+003
18,28,-7.875557e+003
18,29,-7.875581e+003
18,30,-7.875721e+003
18,31,-7.875817e+003
18,32,-7.875819e+003
18,33,-7.875878e+003
18,34,-7.875879e+003
18,35,-7.875882e+003
18,36,-7.875886e+003
18,37,-7.875890e+003
18,38,-7.875890e+003
19,0,-7.868989e+003
19,1,-7.868990e+003
19,2,-7.868992e+003
19,3,-7.868994e+003
19,4,-7.868995e+003
19,5,-7.868996e+003
19,6,-7.868998e+003
19,7,-7.869001e+003
19,8,-7.869007e+003
19,9,-7.869060e+003
19,10,-7.869065e+003
19,11,-7.869070e+003
19,12,-7.869076e+003
19,13,-7.869082e+003
19,14,-7.869089e+003
19,15,-7.869096e+003
19,16,-7.869103e+003
19,17,-7.869138e+003
19,18,-7.869138e+003
20,0,-7.867104e+003
20,1,-7.867112e+003
20,2,-7.867130e+003
20,3,-7.867138e+003
20,4,-7.867157e+003
20,5,-7.867165e+003
20,6,-7.867174e+003
20,7,-7.867174e+003
20,8,-7.867176e+003
20,9,-7.867178e+003
20,10,-7.867204e+003
20,11,-7.867212e+003
20,12,-7.867213e+003
20,13,-7.867214e+003
20,14,-7.867232e+003
20,15,-7.867233e+003
20,16,-7.867234e+003
20,17,-7.867251e+003
20,18,-7.867259e+003
20,19,-7.867266e+003
20,20,-7.867274e+003
20,21,-7.867282e+003
20,22,-7.867290e+003
20,23,-7.867291e+003
20,24,-7.867291e+003
20,25,-7.867345e+003
20,26,-7.867355e+003
20,27,-7.867364e+003
20,28,-7.867374e+003
20,29,-7.867384e+003
20,30,-7.867384e+003
21,0,-7.863465e+003
21,1,-7.863475e+003
21,2,-7.863486e+003
21,3,-7.863497e+003
21,4,-7.863506e+003
21,5,-7.863576e+003
21,6,-7.863577e+003
21,7,-7.863581e+003
21,8,-7.863594e+003
21,9,-7.863595e+003
21,10,-7.863644e+003
21,11,-7.863658e+003
21,12,-7.863683e+003
21,13,-7.863698e+003
21,14,-7.863713e+003
21,15,-7.863798e+003
21,16,-7.863798e+003
21,17,-7.863836e+003
21,18,-7.863837e+003
21,19,-7.863869e+003
21,20,-7.863899e+003
21,21,-7.863960e+003
21,22,-7.864023e+003
21,23,-7.864040e+003
21,24,-7.869118e+003
21,25,-7.871058e+003
21,26,-7.873545e+003
21,27,-7.874060e+003
21,28,-7.874407e+003
21,29,-7.874502e+003
21,30,-7.874650e+003
21,31,-7.874950e+003
21,32,-7.875160e+003
21,33,-7.875372e+003
21,34,-7.875472e+003
21,35,-7.875475e+003
21,36,-7.875520e+003
21,37,-7.875539e+003
21,38,-7.875727e+003
21,39,-7.875729e+003
21,40,-7.875733e+003
21,41,-7.875738e+003
21,42,-7.875744e+003
21,43,-7.875744e+003
22,0,-7.868095e+003
22,1,-7.868098e+003
22,2,-7.868103e+003
22,3,-7.868107e+003
22,4,-7.868113e+003
22,5,-7.868119e+003
22,6,-7.868126e+003
22,7,-7.868134e+003
22,8,-7.868135e+003
22,9,-7.868172e+003
22,10,-7.868183e+003
22,11,-7.868196e+003
22,12,-7.868209e+003
22,13,-7.868223e+003
22,14,-7.868315e+003
22,15,-7.868315e+003
23,0,-7.865883e+003
23,1,-7.865946e+003
23,2,-7.865965e+003
23,3,-7.866030e+003
23,4,-7.866051e+003
23,5,-7.866132e+003
23,6,-7.866164e+003
23,7,-7.866164e+003
23,8,-7.866173e+003
23,9,-7.866202e+003
23,10,-7.866233e+003
23,11,-7.866234e+003
23,12,-7.866363e+003
23,13,-7.866364e+003
23,14,-7.866459e+003
23,15,-7.866596e+003
23,16,-7.866701e+003
23,17,-7.866809e+003
23,18,-7.866849e+003
23,19,-7.866934e+003
23,20,-7.866975e+003
23,21,-7.866981e+003
23,22,-7.867184e+003
23,23,-7.867190e+003
23,24,-7.867247e+003
23,25,-7.867301e+003
23,26,-7.867383e+003
23,27,-7.867418e+003
23,28,-7.867443e+003
23,29,-7.867552e+003
23,30,-7.867674e+003
23,31,-7.867705e+003
23,32,-7.867735e+003
23,33,-7.867763e+003
23,34,-7.867791e+003
23,35,-7.867818e+003
23,36,-7.867855e+003
23,37,-7.867857e+003
23,38,-7.867880e+003
23,39,-7.867885e+003
23,40,-7.867910e+003
23,41,-7.867944e+003
23,42,-7.868014e+003
23,43,-7.868038e+003
23,44,-7.868063e+003
23,45,-7.868088e+003
23,46,-7.868090e+003
23,47,-7.868102e+003
23,48,-7.868139e+003
23,49,-7.868167e+003
23,50,-7.868196e+003
23,51,-7.868225e+003
23,52,-7.868226e+003
23,53,-7.868343e+003
23,54,-7.868418e+003
23,55,-7.868448e+003
23,56,-7.868524e+003
23,57,-7.868525e+003
23,58,-7.868599e+003
23,59,-7.868600e+003
23,60,-7.868627e+003
23,61,-7.868747e+003
23,62,-7.868777e+003
23,63,-7.868808e+003
23,64,-7.872171e+003
23,65,-7.873570e+003
23,66,-7.874392e+003
23,67,-7.875454e+003
23,68,-7.875953e+003
23,69,-7.876280e+003
23,70,-7.876439e+003
23,71,-7.876451e+003
23,72,-7.876535e+003
23,73,-7.876636e+003
23,74,-7.876639e+003
23,75,-7.876644e+003
23,76,-7.876649e+003
23,77,-7.876655e+003
23,78,-7.876662e+003
23,79,-7.876663e+003
23,80,-7.876666e+003
23,81,-7.876666e+003
24,0,-7.867837e+003
24,1,-7.867837e+003
24,2,-7.867856e+003
24,3,-7.867860e+003
24,4,-7.867865e+003
24,5,-7.867883e+003
24,6,-7.867889e+003
24,7,-7.867891e+003
24,8,-7.867893e+003
24,9,-7.867924e+003
24,10,-7.867935e+003
24,11,-7.867942e+003
24,12,-7.867976e+003
24,13,-7.867989e+003
24,14,-7.867991e+003
24,15,-7.868010e+003
24,16,-7.868014e+003
24,17,-7.868038e+003
24,18,-7.868041e+003
24,19,-7.868041e+003
24,20,-7.868057e+003
24,21,-7.868067e+003
24,22,-7.868068e+003
24,23,-7.868078e+003
24,24,-7.868133e+003
24,25,-7.868181e+003
24,26,-7.868241e+003
24,27,-7.868256e+003
24,28,-7.868283e+003
24,29,-7.868302e+003
24,30,-7.868369e+003
24,31,-7.868391e+003
24,32,-7.868415e+003
24,33,-7.868429e+003
24,34,-7.868431e+003
24,35,-7.868495e+003
24,36,-7.868562e+003
24,37,-7.868633e+003
24,38,-7.868633e+003
24,39,-7.868671e+003
24,40,-7.868737e+003
24,41,-7.868758e+003
24,42,-7.868777e+003
24,43,-7.868866e+003
24,44,-7.868891e+003
24,45,-7.868892e+003
24,46,-7.869055e+003
24,47,-7.869083e+003
24,48,-7.869110e+003
24,49,-7.869138e+003
24,50,-7.869154e+003
24,51,-7.869180e+003
24,52,-7.869248e+003
24,53,-7.869270e+003
24,54,-7.869272e+003
24,55,-7.869274e+003
24,56,-7.869279e+003
24,57,-7.869339e+003
24,58,-7.869354e+003
24,59,-7.869379e+003
24,60,-7.869403e+003
24,61,-7.869415e+003
24,62,-7.869444e+003
24,63,-7.869456e+003
24,64,-7.869457e+003
24,65,-7.869505e+003
24,66,-7.869521e+003
24,67,-7.869538e+003
24,68,-7.869556e+003
24,69,-7.869575e+003
24,70,-7.869600e+003
24,71,-7.869618e+003
24,72,-7.869620e+003
24,73,-7.869682e+003
24,74,-7.869704e+003
24,75,-7.869781e+003
24,76,-7.869782e+003
24,77,-7.869833e+003
24,78,-7.869835e+003
24,79,-7.869963e+003
24,80,-7.869984e+003
24,81,-7.870005e+003
24,82,-7.871144e+003
24,83,-7.872440e+003
24,84,-7.873120e+003
24,85,-7.873678e+003
24,86,-7.874103e+003
24,87,-7.874831e+003
24,88,-7.875241e+003
24,89,-7.875500e+003
24,90,-7.875709e+003
24,91,-7.875974e+003
24,92,-7.876128e+003
24,93,-7.876226e+003
24,94,-7.876275e+003
24,95,-7.876349e+003
24,96,-7.876411e+003
24,97,-7.876425e+003
24,98,-7.876529e+003
24,99,-7.876529e+003
25,0,-7.868124e+003
25,1,-7.868145e+003
25,2,-7.868172e+003
25,3,-7.868249e+003
25,4,-7.868284e+003
25,5,-7.868291e+003
25,6,-7.868409e+003
25,7,-7.868530e+003
25,8,-7.868603e+003
25,9,-7.868684e+003
25,10,-7.868797e+003
25,11,-7.868800e+003
25,12,-7.868875e+003
25,13,-7.868895e+003
25,14,-7.868916e+003
25,15,-7.869029e+003
25,16,-7.869052e+003
25,17,-7.869122e+003
25,18,-7.869147e+003
25,19,-7.869173e+003
25,20,-7.869197e+003
25,21,-7.869231e+003
25,22,-7.869254e+003
25,23,-7.869275e+003
25,24,-7.869352e+003
25,25,-7.869383e+003
25,26,-7.869508e+003
25,27,-7.869530e+003
25,28,-7.869552e+003
25,29,-7.869552e+003
26,0,-7.865119e+003
26,1,-7.865120e+003
26,2,-7.865172e+003
26,3,-7.865173e+003
26,4,-7.865289e+003
26,5,-7.865320e+003
26,6,-7.865354e+003
26,7,-7.865389e+003
26,8,-7.865529e+003
26,9,-7.865566e+003
26,10,-7.865649e+003
26,11,-7.865694e+003
26,12,-7.865705e+003
26,13,-7.865778e+003
26,14,-7.865828e+003
26,15,-7.865837e+003
26,16,-7.865932e+003
26,17,-7.866166e+003
26,18,-7.866168e+003
26,19,-7.866322e+003
26,20,-7.866350e+003
26,21,-7.866405e+003
26,22,-7.866455e+003
26,23,-7.866495e+003
26,24,-7.866534e+003
26,25,-7.866574e+003
26,26,-7.866610e+003
26,27,-7.866649e+003
26,28,-7.866650e+003
26,29,-7.866796e+003
26,30,-7.866843e+003
26,31,-7.866879e+003
26,32,-7.866880e+003
26,33,-7.866919e+003
26,34,-7.866962e+003
26,35,-7.867004e+003
26,36,-7.867042e+003
26,37,-7.867074e+003
26,38,-7.867092e+003
26,39,-7.867124e+003
26,40,-7.867126e+003
26,41,-7.867223e+003
26,42,-7.867256e+003
26,43,-7.867335e+003
26,44,-7.867336e+003
26,45,-7.867395e+003
26,46,-7.867453e+003
26,47,-7.867467e+003
26,48,-7.867511e+003
26,49,-7.867512e+003
26,50,-7.867584e+003
26,51,-7.867626e+003
26,52,-7.869528e+003
26,53,-7.870698e+003
26,54,-7.871550e+003
26,55,-7.872271e+003
26,56,-7.872969e+003
26,57,-7.873990e+003
26,58,-7.874547e+003
26,59,-7.874974e+003
26,60,-7.875279e+003
26,61,-7.875476e+003
26,62,-7.875900e+003
26,63,-7.875978e+003
26,64,-7.876082e+003
26,65,-7.876217e+003
26,66,-7.876261e+003
26,67,-7.876420e+003
26,68,-7.876625e+003
26,69,-7.876627e+003
26,70,-7.876632e+003
26,71,-7.876632e+003
27,0,-7.867599e+003
27,1,-7.867599e+003
27,2,-7.867658e+003
27,3,-7.867725e+003
27,4,-7.867752e+003
27,5,-7.867754e+003
27,6,-7.867806e+003
27,7,-7.867845e+003
27,8,-7.867874e+003
27,9,-7.867946e+003
27,10,-7.867947e+003
27,11,-7.868119e+003
27,12,-7.868227e+003
27,13,-7.868387e+003
27,14,-7.868595e+003
27,15,-7.868643e+003
27,16,-7.868732e+003
27,17,-7.868841e+003
27,18,-7.868968e+003
27,19,-7.869019e+003
27,20,-7.869088e+003
27,21,-7.869152e+003
27,22,-7.869155e+003
27,23,-7.869197e+003
27,24,-7.869255e+003
27,25,-7.869256e+003
27,26,-7.869325e+003
27,27,-7.869343e+003
27,28,-7.869441e+003
27,29,-7.869479e+003
27,30,-7.869516e+003
27,31,-7.869551e+003
27,32,-7.869585e+003
27,33,-7.869664e+003
27,34,-7.869708e+003
27,35,-7.869803e+003
27,36,-7.869909e+003
27,37,-7.869944e+003
27,38,-7.869984e+003
27,39,-7.870071e+003
27,40,-7.870073e+003
27,41,-7.870187e+003
27,42,-7.870276e+003
27,43,-7.870277e+003
27,44,-7.870366e+003
27,45,-7.870370e+003
27,46,-7.870375e+003
27,47,-7.870380e+003
27,48,-7.870429e+003
27,49,-7.870433e+003
27,50,-7.870463e+003
27,51,-7.870515e+003
27,52,-7.870535e+003
27,53,-7.870546e+003
27,54,-7.870602e+003
27,55,-7.870610e+003
27,56,-7.870670e+003
27,57,-7.870691e+003
27,58,-7.870798e+003
27,59,-7.870842e+003
27,60,-7.870844e+003
27,61,-7.870844e+003
28,0,-7.863546e+003
28,1,-7.863632e+003
28,2,-7.863714e+003
28,3,-7.863755e+003
28,4,-7.863845e+003
28,5,-7.863864e+003
28,6,-7.863890e+003
28,7,-7.863980e+003
28,8,-7.864115e+003
28,9,-7.864159e+003
28,10,-7.864202e+003
28,11,-7.864256e+003
28,12,-7.864283e+003
28,13,-7.864356e+003
28,14,-7.864391e+003
28,15,-7.864443e+003
28,16,-7.864530e+003
28,17,-7.864627e+003
28,18,-7.866708e+003
28,19,-7.868674e+003
28,20,-7.869484e+003
28,21,-7.870345e+003
28,22,-7.871167e+003
28,23,-7.872004e+003
28,24,-7.872963e+003
28,25,-7.873551e+003
28,26,-7.873982e+003
28,27,-7.874212e+003
28,28,-7.874450e+003
28,29,-7.874679e+003
28,30,-7.874989e+003
28,31,-7.875241e+003
28,32,-7.875472e+003
28,33,-7.875775e+003
28,34,-7.876030e+003
28,35,-7.876180e+003
28,36,-7.876183e+003
28,37,-7.876213e+003
28,38,-7.876221e+003
28,39,-7.876256e+003
28,40,-7.876282e+003
28,41,-7.876324e+003
28,42,-7.876349e+003
28,43,-7.876373e+003
28,44,-7.876375e+003
28,45,-7.876378e+003
28,46,-7.876381e+003
28,47,-7.876385e+003
28,48,-7.876388e+003
28,49,-7.876392e+003
28,50,-7.876394e+003
28,51,-7.876394e+003
29,0,-7.869094e+003
29,1,-7.869094e+003
29,2,-7.869096e+003
29,3,-7.869097e+003
29,4,-7.869097e+003
29,5,-7.869097e+003
29,6,-7.869098e+003
29,7,-7.869098e+003
29,8,-7.869098e+003
29,9,-7.869099e+003
29,10,-7.869099e+003
29,11,-7.869100e+003
29,12,-7.869100e+003
29,13,-7.869101e+003
29,14,-7.869101e+003
29,15,-7.869102e+003
29,16,-7.869103e+003
29,17,-7.869147e+003
29,18,-7.869147e+003
30,0,-7.869310e+003
30,1,-7.869311e+003
30,2,-7.869312e+003
30,3,-7.869355e+003
30,4,-7.869376e+003
30,5,-7.869376e+003
30,6,-7.869376e+003
30,7,-7.869376e+003
30,8,-7.869376e+003
30,9,-7.869376e+003
30,10,-7.869378e+003
30,11,-7.869378e+003
30,12,-7.869379e+003
30,13,-7.869379e+003
31,0,-7.869388e+003
31,1,-7.869388e+003
31,2,-7.869388e+003
31,3,-7.869401e+003
31,4,-7.869438e+003
31,5,-7.869438e+003
31,6,-7.869438e+003
31,7,-7.869439e+003
31,8,-7.869441e+003
31,9,-7.869442e+003
31,10,-7.869444e+003
31,11,-7.869446e+003
31,12,-7.869449e+003
31,13,-7.869451e+003
31,14,-7.869453e+003
31,15,-7.869455e+003
31,16,-7.869457e+003
31,17,-7.869459e+003
31,18,-7.869461e+003
31,19,-7.869464e+003
31,20,-7.869466e+003
31,21,-7.869468e+003
31,22,-7.869470e+003
31,23,-7.869471e+003
31,24,-7.869472e+003
31,25,-7.869473e+003
31,26,-7.869480e+003
31,27,-7.869482e+003
31,28,-7.869503e+003
31,29,-7.869505e+003
31,30,-7.869505e+003
31,31,-7.869506e+003
31,32,-7.869508e+003
31,33,-7.871039e+003
31,34,-7.871468e+003
31,35,-7.871943e+003
31,36,-7.872302e+003
31,37,-7.872630e+003
31,38,-7.873242e+003
31,39,-7.873908e+003
31,40,-7.874094e+003
31,41,-7.874347e+003
31,42,-7.874550e+003
31,43,-7.874734e+003
31,44,-7.874828e+003
31,45,-7.874869e+003
31,46,-7.874872e+003
31,47,-7.874897e+003
31,48,-7.874912e+003
31,49,-7.874926e+003
31,50,-7.874928e+003
31,51,-7.874930e+003
31,52,-7.874933e+003
31,53,-7.874936e+003
31,54,-7.874939e+003
31,55,-7.874942e+003
31,56,-7.874944e+003
31,57,-7.874944e+003
32,0,-7.870231e+003
32,1,-7.870233e+003
32,2,-7.870233e+003
32,3,-7.870233e+003
32,4,-7.870234e+003
32,5,-7.870234e+003
32,6,-7.870234e+003
32,7,-7.870235e+003
32,8,-7.870235e+003
32,9,-7.870236e+003
32,10,-7.870237e+003
32,11,-7.870237e+003
32,12,-7.870238e+003
32,13,-7.870239e+003
32,14,-7.870239e+003
32,15,-7.870240e+003
32,16,-7.870241e+003
32,17,-7.870242e+003
32,18,-7.870243e+003
32,19,-7.870244e+003
32,20,-7.870245e+003
32,21,-7.870246e+003
32,22,-7.870247e+003
32,23,-7.870248e+003
32,24,-7.870248e+003
33,0,-7.869495e+003
33,1,-7.869495e+003
33,2,-7.869495e+003
33,3,-7.869500e+003
33,4,-7.869500e+003
33,5,-7.869501e+003
33,6,-7.869502e+003
33,7,-7.869502e+003
33,8,-7.869502e+003
33,9,-7.869502e+003
33,10,-7.869502e+003
33,11,-7.869508e+003
33,12,-7.869510e+003
33,13,-7.869512e+003
33,14,-7.869553e+003
33,15,-7.869553e+003
34,0,-7.867938e+003
34,1,-7.867948e+003
34,2,-7.867957e+003
34,3,-7.867960e+003
34,4,-7.867963e+003
34,5,-7.867966e+003
34,6,-7.867969e+003
34,7,-7.867972e+003
34,8,-7.867975e+003
34,9,-7.867978e+003
34,10,-7.867982e+003
34,11,-7.867985e+003
34,12,-7.867989e+003
34,13,-7.867993e+003
34,14,-7.867994e+003
34,15,-7.867994e+003
34,16,-7.868001e+003
34,17,-7.868003e+003
34,18,-7.868004e+003
34,19,-7.868007e+003
34,20,-7.868083e+003
34,21,-7.868083e+003
34,22,-7.868083e+003
35,0,-7.865503e+003
35,1,-7.865521e+003
35,2,-7.865522e+003
35,3,-7.865523e+003
35,4,-7.865525e+003
35,5,-7.865528e+003
35,6,-7.865532e+003
35,7,-7.865535e+003
35,8,-7.865539e+003
35,9,-7.865543e+003
35,10,-7.865546e+003
35,11,-7.867514e+003
35,12,-7.868205e+003
35,13,-7.868555e+003
35,14,-7.868752e+003
35,15,-7.869067e+003
35,16,-7.869278e+003
35,17,-7.869488e+003
35,18,-7.869629e+003
35,19,-7.869753e+003
35,20,-7.869914e+003
35,21,-7.870026e+003
35,22,-7.870203e+003
35,23,-7.870325e+003
35,24,-7.870397e+003
35,25,-7.870471e+003
35,26,-7.870717e+003
35,27,-7.870828e+003
35,28,-7.870974e+003
35,29,-7.871218e+003
35,30,-7.871307e+003
35,31,-7.871515e+003
35,32,-7.871675e+003
35,33,-7.872005e+003
35,34,-7.872290e+003
35,35,-7.872475e+003
35,36,-7.872698e+003
35,37,-7.872852e+003
35,38,-7.872969e+003
35,39,-7.873085e+003
35,40,-7.873113e+003
35,41,-7.873180e+003
35,42,-7.873240e+003
35,43,-7.873242e+003
35,44,-7.873275e+003
35,45,-7.873277e+003
35,46,-7.873279e+003
35,47,-7.873281e+003
35,48,-7.873281e+003
36,0,-7.868549e+003
36,1,-7.868551e+003
36,2,-7.868553e+003
36,3,-7.868555e+003
36,4,-7.868557e+003
36,5,-7.868559e+003
36,6,-7.868563e+003
36,7,-7.868567e+003
36,8,-7.868571e+003
36,9,-7.868577e+003
36,10,-7.868578e+003
36,11,-7.868579e+003
36,12,-7.868598e+003
36,13,-7.868608e+003
36,14,-7.868676e+003
36,15,-7.868687e+003
36,16,-7.868711e+003
36,17,-7.868722e+003
36,18,-7.868776e+003
36,19,-7.868786e+003
36,20,-7.868840e+003
36,21,-7.868848e+003
36,22,-7.868856e+003
36,23,-7.868864e+003
36,24,-7.868871e+003
36,25,-7.868879e+003
36,26,-7.868886e+003
36,27,-7.868939e+003
36,28,-7.868947e+003
36,29,-7.868959e+003
36,30,-7.868967e+003
36,31,-7.868977e+003
36,32,-7.868987e+003
36,33,-7.868997e+003
36,34,-7.869018e+003
36,35,-7.869029e+003
36,36,-7.869030e+003
36,37,-7.869049e+003
36,38,-7.869152e+003
36,39,-7.869175e+003
36,40,-7.869236e+003
36,41,-7.869318e+003
36,42,-7.869330e+003
36,43,-7.869331e+003
36,44,-7.869390e+003
36,45,-7.869450e+003
36,46,-7.869464e+003
36,47,-7.869465e+003
36,48,-7.869477e+003
36,49,-7.869497e+003
36,50,-7.869506e+003
36,51,-7.869515e+003
36,52,-7.869535e+003
36,53,-7.869540e+003
36,54,-7.869546e+003
36,55,-7.869555e+003
36,56,-7.869564e+003
36,57,-7.869613e+003
36,58,-7.869632e+003
36,59,-7.869633e+003
36,60,-7.869652e+003
36,61,-7.869659e+003
36,62,-7.870260e+003
36,63,-7.870971e+003
36,64,-7.871473e+003
36,65,-7.871840e+003
36,66,-7.872157e+003
36,67,-7.872259e+003
36,68,-7.872261e+003
36,69,-7.872322e+003
36,70,-7.872366e+003
36,71,-7.872377e+003
36,72,-7.872424e+003
36,73,-7.872476e+003
36,74,-7.872518e+003
36,75,-7.872657e+003
36,76,-7.872657e+003
37,0,-7.868021e+003
37,1,-7.868060e+003
37,2,-7.868102e+003
37,3,-7.868206e+003
37,4,-7.868266e+003
37,5,-7.868404e+003
37,6,-7.868508e+003
37,7,-7.868588e+003
37,8,-7.868720e+003
37,9,-7.868783e+003
37,10,-7.868842e+003
37,11,-7.868893e+003
37,12,-7.868935e+003
37,13,-7.868948e+003
37,14,-7.868979e+003
37,15,-7.869011e+003
37,16,-7.869012e+003
37,17,-7.869012e+003
38,0,-7.865012e+003
38,1,-7.865036e+003
38,2,-7.865064e+003
38,3,-7.865076e+003
38,4,-7.865161e+003
38,5,-7.865169e+003
38,6,-7.865269e+003
38,7,-7.865367e+003
38,8,-7.865408e+003
38,9,-7.865449e+003
38,10,-7.865491e+003
38,11,-7.865565e+003
38,12,-7.865593e+003
38,13,-7.865620e+003
38,14,-7.865647e+003
38,15,-7.865649e+003
38,16,-7.865717e+003
38,17,-7.865748e+003
38,18,-7.865749e+003
38,19,-7.865831e+003
38,20,-7.865833e+003
38,21,-7.865910e+003
38,22,-7.865938e+003
38,23,-7.865968e+003
38,24,-7.865991e+003
38,25,-7.866011e+003
38,26,-7.866028e+003
38,27,-7.866044e+003
38,28,-7.866059e+003
38,29,-7.866073e+003
38,30,-7.866086e+003
38,31,-7.866100e+003
38,32,-7.866100e+003
39,0,-7.862884e+003
39,1,-7.862901e+003
39,2,-7.862919e+003
39,3,-7.862986e+003
39,4,-7.863099e+003
39,5,-7.863123e+003
39,6,-7.863149e+003
39,7,-7.863175e+003
39,8,-7.863200e+003
39,9,-7.863236e+003
39,10,-7.863266e+003
39,11,-7.863290e+003
39,12,-7.863313e+003
39,13,-7.863336e+003
39,14,-7.863345e+003
39,15,-7.863434e+003
39,16,-7.863458e+003
39,17,-7.863459e+003
39,18,-7.863464e+003
39,19,-7.863534e+003
39,20,-7.863619e+003
39,21,-7.863645e+003
39,22,-7.863671e+003
39,23,-7.863693e+003
39,24,-7.863718e+003
39,25,-7.863786e+003
39,26,-7.863854e+003
39,27,-7.863874e+003
39,28,-7.863938e+003
39,29,-7.863956e+003
39,30,-7.863957e+003
39,31,-7.863969e+003
39,32,-7.864028e+003
39,33,-7.864041e+003
39,34,-7.865210e+003
39,35,-7.865822e+003
39,36,-7.866409e+003
39,37,-7.866654e+003
39,38,-7.866695e+003
39,39,-7.867016e+003
39,40,-7.867404e+003
39,41,-7.867761e+003
39,42,-7.868157e+003
39,43,-7.868347e+003
39,44,-7.868358e+003
39,45,-7.868551e+003
39,46,-7.868598e+003
39,47,-7.868665e+003
39,48,-7.868714e+003
39,49,-7.868795e+003
39,50,-7.868835e+003
39,51,-7.868910e+003
39,52,-7.868945e+003
39,53,-7.868973e+003
39,54,-7.869010e+003
39,55,-7.869086e+003
39,56,-7.869114e+003
39,57,-7.869138e+003
39,58,-7.869164e+003
39,59,-7.869182e+003
39,60,-7.869183e+003
39,61,-7.869184e+003
39,62,-7.869187e+003
39,63,-7.869189e+003
39,64,-7.869191e+003
39,65,-7.869193e+003
39,66,-7.869195e+003
39,67,-7.869197e+003
39,68,-7.869197e+003
40,0,-7.865044e+003
40,1,-7.865044e+003
40,2,-7.865044e+003
40,3,-7.865044e+003
40,4,-7.865044e+003
40,5,-7.865044e+003
40,6,-7.865044e+003
40,7,-7.865044e+003
40,8,-7.865044e+003
40,9,-7.865044e+003
40,10,-7.865048e+003
40,11,-7.865048e+003
40,12,-7.865048e+003
40,13,-7.865049e+003
40,14,-7.865049e+003
40,15,-7.865049e+003
40,16,-7.865049e+003
40,17,-7.865050e+003
40,18,-7.865050e+003
40,19,-7.865050e+003
40,20,-7.865051e+003
40,21,-7.865051e+003
41,0,-7.863730e+003
41,1,-7.863730e+003
41,2,-7.863730e+003
41,3,-7.863730e+003
41,4,-7.863730e+003
41,5,-7.863730e+003
41,6,-7.863730e+003
41,7,-7.863730e+003
41,8,-7.863734e+003
41,9,-7.863734e+003
41,10,-7.863735e+003
41,11,-7.863735e+003
41,12,-7.863837e+003
41,13,-7.863837e+003
42,0,-7.862196e+003
42,1,-7.862196e+003
42,2,-7.862196e+003
42,3,-7.862197e+003
42,4,-7.862198e+003
42,5,-7.862199e+003
42,6,-7.862199e+003
42,7,-7.862200e+003
42,8,-7.862201e+003
42,9,-7.862201e+003
42,10,-7.862202e+003
42,11,-7.862204e+003
42,12,-7.862204e+003
43,0,-7.860499e+003
43,1,-7.860499e+003
43,2,-7.860499e+003
43,3,-7.860499e+003
43,4,-7.860499e+003
43,5,-7.860499e+003
43,6,-7.860508e+003
43,7,-7.860508e+003
43,8,-7.860509e+003
43,9,-7.860511e+003
43,10,-7.860511e+003
43,11,-7.860512e+003
43,12,-7.860513e+003
43,13,-7.860514e+003
43,14,-7.860515e+003
43,15,-7.860515e+003
43,16,-7.861157e+003
43,17,-7.861346e+003
43,18,-7.861473e+003
43,19,-7.861604e+003
43,20,-7.861741e+003
43,21,-7.861879e+003
43,22,-7.861965e+003
43,23,-7.862053e+003
43,24,-7.862143e+003
43,25,-7.862298e+003
43,26,-7.862423e+003
43,27,-7.862457e+003
43,28,-7.862601e+003
43,29,-7.862806e+003
43,30,-7.862960e+003
43,31,-7.863138e+003
43,32,-7.863229e+003
43,33,-7.863368e+003
43,34,-7.863638e+003
43,35,-7.863777e+003
43,36,-7.863911e+003
43,37,-7.863991e+003
43,38,-7.864070e+003
43,39,-7.864179e+003
43,40,-7.864245e+003
43,41,-7.864336e+003
43,42,-7.864452e+003
43,43,-7.864483e+003
43,44,-7.864489e+003
43,45,-7.864581e+003
43,46,-7.864680e+003
43,47,-7.864734e+003
43,48,-7.864827e+003
43,49,-7.864828e+003
43,50,-7.864830e+003
43,51,-7.864833e+003
43,52,-7.864833e+003
44,0,-7.861904e+003
44,1,-7.861906e+003
44,2,-7.861909e+003
44,3,-7.861913e+003
44,4,-7.861916e+003
44,5,-7.861923e+003
44,6,-7.861974e+003
44,7,-7.861981e+003
44,8,-7.861988e+003
44,9,-7.861996e+003
44,10,-7.862008e+003
44,11,-7.862017e+003
44,12,-7.862036e+003
44,13,-7.862045e+003
44,14,-7.862046e+003
44,15,-7.862048e+003
44,16,-7.862081e+003
44,17,-7.862089e+003
44,18,-7.862108e+003
44,19,-7.862108e+003
45,0,-7.860680e+003
45,1,-7.860823e+003
45,2,-7.860832e+003
45,3,-7.860887e+003
45,4,-7.860952e+003
45,5,-7.861007e+003
45,6,-7.861062e+003
45,7,-7.861073e+003
45,8,-7.861128e+003
45,9,-7.861138e+003
45,10,-7.861139e+003
45,11,-7.861191e+003
45,12,-7.861245e+003
45,13,-7.861254e+003
45,14,-7.861263e+003
45,15,-7.861272e+003
45,16,-7.861281e+003
45,17,-7.861289e+003
45,18,-7.861298e+003
45,19,-7.861299e+003
45,20,-7.861328e+003
45,21,-7.861335e+003
45,22,-7.861388e+003
45,23,-7.861395e+003
45,24,-7.861402e+003
45,25,-7.861409e+003
45,26,-7.861415e+003
45,27,-7.861422e+003
45,28,-7.861428e+003
45,29,-7.861435e+003
45,30,-7.861435e+003
46,0,-7.860052e+003
46,1,-7.860100e+003
46,2,-7.860106e+003
46,3,-7.860112e+003
46,4,-7.860119e+003
46,5,-7.860171e+003
46,6,-7.860178e+003
46,7,-7.860179e+003
46,8,-7.860180e+003
46,9,-7.860206e+003
46,10,-7.860213e+003
46,11,-7.860220e+003
46,12,-7.860696e+003
46,13,-7.861047e+003
46,14,-7.861322e+003
46,15,-7.861419e+003
46,16,-7.861563e+003
46,17,-7.861714e+003
46,18,-7.861728e+003
46,19,-7.861739e+003
46,20,-7.861744e+003
46,21,-7.861752e+003
46,22,-7.861755e+003
46,23,-7.861757e+003
46,24,-7.861760e+003
46,25,-7.861762e+003
46,26,-7.861764e+003
46,27,-7.861767e+003
46,28,-7.861769e+003
46,29,-7.861771e+003
46,30,-7.861773e+003
46,31,-7.861775e+003
46,32,-7.861778e+003
46,33,-7.861780e+003
46,34,-7.861782e+003
46,35,-7.861784e+003
46,36,-7.861786e+003
46,37,-7.861788e+003
46,38,-7.861790e+003
46,39,-7.861792e+003
46,40,-7.861793e+003
46,41,-7.861794e+003
46,42,-7.861794e+003
46,43,-7.861794e+003
46,44,-7.861794e+003
46,45,-7.861795e+003
46,46,-7.861828e+003
46,47,-7.861828e+003
47,0,-7.860519e+003
47,1,-7.860520e+003
47,2,-7.860520e+003
47,3,-7.860520e+003
47,4,-7.860521e+003
47,5,-7.860521e+003
47,6,-7.860521e+003
47,7,-7.860521e+003
47,8,-7.860522e+003
47,9,-7.860522e+003
47,10,-7.860522e+003
47,11,-7.860522e+003
48,0,-7.859715e+003
48,1,-7.859715e+003
48,2,-7.859715e+003
48,3,-7.859715e+003
48,4,-7.859715e+003
48,5,-7.859715e+003
48,6,-7.859715e+003
48,7,-7.859715e+003
48,8,-7.859715e+003
48,9,-7.859715e+003
48,10,-7.859715e+003
48,11,-7.859715e+003
49,0,-7.858847e+003
49,1,-7.858847e+003
49,2,-7.858847e+003
49,3,-7.858847e+003
49,4,-7.858847e+003
49,5,-7.858847e+003
49,6,-7.858847e+003
49,7,-7.858847e+003
49,8,-7.858847e+003
49,9,-7.858847e+003
49,10,-7.858847e+003
49,11,-7.858847e+003
50,0,-7.857885e+003
50,1,-7.857885e+003
50,2,-7.857885e+003
50,3,-7.857885e+003
50,4,-7.857885e+003
50,5,-7.857888e+003
50,6,-7.857888e+003
50,7,-7.857888e+003
50,8,-7.857888e+003
50,9,-7.857888e+003
50,10,-7.857888e+003
50,11,-7.857888e+003
51,0,-7.856908e+003
51,1,-7.856908e+003
51,2,-7.856908e+003
51,3,-7.856908e+003
51,4,-7.856908e+003
51,5,-7.856908e+003
51,6,-7.856908e+003
51,7,-7.856908e+003
51,8,-7.856908e+003
51,9,-7.856908e+003
51,10,-7.856908e+003
51,11,-7.856908e+003
52,0,-7.855992e+003
52,1,-7.855992e+003
52,2,-7.855992e+003
52,3,-7.855992e+003
52,4,-7.856061e+003
52,5,-7.856246e+003
52,6,-7.856364e+003
52,7,-7.856527e+003
52,8,-7.856692e+003
52,9,-7.856737e+003
52,10,-7.856775e+003
52,11,-7.856780e+003
52,12,-7.856782e+003
52,13,-7.856800e+003
52,14,-7.856801e+003
52,15,-7.856804e+003
52,16,-7.856807e+003
52,17,-7.856825e+003
52,18,-7.856825e+003
52,19,-7.856827e+003
52,20,-7.856827e+003
53,0,-7.856068e+003
53,1,-7.856068e+003
53,2,-7.856068e+003
53,3,-7.856068e+003
53,4,-7.856068e+003
53,5,-7.856068e+003
53,6,-7.856068e+003
53,7,-7.856068e+003
53,8,-7.856068e+003
53,9,-7.856068e+003
53,10,-7.856068e+003
53,11,-7.856068e+003
54,0,-7.855680e+003
54,1,-7.855680e+003
54,2,-7.855680e+003
54,3,-7.855680e+003
54,4,-7.855680e+003
54,5,-7.855680e+003
54,6,-7.855680e+003
54,7,-7.855680e+003
54,8,-7.855680e+003
54,9,-7.855680e+003
54,10,-7.855680e+003
54,11,-7.855685e+003
54,12,-7.855685e+003
55,0,-7.855566e+003
55,1,-7.855566e+003
55,2,-7.855566e+003
55,3,-7.855566e+003
55,4,-7.855566e+003
55,5,-7.855566e+003
55,6,-7.855566e+003
55,7,-7.855566e+003
55,8,-7.855566e+003
55,9,-7.855566e+003
55,10,-7.855566e+003
55,11,-7.855566e+003
56,0,-7.855773e+003
56,1,-7.855773e+003
56,2,-7.855773e+003
56,3,-7.855773e+003
56,4,-7.855773e+003
56,5,-7.855773e+003
56,6,-7.855773e+003
56,7,-7.855773e+003
56,8,-7.855773e+003
56,9,-7.855773e+003
56,10,-7.855773e+003
56,11,-7.855773e+003
57,0,-7.856230e+003
57,1,-7.856230e+003
57,2,-7.856230e+003
57,3,-7.856230e+003
57,4,-7.856230e+003
57,5,-7.856230e+003
57,6,-7.856230e+003
57,7,-7.856230e+003
57,8,-7.856230e+003
57,9,-7.856230e+003
57,10,-7.856230e+003
57,11,-7.856230e+003
58,0,-7.856947e+003
58,1,-7.856947e+003
58,2,-7.856947e+003
58,3,-7.856947e+003
58,4,-7.856947e+003
58,5,-7.856947e+003
58,6,-7.856947e+003
58,7,-7.856947e+003
58,8,-7.856947e+003
58,9,-7.856947e+003
58,10,-7.856947e+003
58,11,-7.856947e+003
59,0,-7.857856e+003
59,1,-7.857856e+003
59,2,-7.857856e+003
59,3,-7.857856e+003
59,4,-7.857856e+003
59,5,-7.857856e+003
59,6,-7.857856e+003
59,7,-7.857856e+003
59,8,-7.857856e+003
59,9,-7.857856e+003
59,10,-7.857856e+003
59,11,-7.857856e+003
60,0,-7.858900e+003
60,1,-7.858900e+003
60,2,-7.858900e+003
60,3,-7.858900e+003
60,4,-7.858900e+003
60,5,-7.858900e+003
60,6,-7.858900e+003
60,7,-7.858900e+003
60,8,-7.858900e+003
60,9,-7.858900e+003
60,10,-7.858900e+003
60,11,-7.858900e+003
61,0,-7.859977e+003
61,1,-7.859977e+003
61,2,-7.859977e+003
61,3,-7.859977e+003
61,4,-7.859977e+003
61,5,-7.859977e+003
61,6,-7.859977e+003
61,7,-7.860012e+003
61,8,-7.860012e+003
61,9,-7.860012e+003
61,10,-7.860012e+003
61,11,-7.860012e+003
62,0,-7.860985e+003
62,1,-7.860985e+003
62,2,-7.860989e+003
62,3,-7.860990e+003
62,4,-7.860990e+003
62,5,-7.860991e+003
62,6,-7.860991e+003
62,7,-7.860992e+003
62,8,-7.860992e+003
62,9,-7.860993e+003
62,10,-7.860994e+003
62,11,-7.860994e+003
62,12,-7.860995e+003
62,13,-7.860996e+003
62,14,-7.860997e+003
62,15,-7.860997e+003
62,16,-7.860998e+003
62,17,-7.861057e+003
62,18,-7.861057e+003
63,0,-7.861773e+003
63,1,-7.861774e+003
63,2,-7.861775e+003
63,3,-7.861776e+003
63,4,-7.861777e+003
63,5,-7.861777e+003
63,6,-7.861778e+003
63,7,-7.861779e+003
63,8,-7.861780e+003
63,9,-7.861780e+003
63,10,-7.861780e+003
63,11,-7.861780e+003
64,0,-7.862412e+003
64,1,-7.862413e+003
64,2,-7.862414e+003
64,3,-7.862460e+003
64,4,-7.862461e+003
64,5,-7.862462e+003
64,6,-7.862463e+003
64,7,-7.862464e+003
64,8,-7.862465e+003
64,9,-7.862465e+003
64,10,-7.862465e+003
64,11,-7.862465e+003
65,0,-7.862723e+003
65,1,-7.862724e+003
65,2,-7.862725e+003
65,3,-7.862726e+003
65,4,-7.862727e+003
65,5,-7.862728e+003
65,6,-7.862729e+003
65,7,-7.862730e+003
65,8,-7.862731e+003
65,9,-7.862732e+003
65,10,-7.862732e+003
65,11,-7.862733e+003
65,12,-7.862734e+003
65,13,-7.862735e+003
65,14,-7.862736e+003
65,15,-7.862738e+003
65,16,-7.862739e+003
65,17,-7.862740e+003
65,18,-7.862741e+003
65,19,-7.862749e+003
65,20,-7.862749e+003
66,0,-7.862403e+003
66,1,-7.862404e+003
66,2,-7.862405e+003
66,3,-7.862407e+003
66,4,-7.862408e+003
66,5,-7.862409e+003
66,6,-7.862411e+003
66,7,-7.862412e+003
66,8,-7.862414e+003
66,9,-7.862432e+003
66,10,-7.863417e+003
66,11,-7.864327e+003
66,12,-7.864620e+003
66,13,-7.865062e+003
66,14,-7.865448e+003
66,15,-7.865832e+003
66,16,-7.866178e+003
66,17,-7.866545e+003
66,18,-7.866844e+003
66,19,-7.867112e+003
66,20,-7.867352e+003
66,21,-7.867467e+003
66,22,-7.867563e+003
66,23,-7.867652e+003
66,24,-7.867715e+003
66,25,-7.867723e+003
66,26,-7.867775e+003
66,27,-7.867829e+003
66,28,-7.867877e+003
66,29,-7.867904e+003
66,30,-7.868183e+003
66,31,-7.868188e+003
66,32,-7.868379e+003
66,33,-7.868541e+003
66,34,-7.868712e+003
66,35,-7.868988e+003
66,36,-7.869142e+003
66,37,-7.869555e+003
66,38,-7.870048e+003
66,39,-7.870515e+003
66,40,-7.870861e+003
66,41,-7.871300e+003
66,42,-7.871767e+003
66,43,-7.872263e+003
66,44,-7.872581e+003
66,45,-7.872800e+003
66,46,-7.873012e+003
66,47,-7.873201e+003
66,48,-7.873636e+003
66,49,-7.873910e+003
66,50,-7.874253e+003
66,51,-7.874504e+003
66,52,-7.874591e+003
66,53,-7.874673e+003
66,54,-7.874743e+003
66,55,-7.874939e+003
66,56,-7.874970e+003
66,57,-7.875099e+003
66,58,-7.875213e+003
66,59,-7.875263e+003
66,60,-7.875323e+003
66,61,-7.875396e+003
66,62,-7.875473e+003
66,63,-7.875545e+003
66,64,-7.875566e+003
66,65,-7.875623e+003
66,66,-7.875669e+003
66,67,-7.875760e+003
66,68,-7.875775e+003
66,69,-7.875839e+003
66,70,-7.875858e+003
66,71,-7.875859e+003
66,72,-7.875861e+003
66,73,-7.875864e+003
66,74,-7.875867e+003
66,75,-7.875867e+003
67,0,-7.868997e+003
67,1,-7.868997e+003
67,2,-7.868997e+003
67,3,-7.868997e+003
67,4,-7.869010e+003
67,5,-7.869067e+003
67,6,-7.869067e+003
67,7,-7.869067e+003
67,8,-7.869068e+003
67,9,-7.869068e+003
67,10,-7.869068e+003
67,11,-7.869068e+003
68,0,-7.868716e+003
68,1,-7.868737e+003
68,2,-7.868739e+003
68,3,-7.868742e+003
68,4,-7.868743e+003
68,5,-7.868743e+003
68,6,-7.868743e+003
68,7,-7.868753e+003
68,8,-7.868757e+003
68,9,-7.868761e+003
68,10,-7.868766e+003
68,11,-7.868815e+003
68,12,-7.868820e+003
68,13,-7.868825e+003
68,14,-7.868830e+003
68,15,-7.868835e+003
68,16,-7.868841e+003
68,17,-7.868841e+003
68,18,-7.868843e+003
68,19,-7.868847e+003
68,20,-7.868853e+003
68,21,-7.868854e+003
68,22,-7.870440e+003
68,23,-7.870788e+003
68,24,-7.871181e+003
68,25,-7.871654e+003
68,26,-7.872427e+003
68,27,-7.873286e+003
68,28,-7.874140e+003
68,29,-7.874682e+003
68,30,-7.875064e+003
68,31,-7.875352e+003
68,32,-7.875510e+003
68,33,-7.875637e+003
68,34,-7.875790e+003
68,35,-7.875868e+003
68,36,-7.875902e+003
68,37,-7.875991e+003
68,38,-7.876110e+003
68,39,-7.876206e+003
68,40,-7.876290e+003
68,41,-7.876329e+003
68,42,-7.876374e+003
68,43,-7.876404e+003
68,44,-7.876431e+003
68,45,-7.876453e+003
68,46,-7.876475e+003
68,47,-7.876538e+003
68,48,-7.876555e+003
68,49,-7.876575e+003
68,50,-7.876579e+003
68,51,-7.876591e+003
68,52,-7.876645e+003
68,53,-7.876659e+003
68,54,-7.876660e+003
68,55,-7.876672e+003
68,56,-7.876679e+003
68,57,-7.876684e+003
68,58,-7.876685e+003
68,59,-7.876685e+003
69,0,-7.869826e+003
69,1,-7.869828e+003
69,2,-7.869831e+003
69,3,-7.869833e+003
69,4,-7.869836e+003
69,5,-7.869839e+003
69,6,-7.869843e+003
69,7,-7.869843e+003
69,8,-7.869844e+003
69,9,-7.869846e+003
69,10,-7.869873e+003
69,11,-7.869924e+003
69,12,-7.869930e+003
69,13,-7.869946e+003
69,14,-7.869953e+003
69,15,-7.869961e+003
69,16,-7.869969e+003
69,17,-7.870022e+003
69,18,-7.870031e+003
69,19,-7.870041e+003
69,20,-7.870051e+003
69,21,-7.870062e+003
69,22,-7.870063e+003
69,23,-7.870095e+003
69,24,-7.870119e+003
69,25,-7.870119e+003
70,0,-7.866541e+003
70,1,-7.866553e+003
70,2,-7.866655e+003
70,3,-7.866656e+003
70,4,-7.866662e+003
70,5,-7.866676e+003
70,6,-7.866691e+003
70,7,-7.866706e+003
70,8,-7.866717e+003
70,9,-7.866733e+003
70,10,-7.866733e+003
70,11,-7.866762e+003
70,12,-7.866877e+003
70,13,-7.866975e+003
70,14,-7.866985e+003
70,15,-7.866985e+003
70,16,-7.866985e+003
70,17,-7.867074e+003
70,18,-7.867134e+003
70,19,-7.867148e+003
70,20,-7.867148e+003
71,0,-7.863472e+003
71,1,-7.863541e+003
71,2,-7.863541e+003
71,3,-7.863542e+003
71,4,-7.863553e+003
71,5,-7.863564e+003
71,6,-7.863575e+003
71,7,-7.863587e+003
71,8,-7.863600e+003
71,9,-7.863615e+003
71,10,-7.863619e+003
71,11,-7.863633e+003
71,12,-7.863659e+003
71,13,-7.863674e+003
71,14,-7.863690e+003
71,15,-7.867546e+003
71,16,-7.870022e+003
71,17,-7.872472e+003
71,18,-7.872950e+003
71,19,-7.873618e+003
71,20,-7.874083e+003
71,21,-7.874497e+003
71,22,-7.874737e+003
71,23,-7.874821e+003
71,24,-7.874952e+003
71,25,-7.875130e+003
71,26,-7.875236e+003
71,27,-7.875240e+003
71,28,-7.875414e+003
71,29,-7.875458e+003
71,30,-7.875505e+003
71,31,-7.875623e+003
71,32,-7.875683e+003
71,33,-7.875782e+003
71,34,-7.875855e+003
71,35,-7.875908e+003
71,36,-7.875971e+003
71,37,-7.875973e+003
71,38,-7.875993e+003
71,39,-7.876028e+003
71,40,-7.876029e+003
71,41,-7.876032e+003
71,42,-7.876036e+003
71,43,-7.876040e+003
71,44,-7.876044e+003
71,45,-7.876049e+003
71,46,-7.876053e+003
71,47,-7.876057e+003
71,48,-7.876061e+003
71,49,-7.876065e+003
71,50,-7.876068e+003
71,51,-7.876071e+003
71,52,-7.876074e+003
71,53,-7.876076e+003
71,54,-7.876076e+003
72,0,-7.868616e+003
72,1,-7.868619e+003
72,2,-7.868619e+003
72,3,-7.868619e+003
72,4,-7.868620e+003
72,5,-7.868620e+003
72,6,-7.868620e+003
72,7,-7.868620e+003
72,8,-7.868620e+003
72,9,-7.868621e+003
72,10,-7.868621e+003
72,11,-7.868621e+003
72,12,-7.868621e+003
72,13,-7.868621e+003
72,14,-7.868622e+003
72,15,-7.868622e+003
72,16,-7.868622e+003
72,17,-7.868622e+003
72,18,-7.868623e+003
72,19,-7.868623e+003
72,20,-7.868623e+003
72,21,-7.868623e+003
72,22,-7.868624e+003
72,23,-7.868624e+003
73,0,-7.867895e+003
73,1,-7.867895e+003
73,2,-7.867895e+003
73,3,-7.867895e+003
73,4,-7.867895e+003
73,5,-7.867895e+003
73,6,-7.867895e+003
73,7,-7.867905e+003
73,8,-7.867905e+003
73,9,-7.867906e+003
73,10,-7.867906e+003
73,11,-7.867907e+003
73,12,-7.867907e+003
73,13,-7.867908e+003
73,14,-7.867908e+003
73,15,-7.867909e+003
73,16,-7.867909e+003
73,17,-7.867910e+003
73,18,-7.867911e+003
73,19,-7.867911e+003
73,20,-7.867912e+003
73,21,-7.867912e+003
73,22,-7.867913e+003
73,23,-7.867913e+003
73,24,-7.867914e+003
73,25,-7.867915e+003
73,26,-7.867915e+003
74,0,-7.866912e+003
74,1,-7.866913e+003
74,2,-7.866913e+003
74,3,-7.866914e+003
74,4,-7.866914e+003
74,5,-7.866914e+003
74,6,-7.866914e+003
74,7,-7.866914e+003
74,8,-7.866914e+003
74,9,-7.868636e+003
74,10,-7.869331e+003
74,11,-7.870216e+003
74,12,-7.871460e+003
74,13,-7.872643e+003
74,14,-7.873347e+003
74,15,-7.873846e+003
74,16,-7.874331e+003
74,17,-7.874633e+003
74,18,-7.874817e+003
74,19,-7.875048e+003
74,20,-7.875182e+003
74,21,-7.875313e+003
74,22,-7.875382e+003
74,23,-7.875417e+003
74,24,-7.875475e+003
74,25,-7.875522e+003
74,26,-7.875609e+003
74,27,-7.875726e+003
74,28,-7.875774e+003
74,29,-7.875814e+003
74,30,-7.875816e+003
74,31,-7.875819e+003
74,32,-7.875822e+003
74,33,-7.875824e+003
74,34,-7.875827e+003
74,35,-7.875835e+003
74,36,-7.875835e+003
75,0,-7.867887e+003
75,1,-7.867887e+003
75,2,-7.867888e+003
75,3,-7.867889e+003
75,4,-7.867889e+003
75,5,-7.867890e+003
75,6,-7.867891e+003
75,7,-7.867892e+003
75,8,-7.867892e+003
75,9,-7.867893e+003
75,10,-7.867894e+003
75,11,-7.867895e+003
75,12,-7.867896e+003
75,13,-7.867898e+003
75,14,-7.867899e+003
75,15,-7.867900e+003
75,16,-7.867901e+003
75,17,-7.867903e+003
75,18,-7.867904e+003
75,19,-7.867906e+003
75,20,-7.867906e+003
75,21,-7.867907e+003
75,22,-7.867908e+003
75,23,-7.867910e+003
75,24,-7.867910e+003
76,0,-7.867134e+003
76,1,-7.867136e+003
76,2,-7.867138e+003
76,3,-7.867141e+003
76,4,-7.867143e+003
76,5,-7.867145e+003
76,6,-7.867148e+003
76,7,-7.867150e+003
76,8,-7.867153e+003
76,9,-7.867155e+003
76,10,-7.867158e+003
76,11,-7.867161e+003
76,12,-7.867163e+003
76,13,-7.867166e+003
76,14,-7.867169e+003
76,15,-7.867172e+003
76,16,-7.867220e+003
76,17,-7.867223e+003
76,18,-7.867226e+003
76,19,-7.867229e+003
76,20,-7.867277e+003
76,21,-7.867280e+003
76,22,-7.867283e+003
76,23,-7.867287e+003
76,24,-7.867290e+003
76,25,-7.867290e+003
77,0,-7.864896e+003
77,1,-7.864899e+003
77,2,-7.864902e+003
77,3,-7.864905e+003
77,4,-7.864908e+003
77,5,-7.864912e+003
77,6,-7.864915e+003
77,7,-7.864916e+003
77,8,-7.864917e+003
77,9,-7.864918e+003
77,10,-7.864926e+003
77,11,-7.864930e+003
77,12,-7.864933e+003
77,13,-7.864940e+003
77,14,-7.864940e+003
78,0,-7.862429e+003
78,1,-7.862429e+003
78,2,-7.862429e+003
78,3,-7.862429e+003
78,4,-7.862446e+003
78,5,-7.862450e+003
78,6,-7.866148e+003
78,7,-7.868640e+003
78,8,-7.869501e+003
78,9,-7.870390e+003
78,10,-7.870951e+003
78,11,-7.871643e+003
78,12,-7.872133e+003
78,13,-7.872793e+003
78,14,-7.873253e+003
78,15,-7.873824e+003
78,16,-7.874320e+003
78,17,-7.874706e+003
78,18,-7.874843e+003
78,19,-7.875046e+003
78,20,-7.875182e+003
78,21,-7.875187e+003
78,22,-7.875286e+003
78,23,-7.875412e+003
78,24,-7.875500e+003
78,25,-7.875561e+003
78,26,-7.875597e+003
78,27,-7.875645e+003
78,28,-7.875678e+003
78,29,-7.875708e+003
78,30,-7.875786e+003
78,31,-7.875811e+003
78,32,-7.875838e+003
78,33,-7.875862e+003
78,34,-7.875885e+003
78,35,-7.875905e+003
78,36,-7.875970e+003
78,37,-7.875971e+003
78,38,-7.875983e+003
78,39,-7.875984e+003
78,40,-7.875985e+003
78,41,-7.875985e+003
79,0,-7.868337e+003
79,1,-7.868338e+003
79,2,-7.868339e+003
79,3,-7.868385e+003
79,4,-7.868386e+003
79,5,-7.868387e+003
79,6,-7.868388e+003
79,7,-7.868389e+003
79,8,-7.868391e+003
79,9,-7.868392e+003
79,10,-7.868393e+003
79,11,-7.868393e+003
80,0,-7.868188e+003
80,1,-7.868188e+003
80,2,-7.868208e+003
80,3,-7.868211e+003
80,4,-7.868214e+003
80,5,-7.868217e+003
80,6,-7.868220e+003
80,7,-7.868224e+003
80,8,-7.868227e+003
80,9,-7.868231e+003
80,10,-7.868236e+003
80,11,-7.868240e+003
80,12,-7.868245e+003
80,13,-7.868249e+003
80,14,-7.868254e+003
80,15,-7.868259e+003
80,16,-7.868265e+003
80,17,-7.868270e+003
80,18,-7.868368e+003
80,19,-7.868368e+003
81,0,-7.866289e+003
81,1,-7.866290e+003
81,2,-7.866291e+003
81,3,-7.866296e+003
81,4,-7.866302e+003
81,5,-7.866342e+003
81,6,-7.866347e+003
81,7,-7.866353e+003
81,8,-7.866358e+003
81,9,-7.866359e+003
81,10,-7.866368e+003
81,11,-7.866374e+003
81,12,-7.866379e+003
81,13,-7.866384e+003
81,14,-7.866389e+003
81,15,-7.866394e+003
81,16,-7.866395e+003
81,17,-7.866396e+003
81,18,-7.866398e+003
81,19,-7.866404e+003
81,20,-7.866417e+003
81,21,-7.866418e+003
81,22,-7.866436e+003
81,23,-7.866441e+003
81,24,-7.866441e+003
81,25,-7.866442e+003
81,26,-7.866444e+003
81,27,-7.866444e+003
82,0,-7.864052e+003
82,1,-7.864057e+003
82,2,-7.864062e+003
82,3,-7.864067e+003
82,4,-7.867245e+003
82,5,-7.869974e+003
82,6,-7.870932e+003
82,7,-7.871334e+003
82,8,-7.871955e+003
82,9,-7.872403e+003
82,10,-7.872879e+003
82,11,-7.873378e+003
82,12,-7.873837e+003
82,13,-7.874206e+003
82,14,-7.874530e+003
82,15,-7.874896e+003
82,16,-7.875036e+003
82,17,-7.875155e+003
82,18,-7.875237e+003
82,19,-7.875330e+003
82,20,-7.875455e+003
82,21,-7.875508e+003
82,22,-7.875564e+003
82,23,-7.875758e+003
82,24,-7.875793e+003
82,25,-7.875795e+003
82,26,-7.875820e+003
82,27,-7.875822e+003
82,28,-7.875841e+003
82,29,-7.875847e+003
82,30,-7.875848e+003
82,31,-7.875849e+003
82,32,-7.875851e+003
82,33,-7.875853e+003
82,34,-7.875856e+003
82,35,-7.875858e+003
82,36,-7.875858e+003
83,0,-7.869514e+003
83,1,-7.869514e+003
83,2,-7.869514e+003
83,3,-7.869522e+003
83,4,-7.869522e+003
83,5,-7.869567e+003
83,6,-7.869567e+003
83,7,-7.869567e+003
83,8,-7.869567e+003
83,9,-7.869568e+003
83,10,-7.869568e+003
83,11,-7.869569e+003
83,12,-7.869570e+003
83,13,-7.869570e+003
83,14,-7.869571e+003
83,15,-7.869572e+003
83,16,-7.869572e+003
83,17,-7.869573e+003
83,18,-7.869574e+003
83,19,-7.869575e+003
83,20,-7.869576e+003
83,21,-7.869577e+003
83,22,-7.869578e+003
83,23,-7.869579e+003
83,24,-7.869580e+003
83,25,-7.869580e+003
84,0,-7.868845e+003
84,1,-7.868862e+003
84,2,-7.868863e+003
84,3,-7.868865e+003
84,4,-7.868867e+003
84,5,-7.868869e+003
84,6,-7.868869e+003
84,7,-7.868869e+003
84,8,-7.868869e+003
84,9,-7.868869e+003
84,10,-7.868881e+003
84,11,-7.868888e+003
84,12,-7.868888e+003
85,0,-7.867158e+003
85,1,-7.867179e+003
85,2,-7.867179e+003
85,3,-7.867179e+003
85,4,-7.867182e+003
85,5,-7.867185e+003
85,6,-7.867188e+003
85,7,-7.867188e+003
85,8,-7.867189e+003
85,9,-7.867190e+003
85,10,-7.867194e+003
85,11,-7.867194e+003
85,12,-7.867195e+003
85,13,-7.867196e+003
85,14,-7.867205e+003
85,15,-7.867206e+003
85,16,-7.867209e+003
85,17,-7.867210e+003
85,18,-7.867211e+003
85,19,-7.867217e+003
85,20,-7.867218e+003
85,21,-7.867219e+003
85,22,-7.867221e+003
85,23,-7.867233e+003
85,24,-7.867238e+003
85,25,-7.867242e+003
85,26,-7.867247e+003
85,27,-7.867247e+003
86,0,-7.867056e+003
86,1,-7.867855e+003
86,2,-7.869183e+003
86,3,-7.870542e+003
86,4,-7.871316e+003
86,5,-7.872068e+003
86,6,-7.872608e+003
86,7,-7.873112e+003
86,8,-7.873443e+003
86,9,-7.873773e+003
86,10,-7.874161e+003
86,11,-7.874575e+003
86,12,-7.874823e+003
86,13,-7.875066e+003
86,14,-7.875128e+003
86,15,-7.875254e+003
86,16,-7.875258e+003
86,17,-7.875417e+003
86,18,-7.875463e+003
86,19,-7.875599e+003
86,20,-7.875644e+003
86,21,-7.875645e+003
86,22,-7.875704e+003
86,23,-7.875737e+003
86,24,-7.875760e+003
86,25,-7.875762e+003
86,26,-7.875782e+003
86,27,-7.875808e+003
86,28,-7.875818e+003
86,29,-7.875819e+003
86,30,-7.875819e+003
86,31,-7.875824e+003
86,32,-7.875825e+003
86,33,-7.875826e+003
86,34,-7.875828e+003
86,35,-7.875830e+003
86,36,-7.875832e+003
86,37,-7.875833e+003
86,38,-7.875835e+003
86,39,-7.875836e+003
86,40,-7.875837e+003
86,41,-7.875837e+003
87,0,-7.868425e+003
87,1,-7.868425e+003
87,2,-7.868425e+003
87,3,-7.868425e+003
87,4,-7.868425e+003
87,5,-7.868425e+003
87,6,-7.868425e+003
87,7,-7.868425e+003
87,8,-7.868426e+003
87,9,-7.868426e+003
87,10,-7.868426e+003
87,11,-7.868426e+003
87,12,-7.868426e+003
87,13,-7.868426e+003
87,14,-7.868426e+003
87,15,-7.868426e+003
87,16,-7.868426e+003
87,17,-7.868427e+003
87,18,-7.868427e+003
87,19,-7.868427e+003
87,20,-7.868427e+003
87,21,-7.868427e+003
87,22,-7.868427e+003
87,23,-7.868427e+003
87,24,-7.868428e+003
87,25,-7.868428e+003
87,26,-7.868428e+003
87,27,-7.868428e+003
87,28,-7.868428e+003
87,29,-7.868428e+003
87,30,-7.868429e+003
87,31,-7.868429e+003
87,32,-7.868429e+003
87,33,-7.868429e+003
87,34,-7.868429e+003
87,35,-7.868429e+003
87,36,-7.868430e+003
87,37,-7.868430e+003
87,38,-7.868430e+003
87,39,-7.868430e+003
87,40,-7.868431e+003
87,41,-7.868441e+003
87,42,-7.868441e+003
87,43,-7.868442e+003
87,44,-7.868442e+003
88,0,-7.867290e+003
88,1,-7.867290e+003
88,2,-7.867290e+003
88,3,-7.867290e+003
88,4,-7.867291e+003
88,5,-7.867291e+003
88,6,-7.867292e+003
88,7,-7.867292e+003
88,8,-7.867292e+003
88,9,-7.867292e+003
88,10,-7.867292e+003
88,11,-7.867292e+003
89,0,-7.866507e+003
89,1,-7.867796e+003
89,2,-7.868710e+003
89,3,-7.870076e+003
89,4,-7.871318e+003
89,5,-7.872121e+003
89,6,-7.872893e+003
89,7,-7.873444e+003
89,8,-7.873771e+003
89,9,-7.874143e+003
89,10,-7.874423e+003
89,11,-7.874726e+003
89,12,-7.874777e+003
89,13,-7.874981e+003
89,14,-7.874985e+003
89,15,-7.874990e+003
89,16,-7.874997e+003
89,17,-7.874997e+003
90,0,-7.867968e+003
90,1,-7.867972e+003
90,2,-7.867976e+003
90,3,-7.867977e+003
90,4,-7.867991e+003
90,5,-7.867991e+003
90,6,-7.868032e+003
90,7,-7.868093e+003
90,8,-7.868109e+003
90,9,-7.868137e+003
90,10,-7.868169e+003
90,11,-7.868236e+003
90,12,-7.868238e+003
90,13,-7.868293e+003
90,14,-7.868320e+003
90,15,-7.868348e+003
90,16,-7.868350e+003
90,17,-7.868379e+003
90,18,-7.868480e+003
90,19,-7.868507e+003
90,20,-7.868535e+003
90,21,-7.868619e+003
90,22,-7.868649e+003
90,23,-7.868667e+003
90,24,-7.868724e+003
90,25,-7.868759e+003
90,26,-7.868842e+003
90,27,-7.868903e+003
90,28,-7.868944e+003
90,29,-7.868987e+003
90,30,-7.869030e+003
90,31,-7.869074e+003
90,32,-7.869097e+003
90,33,-7.869165e+003
90,34,-7.869249e+003
90,35,-7.869321e+003
90,36,-7.869359e+003
90,37,-7.869393e+003
90,38,-7.869420e+003
90,39,-7.869442e+003
90,40,-7.869470e+003
90,41,-7.869533e+003
90,42,-7.869567e+003
90,43,-7.869568e+003
90,44,-7.869661e+003
90,45,-7.869742e+003
90,46,-7.869779e+003
90,47,-7.869817e+003
90,48,-7.869854e+003
90,49,-7.869892e+003
90,50,-7.869893e+003
90,51,-7.870051e+003
90,52,-7.870127e+003
90,53,-7.870165e+003
90,54,-7.870241e+003
90,55,-7.870271e+003
90,56,-7.870347e+003
90,57,-7.870377e+003
90,58,-7.870409e+003
90,59,-7.870442e+003
90,60,-7.870475e+003
90,61,-7.870556e+003
90,62,-7.870557e+003
90,63,-7.870749e+003
90,64,-7.870788e+003
90,65,-7.870827e+003
90,66,-7.870868e+003
90,67,-7.870954e+003
90,68,-7.870995e+003
90,69,-7.871036e+003
90,70,-7.871087e+003
90,71,-7.871128e+003
90,72,-7.871134e+003
90,73,-7.871135e+003
90,74,-7.871290e+003
90,75,-7.871329e+003
90,76,-7.871369e+003
90,77,-7.871410e+003
90,78,-7.871451e+003
90,79,-7.871582e+003
90,80,-7.871667e+003
90,81,-7.871669e+003
90,82,-7.871729e+003
90,83,-7.873605e+003
90,84,-7.874548e+003
90,85,-7.874868e+003
90,86,-7.875175e+003
90,87,-7.875186e+003
90,88,-7.875320e+003
90,89,-7.875462e+003
90,90,-7.875576e+003
90,91,-7.875614e+003
90,92,-7.875657e+003
90,93,-7.875708e+003
90,94,-7.875729e+003
90,95,-7.875730e+003
90,96,-7.875733e+003
90,97,-7.875735e+003
90,98,-7.875738e+003
90,99,-7.875740e+003
90,100,-7.875742e+003
90,101,-7.875747e+003
90,102,-7.875748e+003
90,103,-7.875748e+003
90,104,-7.875749e+003
90,105,-7.875749e+003
90,106,-7.875750e+003
90,107,-7.875751e+003
90,108,-7.875751e+003
90,109,-7.875752e+003
90,110,-7.875753e+003
90,111,-7.875753e+003
91,0,-7.866967e+003
91,1,-7.866967e+003
91,2,-7.866967e+003
91,3,-7.866967e+003
91,4,-7.866972e+003
91,5,-7.866972e+003
91,6,-7.866973e+003
91,7,-7.866973e+003
91,8,-7.866973e+003
91,9,-7.866973e+003
91,10,-7.866973e+003
91,11,-7.866973e+003
92,0,-7.867073e+003
92,1,-7.867073e+003
92,2,-7.867073e+003
92,3,-7.867073e+003
92,4,-7.867077e+003
92,5,-7.867077e+003
92,6,-7.867078e+003
92,7,-7.867078e+003
92,8,-7.867079e+003
92,9,-7.867080e+003
92,10,-7.867080e+003
92,11,-7.867081e+003
92,12,-7.867082e+003
92,13,-7.867083e+003
92,14,-7.867083e+003
92,15,-7.867084e+003
92,16,-7.867085e+003
92,17,-7.867126e+003
92,18,-7.867126e+003
93,0,-7.867210e+003
93,1,-7.867210e+003
93,2,-7.867211e+003
93,3,-7.867212e+003
93,4,-7.867213e+003
93,5,-7.867214e+003
93,6,-7.867256e+003
93,7,-7.867256e+003
93,8,-7.867256e+003
93,9,-7.867257e+003
93,10,-7.867259e+003
93,11,-7.867260e+003
93,12,-7.867261e+003
93,13,-7.867262e+003
93,14,-7.867263e+003
93,15,-7.867264e+003
93,16,-7.867265e+003
93,17,-7.867310e+003
93,18,-7.867310e+003
94,0,-7.867320e+003
94,1,-7.867321e+003
94,2,-7.867322e+003
94,3,-7.867323e+003
94,4,-7.867324e+003
94,5,-7.867325e+003
94,6,-7.867370e+003
94,7,-7.867371e+003
94,8,-7.867372e+003
94,9,-7.867372e+003
94,10,-7.867373e+003
94,11,-7.867374e+003
94,12,-7.867375e+003
94,13,-7.867375e+003
94,14,-7.867376e+003
94,15,-7.867377e+003
94,16,-7.867377e+003
94,17,-7.867378e+003
94,18,-7.867379e+003
94,19,-7.867379e+003
94,20,-7.867380e+003
94,21,-7.868302e+003
94,22,-7.869513e+003
94,23,-7.869953e+003
94,24,-7.870800e+003
94,25,-7.871757e+003
94,26,-7.872608e+003
94,27,-7.873406e+003
94,28,-7.873844e+003
94,29,-7.874211e+003
94,30,-7.874399e+003
94,31,-7.874614e+003
94,32,-7.874857e+003
94,33,-7.875017e+003
94,34,-7.875101e+003
94,35,-7.875177e+003
94,36,-7.875290e+003
94,37,-7.875294e+003
94,38,-7.875386e+003
94,39,-7.875440e+003
94,40,-7.875486e+003
94,41,-7.875487e+003
94,42,-7.875520e+003
94,43,-7.875521e+003
94,44,-7.875521e+003
95,0,-7.868628e+003
95,1,-7.868629e+003
95,2,-7.868629e+003
95,3,-7.868656e+003
95,4,-7.868757e+003
95,5,-7.868769e+003
95,6,-7.868770e+003
95,7,-7.868784e+003
95,8,-7.868801e+003
95,9,-7.868802e+003
95,10,-7.868918e+003
95,11,-7.868937e+003
95,12,-7.869001e+003
95,13,-7.869019e+003
95,14,-7.869037e+003
95,15,-7.869038e+003
95,16,-7.869113e+003
95,17,-7.869114e+003
95,18,-7.869126e+003
95,19,-7.869141e+003
95,20,-7.869156e+003
95,21,-7.869157e+003
95,22,-7.869177e+003
95,23,-7.869195e+003
95,24,-7.869196e+003
95,25,-7.869222e+003
95,26,-7.869247e+003
95,27,-7.869274e+003
95,28,-7.869275e+003
95,29,-7.869419e+003
95,30,-7.869423e+003
95,31,-7.869495e+003
95,32,-7.869540e+003
95,33,-7.869586e+003
95,34,-7.869635e+003
95,35,-7.869684e+003
95,36,-7.869734e+003
95,37,-7.869828e+003
95,38,-7.869876e+003
95,39,-7.869906e+003
95,40,-7.869944e+003
95,41,-7.869945e+003
95,42,-7.869957e+003
95,43,-7.869996e+003
95,44,-7.870035e+003
95,45,-7.870073e+003
95,46,-7.870156e+003
95,47,-7.870240e+003
95,48,-7.870300e+003
95,49,-7.870360e+003
95,50,-7.870366e+003
95,51,-7.870476e+003
95,52,-7.870503e+003
95,53,-7.870504e+003
95,54,-7.870610e+003
95,55,-7.870648e+003
95,56,-7.870649e+003
95,57,-7.870828e+003
95,58,-7.870872e+003
95,59,-7.870904e+003
95,60,-7.870935e+003
95,61,-7.870976e+003
95,62,-7.870977e+003
95,63,-7.871051e+003
95,64,-7.871124e+003
95,65,-7.871153e+003
95,66,-7.871154e+003
95,67,-7.871160e+003
95,68,-7.871233e+003
95,69,-7.871261e+003
95,70,-7.871288e+003
95,71,-7.871315e+003
95,72,-7.871351e+003
95,73,-7.871376e+003
95,74,-7.871377e+003
95,75,-7.871459e+003
95,76,-7.872485e+003
95,77,-7.873167e+003
95,78,-7.873514e+003
95,79,-7.873953e+003
95,80,-7.874238e+003
95,81,-7.874542e+003
95,82,-7.874812e+003
95,83,-7.874990e+003
95,84,-7.875118e+003
95,85,-7.875273e+003
95,86,-7.875362e+003
95,87,-7.875423e+003
95,88,-7.875487e+003
95,89,-7.875518e+003
95,90,-7.875534e+003
95,91,-7.875541e+003
95,92,-7.875549e+003
95,93,-7.875557e+003
95,94,-7.875609e+003
95,95,-7.875612e+003
95,96,-7.875617e+003
95,97,-7.875621e+003
95,98,-7.875628e+003
95,99,-7.875628e+003
95,100,-7.875629e+003
95,101,-7.875635e+003
95,102,-7.875635e+003
95,103,-7.875636e+003
95,104,-7.875637e+003
95,105,-7.875637e+003
96,0,-7.868281e+003
96,1,-7.868281e+003
96,2,-7.868281e+003
96,3,-7.868281e+003
96,4,-7.868281e+003
96,5,-7.868281e+003
96,6,-7.868281e+003
96,7,-7.868281e+003
96,8,-7.868281e+003
96,9,-7.868281e+003
96,10,-7.868281e+003
96,11,-7.868281e+003
97,0,-7.868744e+003
97,1,-7.868744e+003
97,2,-7.868744e+003
97,3,-7.868744e+003
97,4,-7.868744e+003
97,5,-7.868744e+003
97,6,-7.868744e+003
97,7,-7.868744e+003
97,8,-7.868744e+003
97,9,-7.868744e+003
97,10,-7.868744e+003
97,11,-7.868744e+003
98,0,-7.869142e+003
98,1,-7.869142e+003
98,2,-7.869142e+003
98,3,-7.869142e+003
98,4,-7.869142e+003
98,5,-7.869142e+003
98,6,-7.869142e+003
98,7,-7.869142e+003
98,8,-7.869142e+003
98,9,-7.869142e+003
98,10,-7.869145e+003
98,11,-7.869145e+003
98,12,-7.869145e+003
98,13,-7.869146e+003
98,14,-7.869146e+003
98,15,-7.869146e+003
98,16,-7.869146e+003
98,17,-7.869147e+003
98,18,-7.869147e+003
98,19,-7.869147e+003
98,20,-7.869148e+003
98,21,-7.869148e+003
98,22,-7.869148e+003
98,23,-7.869149e+003
98,24,-7.869149e+003
98,25,-7.869150e+003
98,26,-7.869150e+003
98,27,-7.869151e+003
98,28,-7.869151e+003
98,29,-7.869152e+003
98,30,-7.869152e+003
98,31,-7.869153e+003
98,32,-7.869154e+003
98,33,-7.869155e+003
98,34,-7.869155e+003
98,35,-7.869156e+003
98,36,-7.869157e+003
98,37,-7.869158e+003
98,38,-7.869159e+003
98,39,-7.869160e+003
98,40,-7.869161e+003
98,41,-7.869162e+003
98,42,-7.869163e+003
98,43,-7.869164e+003
98,44,-7.869204e+003
98,45,-7.869204e+003
99,0,-7.869478e+003
99,1,-7.870029e+003
99,2,-7.870544e+003
99,3,-7.871452e+003
99,4,-7.872391e+003
99,5,-7.873525e+003
99,6,-7.874037e+003
99,7,-7.874385e+003
99,8,-7.874541e+003
99,9,-7.874714e+003
99,10,-7.874967e+003
99,11,-7.875056e+003
99,12,-7.875113e+003
99,13,-7.875197e+003
99,14,-7.875319e+003
99,15,-7.875483e+003
99,16,-7.875656e+003
99,17,-7.875721e+003
99,18,-7.875760e+003
99,19,-7.875795e+003
99,20,-7.875818e+003
99,21,-7.875838e+003
99,22,-7.875839e+003
99,23,-7.875839e+003
