0,0,-7.869640e+003
0,1,-7.870639e+003
0,2,-7.871664e+003
0,3,-7.872765e+003
0,4,-7.873319e+003
0,5,-7.873805e+003
0,6,-7.873969e+003
0,7,-7.874280e+003
0,8,-7.874544e+003
0,9,-7.874791e+003
0,10,-7.874983e+003
0,11,-7.875075e+003
0,12,-7.875229e+003
0,13,-7.875341e+003
0,14,-7.875438e+003
0,15,-7.875640e+003
0,16,-7.875711e+003
0,17,-7.875729e+003
0,18,-7.875736e+003
0,19,-7.875737e+003
0,20,-7.875760e+003
0,21,-7.875774e+003
0,22,-7.875774e+003
1,0,-7.869966e+003
1,1,-7.870028e+003
1,2,-7.870044e+003
1,3,-7.870065e+003
1,4,-7.870065e+003
1,5,-7.870136e+003
1,6,-7.870195e+003
1,7,-7.870261e+003
1,8,-7.870435e+003
1,9,-7.870474e+003
1,10,-7.870509e+003
1,11,-7.870510e+003
1,12,-7.870628e+003
1,13,-7.870716e+003
1,14,-7.870745e+003
1,15,-7.870777e+003
1,16,-7.870793e+003
1,17,-7.870827e+003
1,18,-7.870929e+003
1,19,-7.870971e+003
1,20,-7.871000e+003
1,21,-7.871046e+003
1,22,-7.871088e+003
1,23,-7.871128e+003
1,24,-7.871212e+003
1,25,-7.871213e+003
1,26,-7.871300e+003
1,27,-7.871344e+003
1,28,-7.871423e+003
1,29,-7.871459e+003
1,30,-7.871499e+003
1,31,-7.871501e+003
1,32,-7.871551e+003
1,33,-7.871617e+003
1,34,-7.871618e+003
1,35,-7.871847e+003
1,36,-7.871941e+003
1,37,-7.871942e+003
1,38,-7.872060e+003
1,39,-7.872103e+003
1,40,-7.872143e+003
1,41,-7.872296e+003
1,42,-7.872330e+003
1,43,-7.872351e+003
1,44,-7.872352e+003
1,45,-7.872428e+003
1,46,-7.872464e+003
1,47,-7.872488e+003
1,48,-7.872489e+003
1,49,-7.872608e+003
1,50,-7.872610e+003
1,51,-7.872622e+003
1,52,-7.872649e+003
1,53,-7.872733e+003
1,54,-7.872765e+003
1,55,-7.872766e+003
1,56,-7.872879e+003
1,57,-7.872911e+003
1,58,-7.872912e+003
1,59,-7.872915e+003
1,60,-7.873036e+003
1,61,-7.873149e+003
1,62,-7.873150e+003
1,63,-7.873173e+003
1,64,-7.873191e+003
1,65,-7.873209e+003
1,66,-7.873227e+003
1,67,-7.873227e+003
2,0,-7.867479e+003
2,1,-7.867480e+003
2,2,-7.867480e+003
2,3,-7.867531e+003
2,4,-7.867601e+003
2,5,-7.867602e+003
2,6,-7.867673e+003
2,7,-7.867705e+003
2,8,-7.867738e+003
2,9,-7.869786e+003
2,10,-7.870616e+003
2,11,-7.871319e+003
2,12,-7.871679e+003
2,13,-7.872164e+003
2,14,-7.872577e+003
2,15,-7.873053e+003
2,16,-7.873315e+003
2,17,-7.873710e+003
2,18,-7.874174e+003
2,19,-7.874640e+003
2,20,-7.874817e+003
2,21,-7.874898e+003
2,22,-7.875059e+003
2,23,-7.875194e+003
2,24,-7.875307e+003
2,25,-7.875373e+003
2,26,-7.875485e+003
2,27,-7.875614e+003
2,28,-7.875671e+003
2,29,-7.875686e+003
2,30,-7.875784e+003
2,31,-7.875786e+003
2,32,-7.875811e+003
2,33,-7.875812e+003
2,34,-7.875857e+003
2,35,-7.875866e+003
2,36,-7.875867e+003
2,37,-7.875870e+003
2,38,-7.875872e+003
2,39,-7.875875e+003
2,40,-7.875878e+003
2,41,-7.875881e+003
2,42,-7.875884e+003
2,43,-7.875884e+003
3,0,-7.869101e+003
3,1,-7.869102e+003
3,2,-7.869102e+003
3,3,-7.869102e+003
3,4,-7.869103e+003
3,5,-7.869103e+003
3,6,-7.869103e+003
3,7,-7.869104e+003
3,8,-7.869104e+003
3,9,-7.869105e+003
3,10,-7.869105e+003
3,11,-7.869106e+003
3,12,-7.869106e+003
3,13,-7.869107e+003
3,14,-7.869107e+003
3,15,-7.869108e+003
3,16,-7.869109e+003
3,17,-7.869109e+003
3,18,-7.869110e+003
3,19,-7.869110e+003
4,0,-7.868422e+003
4,1,-7.868423e+003
4,2,-7.868424e+003
4,3,-7.868425e+003
4,4,-7.868426e+003
4,5,-7.868428e+003
4,6,-7.868429e+003
4,7,-7.868430e+003
4,8,-7.868431e+003
4,9,-7.868433e+003
4,10,-7.868434e+003
4,11,-7.868436e+003
4,12,-7.868437e+003
4,13,-7.868439e+003
4,14,-7.868441e+003
4,15,-7.868442e+003
4,16,-7.868444e+003
4,17,-7.868446e+003
4,18,-7.868448e+003
4,19,-7.868469e+003
4,20,-7.868469e+003
5,0,-7.866760e+003
5,1,-7.866762e+003
5,2,-7.866764e+003
5,3,-7.866766e+003
5,4,-7.866768e+003
5,5,-7.866770e+003
5,6,-7.866771e+003
5,7,-7.866771e+003
5,8,-7.866772e+003
5,9,-7.866774e+003
5,10,-7.866776e+003
5,11,-7.866796e+003
5,12,-7.866798e+003
5,13,-7.866800e+003
5,14,-7.866802e+003
5,15,-7.866805e+003
5,16,-7.866807e+003
5,17,-7.866854e+003
5,18,-7.866857e+003
5,19,-7.866857e+003
5,20,-7.866857e+003
6,0,-7.864966e+003
6,1,-7.864969e+003
6,2,-7.865030e+003
6,3,-7.868238e+003
6,4,-7.869131e+003
6,5,-7.869687e+003
6,6,-7.870373e+003
6,7,-7.871511e+003
6,8,-7.872241e+003
6,9,-7.872872e+003
6,10,-7.873478e+003
6,11,-7.874007e+003
6,12,-7.874426e+003
6,13,-7.874717e+003
6,14,-7.874956e+003
6,15,-7.875126e+003
6,16,-7.875231e+003
6,17,-7.875372e+003
6,18,-7.875382e+003
6,19,-7.875458e+003
6,20,-7.875480e+003
6,21,-7.875582e+003
6,22,-7.875601e+003
6,23,-7.875656e+003
6,24,-7.875694e+003
6,25,-7.875729e+003
6,26,-7.875759e+003
6,27,-7.875784e+003
6,28,-7.875811e+003
6,29,-7.875835e+003
6,30,-7.875852e+003
6,31,-7.875912e+003
6,32,-7.875972e+003
6,33,-7.875994e+003
6,34,-7.876013e+003
6,35,-7.876014e+003
6,36,-7.876016e+003
6,37,-7.876018e+003
6,38,-7.876020e+003
6,39,-7.876021e+003
6,40,-7.876023e+003
6,41,-7.876024e+003
6,42,-7.876024e+003
7,0,-7.867470e+003
7,1,-7.867476e+003
7,2,-7.867476e+003
7,3,-7.867476e+003
7,4,-7.867477e+003
7,5,-7.867477e+003
7,6,-7.867477e+003
7,7,-7.867477e+003
7,8,-7.867477e+003
7,9,-7.867477e+003
7,10,-7.867477e+003
7,11,-7.867478e+003
7,12,-7.867478e+003
7,13,-7.867478e+003
7,14,-7.867478e+003
7,15,-7.867478e+003
7,16,-7.867478e+003
7,17,-7.867479e+003
7,18,-7.867479e+003
7,19,-7.867479e+003
7,20,-7.867479e+003
7,21,-7.867479e+003
7,22,-7.867480e+003
7,23,-7.867480e+003
7,24,-7.867480e+003
7,25,-7.867480e+003
7,26,-7.867481e+003
7,27,-7.867481e+003
7,28,-7.867481e+003
7,29,-7.867481e+003
7,30,-7.867482e+003
7,31,-7.867482e+003
7,32,-7.867482e+003
7,33,-7.867483e+003
7,34,-7.867483e+003
7,35,-7.867483e+003
7,36,-7.867484e+003
7,37,-7.867484e+003
7,38,-7.867484e+003
7,39,-7.867485e+003
7,40,-7.867485e+003
7,41,-7.867485e+003
7,42,-7.867486e+003
7,43,-7.867486e+003
7,44,-7.867487e+003
7,45,-7.867487e+003
7,46,-7.867487e+003
7,47,-7.867488e+003
7,48,-7.867488e+003
7,49,-7.867489e+003
7,50,-7.867489e+003
7,51,-7.867489e+003
7,52,-7.867490e+003
7,53,-7.867490e+003
8,0,-7.866366e+003
8,1,-7.866374e+003
8,2,-7.866374e+003
8,3,-7.866375e+003
8,4,-7.866375e+003
8,5,-7.866376e+003
8,6,-7.867893e+003
8,7,-7.868584e+003
8,8,-7.869477e+003
8,9,-7.870594e+003
8,10,-7.871840e+003
8,11,-7.872681e+003
8,12,-7.873375e+003
8,13,-7.873751e+003
8,14,-7.874138e+003
8,15,-7.874529e+003
8,16,-7.874841e+003
8,17,-7.874988e+003
8,18,-7.875149e+003
8,19,-7.875219e+003
8,20,-7.875329e+003
8,21,-7.875422e+003
8,22,-7.875567e+003
8,23,-7.875609e+003
8,24,-7.875670e+003
8,25,-7.875720e+003
8,26,-7.875763e+003
8,27,-7.875798e+003
8,28,-7.875828e+003
8,29,-7.875856e+003
8,30,-7.875857e+003
8,31,-7.875876e+003
8,32,-7.875887e+003
8,33,-7.875888e+003
8,34,-7.875888e+003
9,0,-7.867720e+003
9,1,-7.867722e+003
9,2,-7.867725e+003
9,3,-7.867729e+003
9,4,-7.867732e+003
9,5,-7.867737e+003
9,6,-7.867742e+003
9,7,-7.867747e+003
9,8,-7.867754e+003
9,9,-7.867761e+003
9,10,-7.867769e+003
9,11,-7.867793e+003
9,12,-7.867793e+003
10,0,-7.865750e+003
10,1,-7.865761e+003
10,2,-7.865762e+003
10,3,-7.865785e+003
10,4,-7.865798e+003
10,5,-7.865812e+003
10,6,-7.865827e+003
10,7,-7.865861e+003
10,8,-7.865878e+003
10,9,-7.865895e+003
10,10,-7.865896e+003
10,11,-7.865923e+003
10,12,-7.865942e+003
10,13,-7.865971e+003
10,14,-7.865972e+003
10,15,-7.866005e+003
10,16,-7.866030e+003
10,17,-7.866109e+003
10,18,-7.866110e+003
10,19,-7.866203e+003
10,20,-7.866230e+003
10,21,-7.866292e+003
10,22,-7.866308e+003
10,23,-7.866324e+003
10,24,-7.866341e+003
10,25,-7.866343e+003
10,26,-7.866353e+003
10,27,-7.866386e+003
10,28,-7.866394e+003
10,29,-7.866411e+003
10,30,-7.866434e+003
10,31,-7.866447e+003
10,32,-7.866506e+003
10,33,-7.866519e+003
10,34,-7.866533e+003
10,35,-7.866592e+003
10,36,-7.866606e+003
10,37,-7.866621e+003
10,38,-7.866636e+003
10,39,-7.866651e+003
10,40,-7.866711e+003
10,41,-7.866717e+003
10,42,-7.866718e+003
10,43,-7.866729e+003
10,44,-7.866731e+003
10,45,-7.866828e+003
10,46,-7.866846e+003
10,47,-7.866874e+003
10,48,-7.866893e+003
10,49,-7.866957e+003
10,50,-7.866962e+003
10,51,-7.866982e+003
10,52,-7.867008e+003
10,53,-7.867009e+003
10,54,-7.867042e+003
10,55,-7.867063e+003
10,56,-7.867084e+003
10,57,-7.867106e+003
10,58,-7.870726e+003
10,59,-7.872511e+003
10,60,-7.874085e+003
10,61,-7.874642e+003
10,62,-7.875051e+003
10,63,-7.875248e+003
10,64,-7.875443e+003
10,65,-7.875599e+003
10,66,-7.875672e+003
10,67,-7.875689e+003
10,68,-7.875793e+003
10,69,-7.875887e+003
10,70,-7.875922e+003
10,71,-7.875941e+003
10,72,-7.875958e+003
10,73,-7.875967e+003
10,74,-7.876019e+003
10,75,-7.876025e+003
10,76,-7.876075e+003
10,77,-7.876084e+003
10,78,-7.876138e+003
10,79,-7.876143e+003
10,80,-7.876149e+003
10,81,-7.876149e+003
10,82,-7.876149e+003
11,0,-7.867711e+003
11,1,-7.867738e+003
11,2,-7.867739e+003
11,3,-7.867740e+003
11,4,-7.867740e+003
11,5,-7.867741e+003
11,6,-7.867742e+003
11,7,-7.867744e+003
11,8,-7.867744e+003
11,9,-7.867744e+003
11,10,-7.867765e+003
11,11,-7.867767e+003
11,12,-7.867773e+003
11,13,-7.867773e+003
12,0,-7.866784e+003
12,1,-7.866786e+003
12,2,-7.866788e+003
12,3,-7.866791e+003
12,4,-7.866793e+003
12,5,-7.866796e+003
12,6,-7.866798e+003
12,7,-7.866801e+003
12,8,-7.866804e+003
12,9,-7.866807e+003
12,10,-7.866810e+003
12,11,-7.866813e+003
12,12,-7.866816e+003
12,13,-7.866820e+003
12,14,-7.866823e+003
12,15,-7.866826e+003
12,16,-7.866830e+003
12,17,-7.866830e+003
12,18,-7.866831e+003
12,19,-7.866832e+003
12,20,-7.866834e+003
12,21,-7.866836e+003
12,22,-7.866864e+003
12,23,-7.866867e+003
12,24,-7.866871e+003
12,25,-7.866875e+003
12,26,-7.866878e+003
12,27,-7.866882e+003
12,28,-7.866886e+003
12,29,-7.866935e+003
12,30,-7.866935e+003
12,31,-7.866936e+003
12,32,-7.866936e+003
13,0,-7.864972e+003
13,1,-7.864990e+003
13,2,-7.865049e+003
13,3,-7.865052e+003
13,4,-7.865053e+003
13,5,-7.865055e+003
13,6,-7.865059e+003
13,7,-7.865062e+003
13,8,-7.865066e+003
13,9,-7.865069e+003
13,10,-7.865070e+003
13,11,-7.865071e+003
13,12,-7.865071e+003
14,0,-7.863934e+003
14,1,-7.863938e+003
14,2,-7.863941e+003
14,3,-7.863945e+003
14,4,-7.863987e+003
14,5,-7.863987e+003
14,6,-7.863987e+003
14,7,-7.863987e+003
14,8,-7.863987e+003
14,9,-7.863991e+003
14,10,-7.863992e+003
14,11,-7.863993e+003
14,12,-7.863994e+003
14,13,-7.863998e+003
14,14,-7.864002e+003
14,15,-7.866954e+003
14,16,-7.869602e+003
14,17,-7.870427e+003
14,18,-7.871188e+003
14,19,-7.871480e+003
14,20,-7.871781e+003
14,21,-7.872093e+003
14,22,-7.872607e+003
14,23,-7.873036e+003
14,24,-7.873676e+003
14,25,-7.874099e+003
14,26,-7.874434e+003
14,27,-7.874750e+003
14,28,-7.875070e+003
14,29,-7.875215e+003
14,30,-7.875371e+003
14,31,-7.875489e+003
14,32,-7.875635e+003
14,33,-7.875658e+003
14,34,-7.875810e+003
14,35,-7.875867e+003
14,36,-7.875913e+003
14,37,-7.875947e+003
14,38,-7.875976e+003
14,39,-7.876000e+003
14,40,-7.876002e+003
14,41,-7.876003e+003
14,42,-7.876005e+003
14,43,-7.876005e+003
15,0,-7.868975e+003
15,1,-7.868976e+003
15,2,-7.868976e+003
15,3,-7.868977e+003
15,4,-7.868977e+003
15,5,-7.868978e+003
15,6,-7.868978e+003
15,7,-7.868979e+003
15,8,-7.868980e+003
15,9,-7.868980e+003
15,10,-7.868980e+003
15,11,-7.868986e+003
15,12,-7.868987e+003
15,13,-7.868988e+003
15,14,-7.868989e+003
15,15,-7.868990e+003
15,16,-7.868991e+003
15,17,-7.868992e+003
15,18,-7.868994e+003
15,19,-7.868995e+003
15,20,-7.868995e+003
15,21,-7.868996e+003
15,22,-7.868997e+003
15,23,-7.868997e+003
16,0,-7.868624e+003
16,1,-7.868626e+003
16,2,-7.868628e+003
16,3,-7.868630e+003
16,4,-7.868632e+003
16,5,-7.868634e+003
16,6,-7.868637e+003
16,7,-7.868637e+003
16,8,-7.868637e+003
16,9,-7.868637e+003
16,10,-7.868647e+003
16,11,-7.868659e+003
16,12,-7.868659e+003
17,0,-7.867172e+003
17,1,-7.867175e+003
17,2,-7.867178e+003
17,3,-7.867181e+003
17,4,-7.867184e+003
17,5,-7.867187e+003
17,6,-7.867190e+003
17,7,-7.867193e+003
17,8,-7.867194e+003
17,9,-7.867195e+003
17,10,-7.867195e+003
17,11,-7.867200e+003
17,12,-7.867203e+003
17,13,-7.867252e+003
17,14,-7.867252e+003
17,15,-7.867253e+003
17,16,-7.867254e+003
17,17,-7.867259e+003
17,18,-7.867262e+003
17,19,-7.867311e+003
17,20,-7.867314e+003
17,21,-7.867318e+003
17,22,-7.867321e+003
17,23,-7.867325e+003
17,24,-7.867328e+003
17,25,-7.867331e+003
17,26,-7.867332e+003
17,27,-7.867333e+003
17,28,-7.867334e+003
17,29,-7.867337e+003
17,30,-7.867340e+003
17,31,-7.867343e+003
17,32,-7.867347e+003
17,33,-7.867350e+003
17,34,-7.870142e+003
17,35,-7.871240e+003
17,36,-7.871938e+003
17,37,-7.872409e+003
17,38,-7.872872e+003
17,39,-7.873170e+003
17,40,-7.873512e+003
17,41,-7.873788e+003
17,42,-7.874088e+003
17,43,-7.874318e+003
17,44,-7.874692e+003
17,45,-7.875032e+003
17,46,-7.875274e+003
17,47,-7.875432e+003
17,48,-7.875625e+003
17,49,-7.875702e+003
17,50,-7.875758e+003
17,51,-7.875841e+003
17,52,-7.875905e+003
17,53,-7.875944e+003
17,54,-7.876017e+003
17,55,-7.876084e+003
17,56,-7.876101e+003
17,57,-7.876117e+003
17,58,-7.876127e+003
17,59,-7.876128e+003
17,60,-7.876130e+003
17,61,-7.876131e+003
17,62,-7.876133e+003
17,63,-7.876134e+003
17,64,-7.876135e+003
17,65,-7.876135e+003
18,0,-7.869437e+003
18,1,-7.869482e+003
18,2,-7.869482e+003
18,3,-7.869482e+003
18,4,-7.869483e+003
18,5,-7.869483e+003
18,6,-7.869483e+003
18,7,-7.869483e+003
18,8,-7.869483e+003
18,9,-7.869483e+003
18,10,-7.869483e+003
18,11,-7.869483e+003
19,0,-7.868975e+003
19,1,-7.868975e+003
19,2,-7.868975e+003
19,3,-7.868975e+003
19,4,-7.868975e+003
19,5,-7.868975e+003
19,6,-7.868975e+003
19,7,-7.868975e+003
19,8,-7.868975e+003
19,9,-7.868983e+003
19,10,-7.868984e+003
19,11,-7.868984e+003
19,12,-7.868984e+003
19,13,-7.868985e+003
19,14,-7.868985e+003
19,15,-7.868986e+003
19,16,-7.868986e+003
19,17,-7.868987e+003
19,18,-7.868987e+003
20,0,-7.868033e+003
20,1,-7.868033e+003
20,2,-7.868062e+003
20,3,-7.868063e+003
20,4,-7.868064e+003
20,5,-7.868064e+003
20,6,-7.868065e+003
20,7,-7.868065e+003
20,8,-7.868066e+003
20,9,-7.868066e+003
20,10,-7.868067e+003
20,11,-7.868068e+003
20,12,-7.868068e+003
20,13,-7.868069e+003
20,14,-7.868070e+003
20,15,-7.868070e+003
20,16,-7.868071e+003
20,17,-7.868072e+003
20,18,-7.868072e+003
21,0,-7.866740e+003
21,1,-7.866741e+003
21,2,-7.866742e+003
21,3,-7.866743e+003
21,4,-7.866743e+003
21,5,-7.866743e+003
21,6,-7.866743e+003
21,7,-7.866743e+003
21,8,-7.866743e+003
21,9,-7.866743e+003
21,10,-7.866743e+003
21,11,-7.866744e+003
21,12,-7.866745e+003
21,13,-7.866745e+003
21,14,-7.866746e+003
21,15,-7.866746e+003
21,16,-7.866747e+003
21,17,-7.866747e+003
21,18,-7.868875e+003
21,19,-7.870004e+003
21,20,-7.870673e+003
21,21,-7.871230e+003
21,22,-7.871891e+003
21,23,-7.872649e+003
21,24,-7.873351e+003
21,25,-7.873852e+003
21,26,-7.874318e+003
21,27,-7.874622e+003
21,28,-7.874900e+003
21,29,-7.875150e+003
21,30,-7.875328e+003
21,31,-7.875425e+003
21,32,-7.875628e+003
21,33,-7.875631e+003
21,34,-7.875636e+003
21,35,-7.875641e+003
21,36,-7.875646e+003
21,37,-7.875650e+003
21,38,-7.875655e+003
21,39,-7.875658e+003
21,40,-7.875662e+003
21,41,-7.875662e+003
22,0,-7.868423e+003
22,1,-7.868469e+003
22,2,-7.868469e+003
22,3,-7.868469e+003
22,4,-7.868469e+003
22,5,-7.868469e+003
22,6,-7.868469e+003
22,7,-7.868469e+003
22,8,-7.868469e+003
22,9,-7.868469e+003
22,10,-7.868473e+003
22,11,-7.868474e+003
22,12,-7.868475e+003
22,13,-7.868476e+003
22,14,-7.868483e+003
22,15,-7.868483e+003
23,0,-7.867826e+003
23,1,-7.867827e+003
23,2,-7.867828e+003
23,3,-7.867829e+003
23,4,-7.867830e+003
23,5,-7.867862e+003
23,6,-7.867862e+003
23,7,-7.867862e+003
23,8,-7.867862e+003
23,9,-7.867863e+003
23,10,-7.867864e+003
23,11,-7.867866e+003
23,12,-7.867866e+003
23,13,-7.867867e+003
23,14,-7.867867e+003
24,0,-7.867188e+003
24,1,-7.867188e+003
24,2,-7.867192e+003
24,3,-7.867199e+003
24,4,-7.867199e+003
24,5,-7.867199e+003
24,6,-7.867199e+003
24,7,-7.867199e+003
24,8,-7.867200e+003
24,9,-7.867202e+003
24,10,-7.867204e+003
24,11,-7.867206e+003
24,12,-7.867208e+003
24,13,-7.867211e+003
24,14,-7.867213e+003
24,15,-7.867215e+003
24,16,-7.867218e+003
24,17,-7.867220e+003
24,18,-7.867222e+003
24,19,-7.867225e+003
24,20,-7.867227e+003
24,21,-7.867275e+003
24,22,-7.867277e+003
24,23,-7.867280e+003
24,24,-7.867282e+003
24,25,-7.867285e+003
24,26,-7.867332e+003
24,27,-7.867333e+003
24,28,-7.867334e+003
24,29,-7.867335e+003
24,30,-7.867337e+003
24,31,-7.867339e+003
24,32,-7.867345e+003
24,33,-7.867367e+003
24,34,-7.867380e+003
24,35,-7.867383e+003
24,36,-7.867386e+003
24,37,-7.867389e+003
24,38,-7.867392e+003
24,39,-7.867392e+003
24,40,-7.867393e+003
24,41,-7.867395e+003
24,42,-7.867405e+003
24,43,-7.867409e+003
24,44,-7.867412e+003
24,45,-7.869752e+003
24,46,-7.871370e+003
24,47,-7.871881e+003
24,48,-7.872292e+003
24,49,-7.872457e+003
24,50,-7.872886e+003
24,51,-7.873276e+003
24,52,-7.873651e+003
24,53,-7.874108e+003
24,54,-7.874489e+003
24,55,-7.874857e+003
24,56,-7.875220e+003
24,57,-7.875386e+003
24,58,-7.875641e+003
24,59,-7.875645e+003
24,60,-7.875650e+003
24,61,-7.875655e+003
24,62,-7.875661e+003
24,63,-7.875666e+003
24,64,-7.875671e+003
24,65,-7.875676e+003
24,66,-7.875681e+003
24,67,-7.875685e+003
24,68,-7.875689e+003
24,69,-7.875693e+003
24,70,-7.875697e+003
24,71,-7.875700e+003
24,72,-7.875703e+003
24,73,-7.875706e+003
24,74,-7.875709e+003
24,75,-7.875712e+003
24,76,-7.875715e+003
24,77,-7.875718e+003
24,78,-7.875718e+003
25,0,-7.868141e+003
25,1,-7.868141e+003
25,2,-7.868141e+003
25,3,-7.868141e+003
25,4,-7.868141e+003
25,5,-7.868149e+003
25,6,-7.868149e+003
25,7,-7.868150e+003
25,8,-7.868150e+003
25,9,-7.868150e+003
25,10,-7.868150e+003
25,11,-7.868150e+003
26,0,-7.867998e+003
26,1,-7.867998e+003
26,2,-7.867998e+003
26,3,-7.867998e+003
26,4,-7.867998e+003
26,5,-7.867998e+003
26,6,-7.867998e+003
26,7,-7.867998e+003
26,8,-7.867998e+003
26,9,-7.867999e+003
26,10,-7.868000e+003
26,11,-7.868000e+003
26,12,-7.868000e+003
26,13,-7.868001e+003
26,14,-7.868001e+003
26,15,-7.868042e+003
26,16,-7.868092e+003
26,17,-7.868092e+003
27,0,-7.867806e+003
27,1,-7.867806e+003
27,2,-7.867806e+003
27,3,-7.867806e+003
27,4,-7.867806e+003
27,5,-7.867806e+003
27,6,-7.867806e+003
27,7,-7.867806e+003
27,8,-7.867806e+003
27,9,-7.867806e+003
27,10,-7.867806e+003
27,11,-7.867807e+003
27,12,-7.867807e+003
27,13,-7.867808e+003
27,14,-7.867808e+003
27,15,-7.867808e+003
27,16,-7.867809e+003
27,17,-7.867809e+003
27,18,-7.867809e+003
28,0,-7.868012e+003
28,1,-7.868012e+003
28,2,-7.868012e+003
28,3,-7.868012e+003
28,4,-7.868012e+003
28,5,-7.868012e+003
28,6,-7.868012e+003
28,7,-7.868031e+003
28,8,-7.868031e+003
28,9,-7.868032e+003
28,10,-7.868032e+003
28,11,-7.868047e+003
28,12,-7.868047e+003
29,0,-7.867668e+003
29,1,-7.867668e+003
29,2,-7.867668e+003
29,3,-7.867671e+003
29,4,-7.869298e+003
29,5,-7.870039e+003
29,6,-7.870568e+003
29,7,-7.871511e+003
29,8,-7.872312e+003
29,9,-7.873115e+003
29,10,-7.873954e+003
29,11,-7.874586e+003
29,12,-7.875071e+003
29,13,-7.875252e+003
29,14,-7.875396e+003
29,15,-7.875541e+003
29,16,-7.875630e+003
29,17,-7.875693e+003
29,18,-7.875818e+003
29,19,-7.875878e+003
29,20,-7.875965e+003
29,21,-7.876114e+003
29,22,-7.876164e+003
29,23,-7.876199e+003
29,24,-7.876231e+003
29,25,-7.876267e+003
29,26,-7.876269e+003
29,27,-7.876271e+003
29,28,-7.876274e+003
29,29,-7.876277e+003
29,30,-7.876280e+003
29,31,-7.876280e+003
30,0,-7.869577e+003
30,1,-7.869577e+003
30,2,-7.869577e+003
30,3,-7.869577e+003
30,4,-7.869577e+003
30,5,-7.869577e+003
30,6,-7.869577e+003
30,7,-7.869578e+003
30,8,-7.869578e+003
30,9,-7.869579e+003
30,10,-7.869579e+003
30,11,-7.869579e+003
30,12,-7.869580e+003
30,13,-7.869580e+003
30,14,-7.869580e+003
31,0,-7.869779e+003
31,1,-7.869779e+003
31,2,-7.869779e+003
31,3,-7.869779e+003
31,4,-7.869779e+003
31,5,-7.869779e+003
31,6,-7.869779e+003
31,7,-7.869795e+003
31,8,-7.869796e+003
31,9,-7.869797e+003
31,10,-7.869798e+003
31,11,-7.869799e+003
31,12,-7.869800e+003
31,13,-7.869801e+003
31,14,-7.869803e+003
31,15,-7.869804e+003
31,16,-7.869805e+003
31,17,-7.869807e+003
31,18,-7.869808e+003
31,19,-7.869810e+003
31,20,-7.869811e+003
31,21,-7.869813e+003
31,22,-7.869813e+003
32,0,-7.869278e+003
32,1,-7.869316e+003
32,2,-7.869317e+003
32,3,-7.869319e+003
32,4,-7.869321e+003
32,5,-7.869324e+003
32,6,-7.869326e+003
32,7,-7.869328e+003
32,8,-7.869330e+003
32,9,-7.869332e+003
32,10,-7.869335e+003
32,11,-7.869337e+003
32,12,-7.869340e+003
32,13,-7.869387e+003
32,14,-7.869390e+003
32,15,-7.869392e+003
32,16,-7.869395e+003
32,17,-7.869397e+003
32,18,-7.869400e+003
32,19,-7.869403e+003
32,20,-7.869406e+003
32,21,-7.869408e+003
32,22,-7.869409e+003
32,23,-7.869409e+003
32,24,-7.869411e+003
32,25,-7.869412e+003
32,26,-7.869431e+003
32,27,-7.869437e+003
32,28,-7.869437e+003
33,0,-7.867221e+003
33,1,-7.867221e+003
33,2,-7.867222e+003
33,3,-7.867223e+003
33,4,-7.867224e+003
33,5,-7.870230e+003
33,6,-7.871137e+003
33,7,-7.871530e+003
33,8,-7.871925e+003
33,9,-7.872315e+003
33,10,-7.873159e+003
33,11,-7.873861e+003
33,12,-7.874469e+003
33,13,-7.874929e+003
33,14,-7.875310e+003
33,15,-7.875512e+003
33,16,-7.875711e+003
33,17,-7.875812e+003
33,18,-7.875908e+003
33,19,-7.875935e+003
33,20,-7.876020e+003
33,21,-7.876083e+003
33,22,-7.876086e+003
33,23,-7.876119e+003
33,24,-7.876120e+003
33,25,-7.876145e+003
33,26,-7.876158e+003
33,27,-7.876216e+003
33,28,-7.876233e+003
33,29,-7.876250e+003
33,30,-7.876279e+003
33,31,-7.876280e+003
33,32,-7.876282e+003
33,33,-7.876285e+003
33,34,-7.876288e+003
33,35,-7.876291e+003
33,36,-7.876294e+003
33,37,-7.876297e+003
33,38,-7.876299e+003
33,39,-7.876302e+003
33,40,-7.876304e+003
33,41,-7.876304e+003
34,0,-7.870546e+003
34,1,-7.870546e+003
34,2,-7.870546e+003
34,3,-7.870547e+003
34,4,-7.870547e+003
34,5,-7.870547e+003
34,6,-7.870548e+003
34,7,-7.870548e+003
34,8,-7.870548e+003
34,9,-7.870549e+003
34,10,-7.870549e+003
34,11,-7.870549e+003
34,12,-7.870550e+003
34,13,-7.870550e+003
34,14,-7.870551e+003
34,15,-7.870551e+003
34,16,-7.870552e+003
34,17,-7.870552e+003
34,18,-7.870553e+003
34,19,-7.870553e+003
34,20,-7.870554e+003
34,21,-7.870555e+003
34,22,-7.870555e+003
34,23,-7.870556e+003
34,24,-7.870556e+003
34,25,-7.870557e+003
34,26,-7.870558e+003
34,27,-7.870559e+003
34,28,-7.870559e+003
34,29,-7.870560e+003
34,30,-7.870561e+003
34,31,-7.870561e+003
34,32,-7.870562e+003
34,33,-7.870563e+003
34,34,-7.870564e+003
34,35,-7.870564e+003
34,36,-7.870564e+003
35,0,-7.869671e+003
35,1,-7.869671e+003
35,2,-7.869671e+003
35,3,-7.869679e+003
35,4,-7.869679e+003
35,5,-7.869680e+003
35,6,-7.869681e+003
35,7,-7.869682e+003
35,8,-7.869682e+003
35,9,-7.869683e+003
35,10,-7.869684e+003
35,11,-7.869730e+003
35,12,-7.869731e+003
35,13,-7.869732e+003
35,14,-7.869732e+003
35,15,-7.869733e+003
35,16,-7.869734e+003
35,17,-7.869735e+003
35,18,-7.869736e+003
35,19,-7.869763e+003
35,20,-7.869771e+003
35,21,-7.869771e+003
36,0,-7.868212e+003
36,1,-7.868213e+003
36,2,-7.868214e+003
36,3,-7.868215e+003
36,4,-7.869311e+003
36,5,-7.870331e+003
36,6,-7.870813e+003
36,7,-7.871341e+003
36,8,-7.872075e+003
36,9,-7.872974e+003
36,10,-7.873676e+003
36,11,-7.874134e+003
36,12,-7.874509e+003
36,13,-7.874672e+003
36,14,-7.874757e+003
36,15,-7.874850e+003
36,16,-7.874929e+003
36,17,-7.874971e+003
36,18,-7.874972e+003
36,19,-7.875069e+003
36,20,-7.875113e+003
36,21,-7.875121e+003
36,22,-7.875148e+003
36,23,-7.875171e+003
36,24,-7.875243e+003
36,25,-7.875302e+003
36,26,-7.875315e+003
36,27,-7.875323e+003
36,28,-7.875333e+003
36,29,-7.875344e+003
36,30,-7.875344e+003
36,31,-7.875344e+003
37,0,-7.869564e+003
37,1,-7.869566e+003
37,2,-7.869568e+003
37,3,-7.869570e+003
37,4,-7.869573e+003
37,5,-7.869576e+003
37,6,-7.869580e+003
37,7,-7.869584e+003
37,8,-7.869585e+003
37,9,-7.869621e+003
37,10,-7.869621e+003
37,11,-7.869621e+003
38,0,-7.867952e+003
38,1,-7.867960e+003
38,2,-7.867968e+003
38,3,-7.867976e+003
38,4,-7.868054e+003
38,5,-7.868054e+003
38,6,-7.868056e+003
38,7,-7.868070e+003
38,8,-7.868108e+003
38,9,-7.868108e+003
38,10,-7.868109e+003
38,11,-7.868110e+003
38,12,-7.868112e+003
38,13,-7.868126e+003
38,14,-7.868127e+003
38,15,-7.868146e+003
38,16,-7.868214e+003
38,17,-7.868215e+003
38,18,-7.868224e+003
38,19,-7.868226e+003
38,20,-7.868232e+003
38,21,-7.868272e+003
38,22,-7.868283e+003
38,23,-7.868293e+003
38,24,-7.868315e+003
38,25,-7.868325e+003
38,26,-7.868326e+003
38,27,-7.868337e+003
38,28,-7.868348e+003
38,29,-7.868360e+003
38,30,-7.868417e+003
38,31,-7.868475e+003
38,32,-7.868487e+003
38,33,-7.868500e+003
38,34,-7.868513e+003
38,35,-7.868612e+003
38,36,-7.868612e+003
38,37,-7.868643e+003
38,38,-7.868655e+003
38,39,-7.868740e+003
38,40,-7.868749e+003
38,41,-7.868749e+003
39,0,-7.864542e+003
39,1,-7.864552e+003
39,2,-7.864562e+003
39,3,-7.864572e+003
39,4,-7.864579e+003
39,5,-7.864590e+003
39,6,-7.864601e+003
39,7,-7.864613e+003
39,8,-7.864624e+003
39,9,-7.864636e+003
39,10,-7.864648e+003
39,11,-7.864671e+003
39,12,-7.864679e+003
39,13,-7.864691e+003
39,14,-7.864707e+003
39,15,-7.864719e+003
39,16,-7.864732e+003
39,17,-7.864789e+003
39,18,-7.867164e+003
39,19,-7.868125e+003
39,20,-7.869350e+003
39,21,-7.870448e+003
39,22,-7.870968e+003
39,23,-7.871420e+003
39,24,-7.871819e+003
39,25,-7.871972e+003
39,26,-7.872057e+003
39,27,-7.872317e+003
39,28,-7.872430e+003
39,29,-7.872495e+003
39,30,-7.872571e+003
39,31,-7.872668e+003
39,32,-7.872668e+003
40,0,-7.866937e+003
40,1,-7.867027e+003
40,2,-7.867227e+003
40,3,-7.867308e+003
40,4,-7.867361e+003
40,5,-7.867573e+003
40,6,-7.867699e+003
40,7,-7.867707e+003
40,8,-7.867809e+003
40,9,-7.867850e+003
40,10,-7.867990e+003
40,11,-7.868009e+003
40,12,-7.868056e+003
40,13,-7.868079e+003
40,14,-7.868196e+003
40,15,-7.868241e+003
40,16,-7.868306e+003
40,17,-7.868344e+003
40,18,-7.868381e+003
40,19,-7.868418e+003
40,20,-7.868420e+003
40,21,-7.868563e+003
40,22,-7.868686e+003
40,23,-7.868718e+003
40,24,-7.868748e+003
40,25,-7.868820e+003
40,26,-7.868845e+003
40,27,-7.868867e+003
40,28,-7.868888e+003
40,29,-7.868907e+003
40,30,-7.868926e+003
40,31,-7.868945e+003
40,32,-7.868965e+003
40,33,-7.868987e+003
40,34,-7.869010e+003
40,35,-7.869035e+003
40,36,-7.869037e+003
40,37,-7.869044e+003
40,38,-7.869044e+003
41,0,-7.865551e+003
41,1,-7.865579e+003
41,2,-7.865648e+003
41,3,-7.865677e+003
41,4,-7.865678e+003
41,5,-7.865873e+003
41,6,-7.865955e+003
41,7,-7.865991e+003
41,8,-7.866116e+003
41,9,-7.866117e+003
41,10,-7.866230e+003
41,11,-7.866303e+003
41,12,-7.866390e+003
41,13,-7.866413e+003
41,14,-7.866491e+003
41,15,-7.866535e+003
41,16,-7.866614e+003
41,17,-7.866718e+003
41,18,-7.866799e+003
41,19,-7.866801e+003
41,20,-7.866887e+003
41,21,-7.866920e+003
41,22,-7.866996e+003
41,23,-7.867067e+003
41,24,-7.867067e+003
42,0,-7.863853e+003
42,1,-7.863883e+003
42,2,-7.863913e+003
42,3,-7.863945e+003
42,4,-7.863993e+003
42,5,-7.864040e+003
42,6,-7.864118e+003
42,7,-7.864119e+003
42,8,-7.864183e+003
42,9,-7.864210e+003
42,10,-7.864237e+003
42,11,-7.864266e+003
42,12,-7.864379e+003
42,13,-7.864396e+003
42,14,-7.864419e+003
42,15,-7.864466e+003
42,16,-7.864467e+003
42,17,-7.864574e+003
42,18,-7.864658e+003
42,19,-7.864742e+003
42,20,-7.864743e+003
42,21,-7.865753e+003
42,22,-7.866659e+003
42,23,-7.867162e+003
42,24,-7.867463e+003
42,25,-7.867760e+003
42,26,-7.868015e+003
42,27,-7.868145e+003
42,28,-7.868305e+003
42,29,-7.868370e+003
42,30,-7.868438e+003
42,31,-7.868441e+003
42,32,-7.868445e+003
42,33,-7.868450e+003
42,34,-7.868454e+003
42,35,-7.868458e+003
42,36,-7.868462e+003
42,37,-7.868465e+003
42,38,-7.868465e+003
43,0,-7.864858e+003
43,1,-7.864862e+003
43,2,-7.864862e+003
43,3,-7.864862e+003
43,4,-7.864862e+003
43,5,-7.864862e+003
43,6,-7.864862e+003
43,7,-7.864866e+003
43,8,-7.864866e+003
43,9,-7.864867e+003
43,10,-7.864867e+003
43,11,-7.864868e+003
43,12,-7.864868e+003
43,13,-7.864869e+003
43,14,-7.864870e+003
43,15,-7.864871e+003
43,16,-7.864871e+003
43,17,-7.864872e+003
43,18,-7.864873e+003
43,19,-7.864919e+003
43,20,-7.864920e+003
43,21,-7.864921e+003
43,22,-7.864921e+003
44,0,-7.862720e+003
44,1,-7.862720e+003
44,2,-7.862720e+003
44,3,-7.862720e+003
44,4,-7.862720e+003
44,5,-7.862731e+003
44,6,-7.862732e+003
44,7,-7.862734e+003
44,8,-7.862780e+003
44,9,-7.862780e+003
44,10,-7.862782e+003
44,11,-7.862783e+003
44,12,-7.862783e+003
44,13,-7.862785e+003
44,14,-7.862786e+003
44,15,-7.862788e+003
44,16,-7.862833e+003
44,17,-7.862833e+003
44,18,-7.862876e+003
44,19,-7.862932e+003
44,20,-7.862932e+003
45,0,-7.859785e+003
45,1,-7.859785e+003
45,2,-7.859786e+003
45,3,-7.859787e+003
45,4,-7.859789e+003
45,5,-7.859801e+003
45,6,-7.859801e+003
45,7,-7.859803e+003
45,8,-7.859805e+003
45,9,-7.859806e+003
45,10,-7.859808e+003
45,11,-7.859808e+003
45,12,-7.859809e+003
45,13,-7.859810e+003
45,14,-7.859811e+003
45,15,-7.859813e+003
45,16,-7.859815e+003
45,17,-7.859821e+003
45,18,-7.859823e+003
45,19,-7.859835e+003
45,20,-7.859837e+003
45,21,-7.859838e+003
45,22,-7.859840e+003
45,23,-7.859841e+003
45,24,-7.859843e+003
45,25,-7.859845e+003
45,26,-7.859845e+003
46,0,-7.856027e+003
46,1,-7.856027e+003
46,2,-7.856027e+003
46,3,-7.856027e+003
46,4,-7.856103e+003
46,5,-7.856105e+003
46,6,-7.856106e+003
46,7,-7.856107e+003
46,8,-7.856109e+003
46,9,-7.856110e+003
46,10,-7.856111e+003
46,11,-7.856458e+003
46,12,-7.857133e+003
46,13,-7.857705e+003
46,14,-7.858026e+003
46,15,-7.858127e+003
46,16,-7.858260e+003
46,17,-7.858265e+003
46,18,-7.858265e+003
47,0,-7.853433e+003
47,1,-7.853739e+003
47,2,-7.853891e+003
47,3,-7.854218e+003
47,4,-7.854474e+003
47,5,-7.854703e+003
47,6,-7.854770e+003
47,7,-7.854973e+003
47,8,-7.855082e+003
47,9,-7.855197e+003
47,10,-7.855302e+003
47,11,-7.855481e+003
47,12,-7.855546e+003
47,13,-7.855623e+003
47,14,-7.855728e+003
47,15,-7.855731e+003
47,16,-7.855828e+003
47,17,-7.855831e+003
47,18,-7.855891e+003
47,19,-7.855924e+003
47,20,-7.855967e+003
47,21,-7.855969e+003
47,22,-7.856090e+003
47,23,-7.856146e+003
47,24,-7.856201e+003
47,25,-7.856312e+003
47,26,-7.856349e+003
47,27,-7.856352e+003
47,28,-7.856456e+003
47,29,-7.856539e+003
47,30,-7.856599e+003
47,31,-7.856742e+003
47,32,-7.856897e+003
47,33,-7.857008e+003
47,34,-7.857126e+003
47,35,-7.857228e+003
47,36,-7.857284e+003
47,37,-7.857332e+003
47,38,-7.857514e+003
47,39,-7.857691e+003
47,40,-7.857770e+003
47,41,-7.857837e+003
47,42,-7.857858e+003
47,43,-7.858010e+003
47,44,-7.858113e+003
47,45,-7.858166e+003
47,46,-7.858216e+003
47,47,-7.858266e+003
47,48,-7.858320e+003
47,49,-7.858331e+003
47,50,-7.858333e+003
47,51,-7.858514e+003
47,52,-7.858540e+003
47,53,-7.858626e+003
47,54,-7.858628e+003
47,55,-7.858790e+003
47,56,-7.858878e+003
47,57,-7.858960e+003
47,58,-7.859065e+003
47,59,-7.859181e+003
47,60,-7.859343e+003
47,61,-7.859421e+003
47,62,-7.859423e+003
47,63,-7.859471e+003
47,64,-7.859517e+003
47,65,-7.859565e+003
47,66,-7.859567e+003
47,67,-7.859657e+003
47,68,-7.859697e+003
47,69,-7.859823e+003
47,70,-7.859870e+003
47,71,-7.859959e+003
47,72,-7.860001e+003
47,73,-7.860045e+003
47,74,-7.860090e+003
47,75,-7.860092e+003
47,76,-7.860142e+003
47,77,-7.860143e+003
47,78,-7.860201e+003
47,79,-7.860235e+003
47,80,-7.860365e+003
47,81,-7.860411e+003
47,82,-7.860461e+003
47,83,-7.860463e+003
47,84,-7.860516e+003
47,85,-7.860553e+003
47,86,-7.860590e+003
47,87,-7.860758e+003
47,88,-7.860818e+003
47,89,-7.860889e+003
47,90,-7.860895e+003
47,91,-7.860896e+003
47,92,-7.861183e+003
47,93,-7.861342e+003
47,94,-7.861644e+003
47,95,-7.861789e+003
47,96,-7.861858e+003
47,97,-7.861912e+003
47,98,-7.861997e+003
47,99,-7.861997e+003
48,0,-7.859721e+003
48,1,-7.859723e+003
48,2,-7.859727e+003
48,3,-7.859815e+003
48,4,-7.859816e+003
48,5,-7.859869e+003
48,6,-7.859870e+003
48,7,-7.859899e+003
48,8,-7.859900e+003
48,9,-7.859901e+003
48,10,-7.859902e+003
48,11,-7.859904e+003
48,12,-7.859907e+003
48,13,-7.859907e+003
49,0,-7.857053e+003
49,1,-7.857053e+003
49,2,-7.857053e+003
49,3,-7.857053e+003
49,4,-7.857053e+003
49,5,-7.857053e+003
49,6,-7.857053e+003
49,7,-7.857053e+003
49,8,-7.857053e+003
49,9,-7.857053e+003
49,10,-7.857053e+003
49,11,-7.857053e+003
50,0,-7.853088e+003
50,1,-7.853088e+003
50,2,-7.853089e+003
50,3,-7.853089e+003
50,4,-7.853089e+003
50,5,-7.853090e+003
50,6,-7.853090e+003
50,7,-7.853090e+003
50,8,-7.853091e+003
50,9,-7.853091e+003
50,10,-7.853092e+003
50,11,-7.853092e+003
50,12,-7.853093e+003
50,13,-7.853093e+003
50,14,-7.853094e+003
50,15,-7.853094e+003
50,16,-7.853095e+003
50,17,-7.853096e+003
50,18,-7.853096e+003
50,19,-7.853097e+003
50,20,-7.853098e+003
50,21,-7.853099e+003
50,22,-7.853100e+003
50,23,-7.853139e+003
50,24,-7.853169e+003
50,25,-7.853169e+003
51,0,-7.847660e+003
51,1,-7.847661e+003
51,2,-7.847662e+003
51,3,-7.847663e+003
51,4,-7.847664e+003
51,5,-7.847665e+003
51,6,-7.847667e+003
51,7,-7.847668e+003
51,8,-7.847670e+003
51,9,-7.847670e+003
51,10,-7.847670e+003
51,11,-7.847670e+003
52,0,-7.840739e+003
52,1,-7.840740e+003
52,2,-7.840786e+003
52,3,-7.840788e+003
52,4,-7.840789e+003
52,5,-7.840790e+003
52,6,-7.840791e+003
52,7,-7.840793e+003
52,8,-7.840793e+003
52,9,-7.840794e+003
52,10,-7.840795e+003
52,11,-7.840796e+003
52,12,-7.840796e+003
53,0,-7.832679e+003
53,1,-7.832680e+003
53,2,-7.832682e+003
53,3,-7.832683e+003
53,4,-7.832684e+003
53,5,-7.832686e+003
53,6,-7.832687e+003
53,7,-7.832689e+003
53,8,-7.832690e+003
53,9,-7.832691e+003
53,10,-7.832693e+003
53,11,-7.832694e+003
53,12,-7.832696e+003
53,13,-7.832697e+003
53,14,-7.832699e+003
53,15,-7.840095e+003
53,16,-7.842104e+003
53,17,-7.843427e+003
53,18,-7.844582e+003
53,19,-7.845279e+003
53,20,-7.845614e+003
53,21,-7.845712e+003
53,22,-7.845881e+003
53,23,-7.846021e+003
53,24,-7.846121e+003
53,25,-7.846180e+003
53,26,-7.846270e+003
53,27,-7.846387e+003
53,28,-7.846485e+003
53,29,-7.846574e+003
53,30,-7.846678e+003
53,31,-7.846712e+003
53,32,-7.847049e+003
53,33,-7.847204e+003
53,34,-7.847332e+003
53,35,-7.847334e+003
53,36,-7.847463e+003
53,37,-7.847498e+003
53,38,-7.847687e+003
53,39,-7.847762e+003
53,40,-7.847866e+003
53,41,-7.847953e+003
53,42,-7.848033e+003
53,43,-7.848173e+003
53,44,-7.848358e+003
53,45,-7.848358e+003
54,0,-7.840652e+003
54,1,-7.840675e+003
54,2,-7.840959e+003
54,3,-7.841113e+003
54,4,-7.841299e+003
54,5,-7.841548e+003
54,6,-7.841729e+003
54,7,-7.841899e+003
54,8,-7.842047e+003
54,9,-7.842195e+003
54,10,-7.842383e+003
54,11,-7.842524e+003
54,12,-7.842897e+003
54,13,-7.843059e+003
54,14,-7.843071e+003
54,15,-7.843313e+003
54,16,-7.843435e+003
54,17,-7.843540e+003
54,18,-7.843645e+003
54,19,-7.843691e+003
54,20,-7.843723e+003
54,21,-7.843803e+003
54,22,-7.843830e+003
54,23,-7.843840e+003
54,24,-7.843945e+003
54,25,-7.843946e+003
54,26,-7.844043e+003
54,27,-7.844081e+003
54,28,-7.844139e+003
54,29,-7.844253e+003
54,30,-7.844373e+003
54,31,-7.844459e+003
54,32,-7.844693e+003
54,33,-7.844738e+003
54,34,-7.844790e+003
54,35,-7.844985e+003
54,36,-7.845146e+003
54,37,-7.845232e+003
54,38,-7.845355e+003
54,39,-7.845357e+003
54,40,-7.845358e+003
54,41,-7.845578e+003
54,42,-7.845608e+003
54,43,-7.845720e+003
54,44,-7.845742e+003
54,45,-7.845757e+003
54,46,-7.845808e+003
54,47,-7.845809e+003
54,48,-7.845940e+003
54,49,-7.845973e+003
54,50,-7.846071e+003
54,51,-7.846157e+003
54,52,-7.846158e+003
54,53,-7.846188e+003
54,54,-7.846215e+003
54,55,-7.846249e+003
54,56,-7.846331e+003
54,57,-7.846369e+003
54,58,-7.846453e+003
54,59,-7.846534e+003
54,60,-7.846570e+003
54,61,-7.846662e+003
54,62,-7.846784e+003
54,63,-7.846822e+003
54,64,-7.846859e+003
54,65,-7.846906e+003
54,66,-7.846953e+003
54,67,-7.847002e+003
54,68,-7.847155e+003
54,69,-7.847547e+003
54,70,-7.847664e+003
54,71,-7.847976e+003
54,72,-7.848132e+003
54,73,-7.848318e+003
54,74,-7.848376e+003
54,75,-7.848444e+003
54,76,-7.848520e+003
54,77,-7.848621e+003
54,78,-7.848820e+003
54,79,-7.849039e+003
54,80,-7.849195e+003
54,81,-7.849270e+003
54,82,-7.849327e+003
54,83,-7.849440e+003
54,84,-7.849642e+003
54,85,-7.849675e+003
54,86,-7.849768e+003
54,87,-7.849828e+003
54,88,-7.850065e+003
54,89,-7.850222e+003
54,90,-7.850352e+003
54,91,-7.850380e+003
54,92,-7.850382e+003
54,93,-7.850536e+003
54,94,-7.850538e+003
54,95,-7.850605e+003
54,96,-7.850607e+003
54,97,-7.850626e+003
54,98,-7.850631e+003
54,99,-7.850724e+003
54,100,-7.850726e+003
54,101,-7.850759e+003
54,102,-7.850784e+003
54,103,-7.850785e+003
54,104,-7.850793e+003
54,105,-7.850854e+003
54,106,-7.850871e+003
54,107,-7.850887e+003
54,108,-7.850902e+003
54,109,-7.850918e+003
54,110,-7.850919e+003
54,111,-7.850921e+003
54,112,-7.850924e+003
54,113,-7.850928e+003
54,114,-7.850931e+003
54,115,-7.850935e+003
54,116,-7.850939e+003
54,117,-7.850943e+003
54,118,-7.850946e+003
54,119,-7.850950e+003
54,120,-7.850953e+003
54,121,-7.850957e+003
54,122,-7.850960e+003
54,123,-7.850962e+003
54,124,-7.850965e+003
54,125,-7.850968e+003
54,126,-7.850970e+003
54,127,-7.850972e+003
54,128,-7.850975e+003
54,129,-7.850977e+003
54,130,-7.850979e+003
54,131,-7.850979e+003
55,0,-7.848424e+003
55,1,-7.848424e+003
55,2,-7.848424e+003
55,3,-7.848424e+003
55,4,-7.848424e+003
55,5,-7.848424e+003
55,6,-7.848424e+003
55,7,-7.848424e+003
55,8,-7.848424e+003
55,9,-7.848424e+003
55,10,-7.848424e+003
55,11,-7.848424e+003
56,0,-7.845683e+003
56,1,-7.845683e+003
56,2,-7.845683e+003
56,3,-7.845683e+003
56,4,-7.845683e+003
56,5,-7.845683e+003
56,6,-7.845683e+003
56,7,-7.845683e+003
56,8,-7.845683e+003
56,9,-7.845683e+003
56,10,-7.845683e+003
56,11,-7.845683e+003
57,0,-7.842275e+003
57,1,-7.842275e+003
57,2,-7.842275e+003
57,3,-7.842275e+003
57,4,-7.842275e+003
57,5,-7.842275e+003
57,6,-7.842275e+003
57,7,-7.842280e+003
57,8,-7.842280e+003
57,9,-7.842280e+003
57,10,-7.842280e+003
57,11,-7.842280e+003
58,0,-7.838186e+003
58,1,-7.839000e+003
58,2,-7.839852e+003
58,3,-7.840286e+003
58,4,-7.840501e+003
58,5,-7.840580e+003
58,6,-7.840662e+003
58,7,-7.840743e+003
58,8,-7.840896e+003
58,9,-7.840992e+003
58,10,-7.841075e+003
58,11,-7.841157e+003
58,12,-7.841212e+003
58,13,-7.841322e+003
58,14,-7.841385e+003
58,15,-7.841490e+003
58,16,-7.841537e+003
58,17,-7.841595e+003
58,18,-7.841644e+003
58,19,-7.841688e+003
58,20,-7.841773e+003
58,21,-7.841775e+003
58,22,-7.841802e+003
58,23,-7.841802e+003
59,0,-7.838219e+003
59,1,-7.838240e+003
59,2,-7.838261e+003
59,3,-7.838263e+003
59,4,-7.838387e+003
59,5,-7.838463e+003
59,6,-7.838497e+003
59,7,-7.838531e+003
59,8,-7.838532e+003
59,9,-7.838550e+003
59,10,-7.838625e+003
59,11,-7.838626e+003
59,12,-7.838723e+003
59,13,-7.838726e+003
59,14,-7.838728e+003
59,15,-7.838879e+003
59,16,-7.838895e+003
59,17,-7.838956e+003
59,18,-7.838974e+003
59,19,-7.839077e+003
59,20,-7.839089e+003
59,21,-7.839099e+003
59,22,-7.839110e+003
59,23,-7.839121e+003
59,24,-7.839133e+003
59,25,-7.839146e+003
59,26,-7.839157e+003
59,27,-7.839220e+003
59,28,-7.839220e+003
59,29,-7.839241e+003
59,30,-7.839241e+003
60,0,-7.836912e+003
60,1,-7.836912e+003
60,2,-7.836935e+003
60,3,-7.836999e+003
60,4,-7.837000e+003
60,5,-7.837036e+003
60,6,-7.837102e+003
60,7,-7.837119e+003
60,8,-7.837142e+003
60,9,-7.837164e+003
60,10,-7.837170e+003
60,11,-7.837172e+003
60,12,-7.837205e+003
60,13,-7.837220e+003
60,14,-7.837234e+003
60,15,-7.837247e+003
60,16,-7.837256e+003
60,17,-7.837268e+003
60,18,-7.837279e+003
60,19,-7.837290e+003
60,20,-7.837301e+003
60,21,-7.837312e+003
60,22,-7.837323e+003
60,23,-7.837379e+003
60,24,-7.837390e+003
60,25,-7.837403e+003
60,26,-7.837415e+003
60,27,-7.837416e+003
60,28,-7.837446e+003
60,29,-7.837458e+003
60,30,-7.837468e+003
60,31,-7.837474e+003
60,32,-7.837483e+003
60,33,-7.837492e+003
60,34,-7.837539e+003
60,35,-7.837570e+003
60,36,-7.837570e+003
61,0,-7.835204e+003
61,1,-7.835216e+003
61,2,-7.835228e+003
61,3,-7.835240e+003
61,4,-7.835297e+003
61,5,-7.835310e+003
61,6,-7.835324e+003
61,7,-7.835337e+003
61,8,-7.835345e+003
61,9,-7.835868e+003
61,10,-7.836159e+003
61,11,-7.836507e+003
61,12,-7.836775e+003
61,13,-7.836878e+003
61,14,-7.836882e+003
61,15,-7.836912e+003
61,16,-7.836914e+003
61,17,-7.836917e+003
61,18,-7.836921e+003
61,19,-7.836925e+003
61,20,-7.836928e+003
61,21,-7.836931e+003
61,22,-7.836934e+003
61,23,-7.836936e+003
61,24,-7.836939e+003
61,25,-7.836939e+003
62,0,-7.834181e+003
62,1,-7.834181e+003
62,2,-7.834181e+003
62,3,-7.834181e+003
62,4,-7.834181e+003
62,5,-7.834181e+003
62,6,-7.834181e+003
62,7,-7.834213e+003
62,8,-7.834213e+003
62,9,-7.834213e+003
62,10,-7.834213e+003
62,11,-7.834213e+003
62,12,-7.834256e+003
62,13,-7.834256e+003
63,0,-7.832058e+003
63,1,-7.832058e+003
63,2,-7.832059e+003
63,3,-7.832059e+003
63,4,-7.832060e+003
63,5,-7.832060e+003
63,6,-7.832061e+003
63,7,-7.832061e+003
63,8,-7.832062e+003
63,9,-7.832063e+003
63,10,-7.832063e+003
63,11,-7.832064e+003
63,12,-7.832065e+003
63,13,-7.832065e+003
63,14,-7.832066e+003
63,15,-7.832067e+003
63,16,-7.832068e+003
63,17,-7.832069e+003
63,18,-7.832069e+003
63,19,-7.832070e+003
63,20,-7.832071e+003
63,21,-7.832071e+003
63,22,-7.832071e+003
64,0,-7.829637e+003
64,1,-7.829638e+003
64,2,-7.829639e+003
64,3,-7.829685e+003
64,4,-7.829686e+003
64,5,-7.829687e+003
64,6,-7.829688e+003
64,7,-7.829689e+003
64,8,-7.829691e+003
64,9,-7.829692e+003
64,10,-7.829693e+003
64,11,-7.829694e+003
64,12,-7.829695e+003
64,13,-7.829696e+003
64,14,-7.829697e+003
64,15,-7.829697e+003
64,16,-7.829698e+003
64,17,-7.829698e+003
64,18,-7.829699e+003
64,19,-7.829701e+003
64,20,-7.829702e+003
64,21,-7.829703e+003
64,22,-7.829704e+003
64,23,-7.829705e+003
64,24,-7.829707e+003
64,25,-7.829708e+003
64,26,-7.829709e+003
64,27,-7.829710e+003
64,28,-7.829712e+003
64,29,-7.829713e+003
64,30,-7.829714e+003
64,31,-7.829757e+003
64,32,-7.829757e+003
65,0,-7.825777e+003
65,1,-7.825778e+003
65,2,-7.825779e+003
65,3,-7.825779e+003
65,4,-7.825779e+003
65,5,-7.825780e+003
65,6,-7.825780e+003
65,7,-7.825780e+003
65,8,-7.825780e+003
65,9,-7.825780e+003
65,10,-7.825780e+003
65,11,-7.825780e+003
66,0,-7.822810e+003
66,1,-7.826949e+003
66,2,-7.829701e+003
66,3,-7.831975e+003
66,4,-7.832776e+003
66,5,-7.833362e+003
66,6,-7.833600e+003
66,7,-7.833826e+003
66,8,-7.833906e+003
66,9,-7.833978e+003
66,10,-7.834051e+003
66,11,-7.834082e+003
66,12,-7.834142e+003
66,13,-7.834212e+003
66,14,-7.834228e+003
66,15,-7.834228e+003
67,0,-7.827235e+003
67,1,-7.827237e+003
67,2,-7.827302e+003
67,3,-7.827331e+003
67,4,-7.827363e+003
67,5,-7.827399e+003
67,6,-7.827442e+003
67,7,-7.827490e+003
67,8,-7.827543e+003
67,9,-7.827688e+003
67,10,-7.827742e+003
67,11,-7.827852e+003
67,12,-7.827899e+003
67,13,-7.827987e+003
67,14,-7.828072e+003
67,15,-7.828074e+003
67,16,-7.828152e+003
67,17,-7.828190e+003
67,18,-7.828230e+003
67,19,-7.828273e+003
67,20,-7.828318e+003
67,21,-7.828420e+003
67,22,-7.828463e+003
67,23,-7.828465e+003
67,24,-7.828561e+003
67,25,-7.828595e+003
67,26,-7.828632e+003
67,27,-7.828643e+003
67,28,-7.828673e+003
67,29,-7.828687e+003
67,30,-7.828687e+003
68,0,-7.824765e+003
68,1,-7.824834e+003
68,2,-7.824906e+003
68,3,-7.824932e+003
68,4,-7.824965e+003
68,5,-7.825004e+003
68,6,-7.825086e+003
68,7,-7.825087e+003
68,8,-7.825190e+003
68,9,-7.825273e+003
68,10,-7.825331e+003
68,11,-7.825333e+003
68,12,-7.825365e+003
68,13,-7.825382e+003
68,14,-7.825419e+003
68,15,-7.825421e+003
68,16,-7.825452e+003
68,17,-7.825472e+003
68,18,-7.825474e+003
68,19,-7.825494e+003
68,20,-7.825496e+003
68,21,-7.825511e+003
68,22,-7.825530e+003
68,23,-7.825533e+003
68,24,-7.825547e+003
68,25,-7.825561e+003
68,26,-7.825575e+003
68,27,-7.825589e+003
68,28,-7.825604e+003
68,29,-7.825620e+003
68,30,-7.825636e+003
68,31,-7.825652e+003
68,32,-7.825670e+003
68,33,-7.825687e+003
68,34,-7.825705e+003
68,35,-7.825724e+003
68,36,-7.825742e+003
68,37,-7.825744e+003
68,38,-7.825768e+003
68,39,-7.825770e+003
68,40,-7.825791e+003
68,41,-7.825807e+003
68,42,-7.825823e+003
68,43,-7.825838e+003
68,44,-7.825852e+003
68,45,-7.825911e+003
68,46,-7.825923e+003
68,47,-7.825935e+003
68,48,-7.825947e+003
68,49,-7.825958e+003
68,50,-7.825968e+003
68,51,-7.825978e+003
68,52,-7.825988e+003
68,53,-7.825998e+003
68,54,-7.827541e+003
68,55,-7.829476e+003
68,56,-7.831028e+003
68,57,-7.832736e+003
68,58,-7.833603e+003
68,59,-7.834020e+003
68,60,-7.834510e+003
68,61,-7.834812e+003
68,62,-7.835020e+003
68,63,-7.835214e+003
68,64,-7.835303e+003
68,65,-7.835306e+003
68,66,-7.835398e+003
68,67,-7.835484e+003
68,68,-7.835530e+003
68,69,-7.835533e+003
68,70,-7.835572e+003
68,71,-7.835574e+003
68,72,-7.835577e+003
68,73,-7.835617e+003
68,74,-7.835618e+003
68,75,-7.835618e+003
69,0,-7.830421e+003
69,1,-7.830421e+003
69,2,-7.830421e+003
69,3,-7.830509e+003
69,4,-7.830522e+003
69,5,-7.830537e+003
69,6,-7.830598e+003
69,7,-7.830617e+003
69,8,-7.830638e+003
69,9,-7.830639e+003
69,10,-7.830778e+003
69,11,-7.830848e+003
69,12,-7.830960e+003
69,13,-7.830962e+003
69,14,-7.831000e+003
69,15,-7.831001e+003
69,16,-7.831062e+003
69,17,-7.831083e+003
69,18,-7.831150e+003
69,19,-7.831173e+003
69,20,-7.831286e+003
69,21,-7.831356e+003
69,22,-7.831382e+003
69,23,-7.831383e+003
69,24,-7.831445e+003
69,25,-7.831472e+003
69,26,-7.831603e+003
69,27,-7.831674e+003
69,28,-7.831699e+003
69,29,-7.831713e+003
69,30,-7.831736e+003
69,31,-7.831759e+003
69,32,-7.831760e+003
69,33,-7.831786e+003
69,34,-7.831787e+003
69,35,-7.831789e+003
69,36,-7.831790e+003
69,37,-7.831791e+003
69,38,-7.831796e+003
69,39,-7.831796e+003
70,0,-7.831527e+003
70,1,-7.831528e+003
70,2,-7.831530e+003
70,3,-7.831533e+003
70,4,-7.831643e+003
70,5,-7.831644e+003
70,6,-7.831681e+003
70,7,-7.831708e+003
70,8,-7.831718e+003
70,9,-7.831743e+003
70,10,-7.831744e+003
70,11,-7.831780e+003
70,12,-7.831781e+003
70,13,-7.831795e+003
70,14,-7.831850e+003
70,15,-7.831863e+003
70,16,-7.831890e+003
70,17,-7.831901e+003
70,18,-7.831913e+003
70,19,-7.831969e+003
70,20,-7.831980e+003
70,21,-7.831991e+003
70,22,-7.832002e+003
70,23,-7.832013e+003
70,24,-7.832014e+003
70,25,-7.832016e+003
70,26,-7.832019e+003
70,27,-7.832061e+003
70,28,-7.832071e+003
70,29,-7.832081e+003
70,30,-7.832091e+003
70,31,-7.832092e+003
70,32,-7.832094e+003
70,33,-7.832127e+003
70,34,-7.832136e+003
70,35,-7.832145e+003
70,36,-7.832146e+003
70,37,-7.832175e+003
70,38,-7.833345e+003
70,39,-7.835079e+003
70,40,-7.836818e+003
70,41,-7.837807e+003
70,42,-7.838458e+003
70,43,-7.839088e+003
70,44,-7.839754e+003
70,45,-7.839995e+003
70,46,-7.840121e+003
70,47,-7.840514e+003
70,48,-7.840997e+003
70,49,-7.841438e+003
70,50,-7.841660e+003
70,51,-7.841910e+003
70,52,-7.841986e+003
70,53,-7.842167e+003
70,54,-7.842365e+003
70,55,-7.842663e+003
70,56,-7.842969e+003
70,57,-7.843216e+003
70,58,-7.843557e+003
70,59,-7.843825e+003
70,60,-7.844188e+003
70,61,-7.844695e+003
70,62,-7.845560e+003
70,63,-7.846566e+003
70,64,-7.847869e+003
70,65,-7.849179e+003
70,66,-7.850436e+003
70,67,-7.851810e+003
70,68,-7.852991e+003
70,69,-7.853835e+003
70,70,-7.854446e+003
70,71,-7.855334e+003
70,72,-7.856197e+003
70,73,-7.857222e+003
70,74,-7.858082e+003
70,75,-7.858765e+003
70,76,-7.859591e+003
70,77,-7.860501e+003
70,78,-7.861007e+003
70,79,-7.861751e+003
70,80,-7.862610e+003
70,81,-7.863551e+003
70,82,-7.864140e+003
70,83,-7.864802e+003
70,84,-7.865393e+003
70,85,-7.865904e+003
70,86,-7.866510e+003
70,87,-7.867162e+003
70,88,-7.867538e+003
70,89,-7.868029e+003
70,90,-7.868462e+003
70,91,-7.868919e+003
70,92,-7.869271e+003
70,93,-7.869449e+003
70,94,-7.869707e+003
70,95,-7.869853e+003
70,96,-7.870089e+003
70,97,-7.870202e+003
70,98,-7.870420e+003
70,99,-7.870507e+003
70,100,-7.870636e+003
70,101,-7.870909e+003
70,102,-7.871045e+003
70,103,-7.871083e+003
70,104,-7.871118e+003
70,105,-7.871152e+003
70,106,-7.871255e+003
70,107,-7.871322e+003
70,108,-7.871323e+003
70,109,-7.871326e+003
70,110,-7.871330e+003
70,111,-7.871357e+003
70,112,-7.871358e+003
70,113,-7.871360e+003
70,114,-7.871373e+003
70,115,-7.871389e+003
70,116,-7.871390e+003
70,117,-7.871392e+003
70,118,-7.871395e+003
70,119,-7.871398e+003
70,120,-7.871403e+003
70,121,-7.871408e+003
70,122,-7.871413e+003
70,123,-7.871418e+003
70,124,-7.871424e+003
70,125,-7.871430e+003
70,126,-7.871436e+003
70,127,-7.871436e+003
71,0,-7.862702e+003
71,1,-7.862702e+003
71,2,-7.862702e+003
71,3,-7.862702e+003
71,4,-7.862702e+003
71,5,-7.862702e+003
71,6,-7.862702e+003
71,7,-7.862702e+003
71,8,-7.862703e+003
71,9,-7.862704e+003
71,10,-7.863226e+003
71,11,-7.864360e+003
71,12,-7.866583e+003
71,13,-7.867874e+003
71,14,-7.868605e+003
71,15,-7.869161e+003
71,16,-7.869736e+003
71,17,-7.870027e+003
71,18,-7.870401e+003
71,19,-7.870704e+003
71,20,-7.870833e+003
71,21,-7.871025e+003
71,22,-7.871129e+003
71,23,-7.871255e+003
71,24,-7.871356e+003
71,25,-7.871544e+003
71,26,-7.871744e+003
71,27,-7.871886e+003
71,28,-7.871958e+003
71,29,-7.872011e+003
71,30,-7.872089e+003
71,31,-7.872238e+003
71,32,-7.872411e+003
71,33,-7.872544e+003
71,34,-7.872605e+003
71,35,-7.872688e+003
71,36,-7.872838e+003
71,37,-7.872874e+003
71,38,-7.873021e+003
71,39,-7.873073e+003
71,40,-7.873244e+003
71,41,-7.873374e+003
71,42,-7.873521e+003
71,43,-7.873654e+003
71,44,-7.873820e+003
71,45,-7.873947e+003
71,46,-7.874095e+003
71,47,-7.874172e+003
71,48,-7.874210e+003
71,49,-7.874296e+003
71,50,-7.874377e+003
71,51,-7.874518e+003
71,52,-7.874596e+003
71,53,-7.874618e+003
71,54,-7.874674e+003
71,55,-7.874724e+003
71,56,-7.874772e+003
71,57,-7.874827e+003
71,58,-7.874959e+003
71,59,-7.875088e+003
71,60,-7.875128e+003
71,61,-7.875167e+003
71,62,-7.875221e+003
71,63,-7.875222e+003
71,64,-7.875259e+003
71,65,-7.875260e+003
71,66,-7.875261e+003
71,67,-7.875264e+003
71,68,-7.875281e+003
71,69,-7.875281e+003
72,0,-7.866840e+003
72,1,-7.866840e+003
72,2,-7.866840e+003
72,3,-7.866840e+003
72,4,-7.866867e+003
72,5,-7.866870e+003
72,6,-7.866871e+003
72,7,-7.866872e+003
72,8,-7.866874e+003
72,9,-7.866877e+003
72,10,-7.866882e+003
72,11,-7.866888e+003
72,12,-7.866893e+003
72,13,-7.866945e+003
72,14,-7.866948e+003
72,15,-7.866949e+003
72,16,-7.867004e+003
72,17,-7.867009e+003
72,18,-7.867012e+003
72,19,-7.867015e+003
72,20,-7.867023e+003
72,21,-7.867023e+003
72,22,-7.867055e+003
72,23,-7.867108e+003
72,24,-7.867116e+003
72,25,-7.867125e+003
72,26,-7.867125e+003
72,27,-7.867126e+003
72,28,-7.867128e+003
72,29,-7.867131e+003
72,30,-7.867147e+003
72,31,-7.867156e+003
72,32,-7.867165e+003
72,33,-7.867175e+003
72,34,-7.867177e+003
72,35,-7.867216e+003
72,36,-7.867272e+003
72,37,-7.867329e+003
72,38,-7.867342e+003
72,39,-7.867351e+003
72,40,-7.868841e+003
72,41,-7.870382e+003
72,42,-7.870985e+003
72,43,-7.871529e+003
72,44,-7.872008e+003
72,45,-7.872367e+003
72,46,-7.872852e+003
72,47,-7.873086e+003
72,48,-7.873447e+003
72,49,-7.873846e+003
72,50,-7.874200e+003
72,51,-7.874506e+003
72,52,-7.874644e+003
72,53,-7.874820e+003
72,54,-7.874947e+003
72,55,-7.875087e+003
72,56,-7.875172e+003
72,57,-7.875290e+003
72,58,-7.875398e+003
72,59,-7.875438e+003
72,60,-7.875470e+003
72,61,-7.875500e+003
72,62,-7.875550e+003
72,63,-7.875590e+003
72,64,-7.875616e+003
72,65,-7.875640e+003
72,66,-7.875662e+003
72,67,-7.875690e+003
72,68,-7.875742e+003
72,69,-7.875772e+003
72,70,-7.875792e+003
72,71,-7.875810e+003
72,72,-7.875817e+003
72,73,-7.875884e+003
72,74,-7.875914e+003
72,75,-7.875979e+003
72,76,-7.876011e+003
72,77,-7.876030e+003
72,78,-7.876093e+003
72,79,-7.876109e+003
72,80,-7.876120e+003
72,81,-7.876132e+003
72,82,-7.876146e+003
72,83,-7.876158e+003
72,84,-7.876168e+003
72,85,-7.876169e+003
72,86,-7.876176e+003
72,87,-7.876176e+003
72,88,-7.876181e+003
72,89,-7.876181e+003
73,0,-7.867368e+003
73,1,-7.867369e+003
73,2,-7.867370e+003
73,3,-7.867371e+003
73,4,-7.867373e+003
73,5,-7.867375e+003
73,6,-7.867411e+003
73,7,-7.867416e+003
73,8,-7.867420e+003
73,9,-7.867425e+003
73,10,-7.867431e+003
73,11,-7.867436e+003
73,12,-7.867442e+003
73,13,-7.867448e+003
73,14,-7.867499e+003
73,15,-7.867505e+003
73,16,-7.867511e+003
73,17,-7.867515e+003
73,18,-7.867530e+003
73,19,-7.867541e+003
73,20,-7.867549e+003
73,21,-7.867550e+003
73,22,-7.867551e+003
73,23,-7.867552e+003
73,24,-7.867611e+003
73,25,-7.867613e+003
73,26,-7.867619e+003
73,27,-7.867626e+003
73,28,-7.867632e+003
73,29,-7.867639e+003
73,30,-7.867646e+003
73,31,-7.867697e+003
73,32,-7.867705e+003
73,33,-7.867712e+003
73,34,-7.867713e+003
73,35,-7.867720e+003
73,36,-7.867721e+003
73,37,-7.867743e+003
73,38,-7.867752e+003
73,39,-7.867757e+003
73,40,-7.867757e+003
73,41,-7.867759e+003
73,42,-7.867760e+003
73,43,-7.867824e+003
73,44,-7.867825e+003
73,45,-7.867834e+003
73,46,-7.867887e+003
73,47,-7.867898e+003
73,48,-7.867910e+003
73,49,-7.867915e+003
73,50,-7.870147e+003
73,51,-7.872610e+003
73,52,-7.873500e+003
73,53,-7.873758e+003
73,54,-7.874146e+003
73,55,-7.874330e+003
73,56,-7.874495e+003
73,57,-7.874561e+003
73,58,-7.874812e+003
73,59,-7.874934e+003
73,60,-7.875150e+003
73,61,-7.875303e+003
73,62,-7.875454e+003
73,63,-7.875575e+003
73,64,-7.875695e+003
73,65,-7.875860e+003
73,66,-7.875932e+003
73,67,-7.876099e+003
73,68,-7.876169e+003
73,69,-7.876227e+003
73,70,-7.876274e+003
73,71,-7.876314e+003
73,72,-7.876356e+003
73,73,-7.876380e+003
73,74,-7.876400e+003
73,75,-7.876413e+003
73,76,-7.876425e+003
73,77,-7.876437e+003
73,78,-7.876438e+003
73,79,-7.876446e+003
73,80,-7.876541e+003
73,81,-7.876541e+003
73,82,-7.876541e+003
74,0,-7.867452e+003
74,1,-7.867454e+003
74,2,-7.867456e+003
74,3,-7.867458e+003
74,4,-7.867460e+003
74,5,-7.867463e+003
74,6,-7.867465e+003
74,7,-7.867468e+003
74,8,-7.867469e+003
74,9,-7.867482e+003
74,10,-7.867486e+003
74,11,-7.867490e+003
74,12,-7.867495e+003
74,13,-7.867500e+003
74,14,-7.867505e+003
74,15,-7.867506e+003
74,16,-7.867507e+003
74,17,-7.867516e+003
74,18,-7.867568e+003
74,19,-7.867568e+003
74,20,-7.867598e+003
74,21,-7.867605e+003
74,22,-7.867614e+003
74,23,-7.867622e+003
74,24,-7.867623e+003
74,25,-7.867624e+003
74,26,-7.867654e+003
74,27,-7.867688e+003
74,28,-7.867688e+003
75,0,-7.863152e+003
75,1,-7.863204e+003
75,2,-7.863205e+003
75,3,-7.863226e+003
75,4,-7.863226e+003
75,5,-7.863234e+003
75,6,-7.863296e+003
75,7,-7.863297e+003
75,8,-7.863298e+003
75,9,-7.863312e+003
75,10,-7.863319e+003
75,11,-7.863326e+003
75,12,-7.863333e+003
75,13,-7.863339e+003
75,14,-7.863346e+003
75,15,-7.863352e+003
75,16,-7.863358e+003
75,17,-7.863364e+003
75,18,-7.863365e+003
75,19,-7.863366e+003
75,20,-7.863368e+003
75,21,-7.863370e+003
75,22,-7.863408e+003
75,23,-7.863459e+003
75,24,-7.863464e+003
75,25,-7.863470e+003
75,26,-7.863476e+003
75,27,-7.863481e+003
75,28,-7.863540e+003
75,29,-7.863541e+003
75,30,-7.863541e+003
75,31,-7.863552e+003
75,32,-7.863599e+003
75,33,-7.863605e+003
75,34,-7.863621e+003
75,35,-7.863623e+003
75,36,-7.863630e+003
75,37,-7.863637e+003
75,38,-7.866249e+003
75,39,-7.870229e+003
75,40,-7.871391e+003
75,41,-7.872338e+003
75,42,-7.872783e+003
75,43,-7.873470e+003
75,44,-7.873926e+003
75,45,-7.874220e+003
75,46,-7.874460e+003
75,47,-7.874611e+003
75,48,-7.874802e+003
75,49,-7.875082e+003
75,50,-7.875246e+003
75,51,-7.875350e+003
75,52,-7.875576e+003
75,53,-7.875704e+003
75,54,-7.875868e+003
75,55,-7.876003e+003
75,56,-7.876074e+003
75,57,-7.876143e+003
75,58,-7.876198e+003
75,59,-7.876204e+003
75,60,-7.876297e+003
75,61,-7.876299e+003
75,62,-7.876301e+003
75,63,-7.876305e+003
75,64,-7.876308e+003
75,65,-7.876327e+003
75,66,-7.876327e+003
76,0,-7.867163e+003
76,1,-7.867178e+003
76,2,-7.867180e+003
76,3,-7.867182e+003
76,4,-7.867184e+003
76,5,-7.867184e+003
76,6,-7.867184e+003
76,7,-7.867184e+003
76,8,-7.867225e+003
76,9,-7.867272e+003
76,10,-7.867272e+003
76,11,-7.867272e+003
77,0,-7.866250e+003
77,1,-7.866252e+003
77,2,-7.866277e+003
77,3,-7.866277e+003
77,4,-7.866314e+003
77,5,-7.866318e+003
77,6,-7.866323e+003
77,7,-7.866332e+003
77,8,-7.866338e+003
77,9,-7.866338e+003
77,10,-7.866338e+003
77,11,-7.866338e+003
78,0,-7.864734e+003
78,1,-7.864738e+003
78,2,-7.864745e+003
78,3,-7.864751e+003
78,4,-7.864757e+003
78,5,-7.864763e+003
78,6,-7.864770e+003
78,7,-7.864777e+003
78,8,-7.864828e+003
78,9,-7.864835e+003
78,10,-7.864842e+003
78,11,-7.864849e+003
78,12,-7.864856e+003
78,13,-7.864856e+003
78,14,-7.864856e+003
79,0,-7.863118e+003
79,1,-7.863125e+003
79,2,-7.863153e+003
79,3,-7.863153e+003
79,4,-7.863153e+003
79,5,-7.863153e+003
79,6,-7.863156e+003
79,7,-7.863174e+003
79,8,-7.863182e+003
79,9,-7.863189e+003
79,10,-7.863197e+003
79,11,-7.863205e+003
79,12,-7.863213e+003
79,13,-7.863221e+003
79,14,-7.863222e+003
79,15,-7.863223e+003
79,16,-7.863251e+003
79,17,-7.863338e+003
79,18,-7.863339e+003
79,19,-7.863340e+003
79,20,-7.863366e+003
79,21,-7.863375e+003
79,22,-7.863384e+003
79,23,-7.863392e+003
79,24,-7.863404e+003
79,25,-7.863404e+003
79,26,-7.863458e+003
79,27,-7.863476e+003
79,28,-7.863492e+003
79,29,-7.863492e+003
80,0,-7.859310e+003
80,1,-7.859353e+003
80,2,-7.863730e+003
80,3,-7.867601e+003
80,4,-7.868775e+003
80,5,-7.869705e+003
80,6,-7.870454e+003
80,7,-7.871112e+003
80,8,-7.872098e+003
80,9,-7.872861e+003
80,10,-7.873258e+003
80,11,-7.873815e+003
80,12,-7.874192e+003
80,13,-7.874570e+003
80,14,-7.874789e+003
80,15,-7.874976e+003
80,16,-7.875159e+003
80,17,-7.875285e+003
80,18,-7.875435e+003
80,19,-7.875569e+003
80,20,-7.875622e+003
80,21,-7.875651e+003
80,22,-7.875719e+003
80,23,-7.875777e+003
80,24,-7.875817e+003
80,25,-7.875855e+003
80,26,-7.875947e+003
80,27,-7.875983e+003
80,28,-7.876013e+003
80,29,-7.876013e+003
81,0,-7.869168e+003
81,1,-7.869180e+003
81,2,-7.869195e+003
81,3,-7.869258e+003
81,4,-7.869279e+003
81,5,-7.869280e+003
81,6,-7.869333e+003
81,7,-7.869334e+003
81,8,-7.869406e+003
81,9,-7.869441e+003
81,10,-7.869476e+003
81,11,-7.869525e+003
81,12,-7.869605e+003
81,13,-7.869640e+003
81,14,-7.869685e+003
81,15,-7.869686e+003
81,16,-7.869801e+003
81,17,-7.869880e+003
81,18,-7.869960e+003
81,19,-7.869967e+003
81,20,-7.870008e+003
81,21,-7.870010e+003
81,22,-7.870115e+003
81,23,-7.870154e+003
81,24,-7.870263e+003
81,25,-7.870337e+003
81,26,-7.870431e+003
81,27,-7.870470e+003
81,28,-7.870507e+003
81,29,-7.870578e+003
81,30,-7.870579e+003
81,31,-7.870581e+003
81,32,-7.870669e+003
81,33,-7.870699e+003
81,34,-7.870729e+003
81,35,-7.870759e+003
81,36,-7.870788e+003
81,37,-7.870833e+003
81,38,-7.870862e+003
81,39,-7.870864e+003
81,40,-7.870895e+003
81,41,-7.870926e+003
81,42,-7.870956e+003
81,43,-7.870987e+003
81,44,-7.871018e+003
81,45,-7.871093e+003
81,46,-7.871135e+003
81,47,-7.871136e+003
81,48,-7.871138e+003
81,49,-7.871253e+003
81,50,-7.871254e+003
81,51,-7.871286e+003
81,52,-7.871370e+003
81,53,-7.871489e+003
81,54,-7.871519e+003
81,55,-7.871594e+003
81,56,-7.871679e+003
81,57,-7.871681e+003
81,58,-7.871760e+003
81,59,-7.871761e+003
81,60,-7.871825e+003
81,61,-7.871853e+003
81,62,-7.871926e+003
81,63,-7.871927e+003
81,64,-7.871978e+003
81,65,-7.872006e+003
81,66,-7.872035e+003
81,67,-7.872036e+003
81,68,-7.872103e+003
81,69,-7.872131e+003
81,70,-7.872160e+003
81,71,-7.872161e+003
81,72,-7.873206e+003
81,73,-7.873961e+003
81,74,-7.874385e+003
81,75,-7.874664e+003
81,76,-7.874814e+003
81,77,-7.874995e+003
81,78,-7.875514e+003
81,79,-7.875593e+003
81,80,-7.875756e+003
81,81,-7.875805e+003
81,82,-7.875844e+003
81,83,-7.875962e+003
81,84,-7.875964e+003
81,85,-7.875966e+003
81,86,-7.875969e+003
81,87,-7.875972e+003
81,88,-7.875974e+003
81,89,-7.875974e+003
82,0,-7.868057e+003
82,1,-7.868057e+003
82,2,-7.868057e+003
82,3,-7.868057e+003
82,4,-7.868057e+003
82,5,-7.868057e+003
82,6,-7.868057e+003
82,7,-7.868057e+003
82,8,-7.868057e+003
82,9,-7.868063e+003
82,10,-7.868064e+003
82,11,-7.868064e+003
82,12,-7.868064e+003
82,13,-7.868064e+003
83,0,-7.868151e+003
83,1,-7.868151e+003
83,2,-7.868151e+003
83,3,-7.868151e+003
83,4,-7.868151e+003
83,5,-7.868151e+003
83,6,-7.868151e+003
83,7,-7.868164e+003
83,8,-7.868164e+003
83,9,-7.868165e+003
83,10,-7.868166e+003
83,11,-7.868167e+003
83,12,-7.868168e+003
83,13,-7.868168e+003
83,14,-7.868169e+003
83,15,-7.868170e+003
83,16,-7.868172e+003
83,17,-7.868211e+003
83,18,-7.868211e+003
84,0,-7.867777e+003
84,1,-7.867778e+003
84,2,-7.867780e+003
84,3,-7.867781e+003
84,4,-7.867812e+003
84,5,-7.867834e+003
84,6,-7.867866e+003
84,7,-7.867866e+003
84,8,-7.867866e+003
84,9,-7.867866e+003
84,10,-7.867866e+003
84,11,-7.867866e+003
85,0,-7.867157e+003
85,1,-7.867173e+003
85,2,-7.867173e+003
85,3,-7.867173e+003
85,4,-7.867173e+003
85,5,-7.867173e+003
85,6,-7.867175e+003
85,7,-7.867177e+003
85,8,-7.867180e+003
85,9,-7.867182e+003
85,10,-7.867182e+003
85,11,-7.867183e+003
85,12,-7.867184e+003
85,13,-7.867218e+003
85,14,-7.867280e+003
85,15,-7.867280e+003
86,0,-7.865945e+003
86,1,-7.865948e+003
86,2,-7.865950e+003
86,3,-7.865953e+003
86,4,-7.865955e+003
86,5,-7.865957e+003
86,6,-7.865960e+003
86,7,-7.865962e+003
86,8,-7.865964e+003
86,9,-7.865967e+003
86,10,-7.865969e+003
86,11,-7.865969e+003
86,12,-7.865969e+003
87,0,-7.864899e+003
87,1,-7.864906e+003
87,2,-7.864906e+003
87,3,-7.864906e+003
87,4,-7.864906e+003
87,5,-7.864906e+003
87,6,-7.864907e+003
87,7,-7.864909e+003
87,8,-7.867697e+003
87,9,-7.868555e+003
87,10,-7.869689e+003
87,11,-7.870400e+003
87,12,-7.870970e+003
87,13,-7.871667e+003
87,14,-7.872525e+003
87,15,-7.873173e+003
87,16,-7.873491e+003
87,17,-7.873905e+003
87,18,-7.874069e+003
87,19,-7.874436e+003
87,20,-7.874688e+003
87,21,-7.875061e+003
87,22,-7.875212e+003
87,23,-7.875235e+003
87,24,-7.875350e+003
87,25,-7.875396e+003
87,26,-7.875443e+003
87,27,-7.875478e+003
87,28,-7.875515e+003
87,29,-7.875517e+003
87,30,-7.875552e+003
87,31,-7.875569e+003
87,32,-7.875583e+003
87,33,-7.875602e+003
87,34,-7.875620e+003
87,35,-7.875621e+003
87,36,-7.875623e+003
87,37,-7.875626e+003
87,38,-7.875629e+003
87,39,-7.875632e+003
87,40,-7.875647e+003
87,41,-7.875648e+003
87,42,-7.875649e+003
87,43,-7.875651e+003
87,44,-7.875652e+003
87,45,-7.875654e+003
87,46,-7.875656e+003
87,47,-7.875657e+003
87,48,-7.875659e+003
87,49,-7.875661e+003
87,50,-7.875662e+003
87,51,-7.875664e+003
87,52,-7.875665e+003
87,53,-7.875667e+003
87,54,-7.875668e+003
87,55,-7.875670e+003
87,56,-7.875672e+003
87,57,-7.875674e+003
87,58,-7.875674e+003
87,59,-7.875674e+003
88,0,-7.868173e+003
88,1,-7.868175e+003
88,2,-7.868177e+003
88,3,-7.868190e+003
88,4,-7.868193e+003
88,5,-7.868195e+003
88,6,-7.868198e+003
88,7,-7.868201e+003
88,8,-7.868205e+003
88,9,-7.868208e+003
88,10,-7.868212e+003
88,11,-7.868216e+003
88,12,-7.868220e+003
88,13,-7.868269e+003
88,14,-7.868274e+003
88,15,-7.868279e+003
88,16,-7.868284e+003
88,17,-7.868289e+003
88,18,-7.868294e+003
88,19,-7.868299e+003
88,20,-7.868305e+003
88,21,-7.868327e+003
88,22,-7.868327e+003
89,0,-7.863800e+003
89,1,-7.863805e+003
89,2,-7.863810e+003
89,3,-7.863816e+003
89,4,-7.863821e+003
89,5,-7.863872e+003
89,6,-7.863872e+003
89,7,-7.863873e+003
89,8,-7.863889e+003
89,9,-7.863895e+003
89,10,-7.863901e+003
89,11,-7.863939e+003
89,12,-7.863945e+003
89,13,-7.863946e+003
89,14,-7.863947e+003
89,15,-7.863956e+003
89,16,-7.863957e+003
89,17,-7.863958e+003
89,18,-7.864000e+003
89,19,-7.864008e+003
89,20,-7.864062e+003
89,21,-7.864071e+003
89,22,-7.864125e+003
89,23,-7.864125e+003
89,24,-7.864126e+003
89,25,-7.869946e+003
89,26,-7.871870e+003
89,27,-7.872311e+003
89,28,-7.873134e+003
89,29,-7.873506e+003
89,30,-7.873679e+003
89,31,-7.873898e+003
89,32,-7.874011e+003
89,33,-7.874029e+003
89,34,-7.874285e+003
89,35,-7.874466e+003
89,36,-7.874664e+003
89,37,-7.874834e+003
89,38,-7.875071e+003
89,39,-7.875277e+003
89,40,-7.875357e+003
89,41,-7.875441e+003
89,42,-7.875443e+003
89,43,-7.875446e+003
89,44,-7.875450e+003
89,45,-7.875453e+003
89,46,-7.875457e+003
89,47,-7.875460e+003
89,48,-7.875463e+003
89,49,-7.875466e+003
89,50,-7.875468e+003
89,51,-7.875471e+003
89,52,-7.875471e+003
90,0,-7.867047e+003
90,1,-7.867047e+003
90,2,-7.867047e+003
90,3,-7.867047e+003
90,4,-7.867047e+003
90,5,-7.867047e+003
90,6,-7.867047e+003
90,7,-7.867047e+003
90,8,-7.867047e+003
90,9,-7.867047e+003
90,10,-7.867047e+003
90,11,-7.867047e+003
91,0,-7.866712e+003
91,1,-7.866712e+003
91,2,-7.866712e+003
91,3,-7.866726e+003
91,4,-7.866727e+003
91,5,-7.866727e+003
91,6,-7.866728e+003
91,7,-7.866728e+003
91,8,-7.866729e+003
91,9,-7.866730e+003
91,10,-7.866730e+003
91,11,-7.866731e+003
91,12,-7.866732e+003
91,13,-7.866732e+003
91,14,-7.866768e+003
91,15,-7.866768e+003
92,0,-7.865998e+003
92,1,-7.865999e+003
92,2,-7.865999e+003
92,3,-7.866000e+003
92,4,-7.866001e+003
92,5,-7.866002e+003
92,6,-7.866002e+003
92,7,-7.866002e+003
92,8,-7.866002e+003
92,9,-7.866002e+003
92,10,-7.866002e+003
92,11,-7.866002e+003
93,0,-7.866107e+003
93,1,-7.866153e+003
93,2,-7.866154e+003
93,3,-7.866154e+003
93,4,-7.866155e+003
93,5,-7.866156e+003
93,6,-7.866157e+003
93,7,-7.866157e+003
93,8,-7.866157e+003
93,9,-7.866157e+003
93,10,-7.866157e+003
93,11,-7.866163e+003
93,12,-7.866209e+003
93,13,-7.866210e+003
93,14,-7.866211e+003
93,15,-7.866212e+003
93,16,-7.866213e+003
93,17,-7.866214e+003
93,18,-7.866215e+003
93,19,-7.866215e+003
93,20,-7.866216e+003
93,21,-7.866216e+003
94,0,-7.865072e+003
94,1,-7.865074e+003
94,2,-7.865075e+003
94,3,-7.865076e+003
94,4,-7.865077e+003
94,5,-7.865078e+003
94,6,-7.865079e+003
94,7,-7.865081e+003
94,8,-7.865082e+003
94,9,-7.865083e+003
94,10,-7.867522e+003
94,11,-7.868639e+003
94,12,-7.869482e+003
94,13,-7.870263e+003
94,14,-7.870881e+003
94,15,-7.871663e+003
94,16,-7.872339e+003
94,17,-7.873154e+003
94,18,-7.873788e+003
94,19,-7.874110e+003
94,20,-7.874351e+003
94,21,-7.874471e+003
94,22,-7.874724e+003
94,23,-7.874965e+003
94,24,-7.875015e+003
94,25,-7.875088e+003
94,26,-7.875105e+003
94,27,-7.875171e+003
94,28,-7.875220e+003
94,29,-7.875283e+003
94,30,-7.875327e+003
94,31,-7.875363e+003
94,32,-7.875387e+003
94,33,-7.875409e+003
94,34,-7.875437e+003
94,35,-7.875514e+003
94,36,-7.875537e+003
94,37,-7.875555e+003
94,38,-7.875570e+003
94,39,-7.875582e+003
94,40,-7.875594e+003
94,41,-7.875607e+003
94,42,-7.875608e+003
94,43,-7.875610e+003
94,44,-7.875610e+003
95,0,-7.867807e+003
95,1,-7.867808e+003
95,2,-7.867809e+003
95,3,-7.867810e+003
95,4,-7.867811e+003
95,5,-7.867812e+003
95,6,-7.867814e+003
95,7,-7.867815e+003
95,8,-7.867816e+003
95,9,-7.867818e+003
95,10,-7.867820e+003
95,11,-7.867822e+003
95,12,-7.867824e+003
95,13,-7.867826e+003
95,14,-7.867828e+003
95,15,-7.867831e+003
95,16,-7.867834e+003
95,17,-7.867837e+003
95,18,-7.867840e+003
95,19,-7.867843e+003
95,20,-7.867847e+003
95,21,-7.867850e+003
95,22,-7.867854e+003
95,23,-7.867858e+003
95,24,-7.867863e+003
95,25,-7.867867e+003
95,26,-7.867872e+003
95,27,-7.867877e+003
95,28,-7.867882e+003
95,29,-7.867887e+003
95,30,-7.867892e+003
95,31,-7.867898e+003
95,32,-7.867903e+003
95,33,-7.867909e+003
95,34,-7.867914e+003
95,35,-7.867920e+003
95,36,-7.867926e+003
95,37,-7.867932e+003
95,38,-7.867938e+003
95,39,-7.867944e+003
95,40,-7.867950e+003
95,41,-7.867956e+003
95,42,-7.867973e+003
95,43,-7.867973e+003
96,0,-7.864580e+003
96,1,-7.864586e+003
96,2,-7.864591e+003
96,3,-7.864597e+003
96,4,-7.864603e+003
96,5,-7.864654e+003
96,6,-7.864661e+003
96,7,-7.864667e+003
96,8,-7.864674e+003
96,9,-7.864681e+003
96,10,-7.864689e+003
96,11,-7.864786e+003
96,12,-7.864787e+003
96,13,-7.864788e+003
96,14,-7.864789e+003
96,15,-7.864824e+003
96,16,-7.864833e+003
96,17,-7.864842e+003
96,18,-7.864851e+003
96,19,-7.864860e+003
96,20,-7.864870e+003
96,21,-7.869073e+003
96,22,-7.871455e+003
96,23,-7.872319e+003
96,24,-7.872729e+003
96,25,-7.872983e+003
96,26,-7.873186e+003
96,27,-7.873364e+003
96,28,-7.873548e+003
96,29,-7.873775e+003
96,30,-7.874065e+003
96,31,-7.874247e+003
96,32,-7.874514e+003
96,33,-7.874808e+003
96,34,-7.874949e+003
96,35,-7.875017e+003
96,36,-7.875124e+003
96,37,-7.875142e+003
96,38,-7.875258e+003
96,39,-7.875282e+003
96,40,-7.875376e+003
96,41,-7.875405e+003
96,42,-7.875471e+003
96,43,-7.875486e+003
96,44,-7.875504e+003
96,45,-7.875526e+003
96,46,-7.875543e+003
96,47,-7.875555e+003
96,48,-7.875564e+003
96,49,-7.875618e+003
96,50,-7.875627e+003
96,51,-7.875633e+003
96,52,-7.875639e+003
96,53,-7.875646e+003
96,54,-7.875653e+003
96,55,-7.875659e+003
96,56,-7.875667e+003
96,57,-7.875667e+003
96,58,-7.875672e+003
96,59,-7.875673e+003
96,60,-7.875674e+003
96,61,-7.875676e+003
96,62,-7.875677e+003
96,63,-7.875678e+003
96,64,-7.875678e+003
96,65,-7.875679e+003
96,66,-7.875679e+003
96,67,-7.875680e+003
96,68,-7.875680e+003
96,69,-7.875681e+003
96,70,-7.875727e+003
96,71,-7.875727e+003
96,72,-7.875728e+003
96,73,-7.875728e+003
96,74,-7.875729e+003
96,75,-7.875775e+003
96,76,-7.875775e+003
96,77,-7.875789e+003
96,78,-7.875790e+003
96,79,-7.875791e+003
96,80,-7.875791e+003
96,81,-7.875792e+003
96,82,-7.875793e+003
96,83,-7.875793e+003
96,84,-7.875794e+003
96,85,-7.875794e+003
97,0,-7.869201e+003
97,1,-7.869201e+003
97,2,-7.869202e+003
97,3,-7.869202e+003
97,4,-7.869203e+003
97,5,-7.869203e+003
97,6,-7.869204e+003
97,7,-7.869204e+003
97,8,-7.869205e+003
97,9,-7.869206e+003
97,10,-7.869206e+003
97,11,-7.869207e+003
97,12,-7.869208e+003
97,13,-7.869226e+003
97,14,-7.869226e+003
98,0,-7.867549e+003
98,1,-7.867550e+003
98,2,-7.867551e+003
98,3,-7.867552e+003
98,4,-7.867553e+003
98,5,-7.867554e+003
98,6,-7.867555e+003
98,7,-7.867556e+003
98,8,-7.867557e+003
98,9,-7.867558e+003
98,10,-7.867558e+003
98,11,-7.867559e+003
98,12,-7.867559e+003
98,13,-7.867559e+003
99,0,-7.867021e+003
99,1,-7.867021e+003
99,2,-7.867021e+003
99,3,-7.867021e+003
99,4,-7.867021e+003
99,5,-7.867049e+003
99,6,-7.869167e+003
99,7,-7.869956e+003
99,8,-7.870367e+003
99,9,-7.870878e+003
99,10,-7.871576e+003
99,11,-7.872190e+003
99,12,-7.872610e+003
99,13,-7.873194e+003
99,14,-7.873927e+003
99,15,-7.874186e+003
99,16,-7.874352e+003
99,17,-7.874597e+003
99,18,-7.874826e+003
99,19,-7.874889e+003
99,20,-7.874966e+003
99,21,-7.875054e+003
99,22,-7.875216e+003
99,23,-7.875328e+003
99,24,-7.875417e+003
99,25,-7.875419e+003
99,26,-7.875462e+003
99,27,-7.875474e+003
99,28,-7.875494e+003
99,29,-7.875560e+003
99,30,-7.875575e+003
99,31,-7.875576e+003
99,32,-7.875578e+003
99,33,-7.875581e+003
99,34,-7.875584e+003
99,35,-7.875587e+003
99,36,-7.875598e+003
99,37,-7.875598e+003
