"Angle"	"Energy kJ/mol"	"BondedTermsEnergy"	"NonBondedTermsEnergy"	"BondStretchEnergy"	"AngleStretchEnergy"	"TorsionEnergy"	"OutOfPlaneEnergy"	"DispersionEnergy"	"ElectrostaticEnergy"	"NonBondedEnergyC"	"NonBondedEnergyD"
-60.000000	348.872479	1018.775622	-669.903143	302.763445	1488.365247	-1366.929062	594.575992	437.878292	-1107.781435	0.000000	0.000000
-59.800000	346.822246	1016.633549	-669.811303	302.763446	1486.276270	-1366.982158	594.575992	437.877721	-1107.689024	0.000000	0.000000
-59.600000	344.798300	1014.497535	-669.699235	302.763443	1484.193634	-1367.035533	594.575992	437.897064	-1107.596300	0.000000	0.000000
-59.400000	342.761186	1012.367566	-669.606380	302.763444	1482.117314	-1367.089184	594.575992	437.896878	-1107.503258	0.000000	0.000000
-59.200000	340.730598	1010.243589	-669.512992	302.763447	1480.047258	-1367.143108	594.575992	437.896906	-1107.409898	0.000000	0.000000
-59.000000	338.706572	1008.125660	-669.419088	302.763447	1477.983521	-1367.197300	594.575992	437.897139	-1107.316228	0.000000	0.000000
-58.800000	336.689018	1006.013693	-669.324674	302.763448	1475.926011	-1367.251758	594.575992	437.897569	-1107.222243	0.000000	0.000000
-58.600000	334.677936	1003.907696	-669.229761	302.763445	1473.874738	-1367.306479	594.575992	437.898187	-1107.127948	0.000000	0.000000
-58.400000	332.673334	1001.807688	-669.134354	302.763447	1471.829708	-1367.361458	594.575992	437.898986	-1107.033340	0.000000	0.000000
-58.200000	330.675113	999.713575	-669.038462	302.763446	1469.790832	-1367.416695	594.575992	437.899957	-1106.938420	0.000000	0.000000
-58.000000	328.683289	997.625385	-668.942096	302.763446	1467.758130	-1367.472183	594.575992	437.901094	-1106.843190	0.000000	0.000000
-57.800000	326.697806	995.543066	-668.845260	302.763445	1465.731551	-1367.527922	594.575992	437.902389	-1106.747649	0.000000	0.000000
-57.600000	324.718649	993.466610	-668.747961	302.763446	1463.711079	-1367.583906	594.575992	437.903836	-1106.651797	0.000000	0.000000
-57.400000	322.775643	991.395999	-668.620356	302.763444	1461.696697	-1367.640133	594.575992	437.935282	-1106.555639	0.000000	0.000000
-57.200000	320.809039	989.331277	-668.522238	302.763447	1459.688437	-1367.696598	594.575992	437.936933	-1106.459171	0.000000	0.000000
-57.000000	318.878563	987.272339	-668.393776	302.763443	1457.686202	-1367.753298	594.575992	437.968623	-1106.362399	0.000000	0.000000
-56.800000	316.924295	985.219155	-668.294860	302.763448	1455.689947	-1367.810232	594.575992	437.970453	-1106.265313	0.000000	0.000000
-56.600000	314.976298	983.171822	-668.195524	302.763447	1453.699775	-1367.867391	594.575992	437.972404	-1106.167928	0.000000	0.000000
-56.400000	313.054116	981.130182	-668.076067	302.763446	1451.715522	-1367.924777	594.575992	437.994168	-1106.070235	0.000000	0.000000
-56.200000	311.118351	979.094312	-667.975960	302.763444	1449.737259	-1367.982383	594.575992	437.996279	-1105.972239	0.000000	0.000000
-56.000000	309.188765	977.064209	-667.875444	302.763448	1447.764974	-1368.040204	594.575992	437.998495	-1105.873939	0.000000	0.000000
-55.800000	307.265230	975.039755	-667.774525	302.763445	1445.798559	-1368.098240	594.575992	438.000812	-1105.775337	0.000000	0.000000
-55.600000	305.317802	973.021013	-667.703211	302.763448	1443.838058	-1368.156485	594.575992	437.973219	-1105.676430	0.000000	0.000000
-55.400000	303.406318	971.007941	-667.601623	302.763444	1441.883441	-1368.214935	594.575992	437.975603	-1105.577226	0.000000	0.000000
-55.200000	301.500889	969.000532	-667.499643	302.763447	1439.934680	-1368.273587	594.575992	437.978074	-1105.477717	0.000000	0.000000
-55.000000	299.601476	966.998760	-667.397284	302.763445	1437.991760	-1368.332436	594.575992	437.980629	-1105.377913	0.000000	0.000000
-54.800000	297.708057	965.002604	-667.294546	302.763443	1436.054649	-1368.391479	594.575992	437.983263	-1105.277809	0.000000	0.000000
-54.600000	295.820658	963.012090	-667.191433	302.763447	1434.123363	-1368.450711	594.575992	437.985972	-1105.177405	0.000000	0.000000
-54.400000	293.939196	961.027149	-667.087953	302.763444	1432.197843	-1368.510129	594.575992	437.988754	-1105.076708	0.000000	0.000000
-54.200000	292.063666	959.047770	-666.984104	302.763447	1430.278060	-1368.569729	594.575992	437.991605	-1104.975709	0.000000	0.000000
-54.000000	290.194012	957.073904	-666.879892	302.763448	1428.363972	-1368.629507	594.575992	437.994522	-1104.874414	0.000000	0.000000
-53.800000	288.330279	955.105606	-666.775327	302.763445	1426.455627	-1368.689458	594.575992	437.997502	-1104.772829	0.000000	0.000000
-53.600000	286.472544	953.142955	-666.670412	302.763448	1424.553090	-1368.749575	594.575992	438.000541	-1104.670953	0.000000	0.000000
-53.400000	284.620585	951.185730	-666.565145	302.763445	1422.656152	-1368.809858	594.575992	438.003638	-1104.568783	0.000000	0.000000
-53.200000	282.774473	949.234003	-666.459530	302.763444	1420.764870	-1368.870303	594.575992	438.006790	-1104.466320	0.000000	0.000000
-53.000000	280.934192	947.287761	-666.353569	302.763448	1418.879226	-1368.930904	594.575992	438.009995	-1104.363564	0.000000	0.000000
-52.800000	279.099778	945.347054	-666.247276	302.763445	1416.999272	-1368.991655	594.575992	438.013249	-1104.260525	0.000000	0.000000
-52.600000	277.271092	943.411732	-666.140640	302.763445	1415.124851	-1369.052556	594.575992	438.016552	-1104.157192	0.000000	0.000000
-52.400000	275.448227	941.481899	-666.033672	302.763445	1413.256061	-1369.113599	594.575992	438.019901	-1104.053574	0.000000	0.000000
-52.200000	273.631107	939.557477	-665.926371	302.763447	1411.392820	-1369.174781	594.575992	438.023295	-1103.949666	0.000000	0.000000
-52.000000	271.819757	937.638502	-665.818745	302.763445	1409.535163	-1369.236097	594.575992	438.026732	-1103.845477	0.000000	0.000000
-51.800000	270.014104	935.724892	-665.710788	302.763446	1407.682998	-1369.297544	594.575992	438.030211	-1103.740998	0.000000	0.000000
-51.600000	268.214259	933.816774	-665.602515	302.763444	1405.836451	-1369.359114	594.575992	438.033729	-1103.636244	0.000000	0.000000
-51.400000	266.420079	931.913994	-665.493915	302.763448	1403.995359	-1369.420805	594.575992	438.037286	-1103.531201	0.000000	0.000000
-51.200000	264.631593	930.016592	-665.384999	302.763447	1402.159767	-1369.482613	594.575992	438.040881	-1103.425881	0.000000	0.000000
-51.000000	262.848777	928.124543	-665.275766	302.763445	1400.329639	-1369.544533	594.575992	438.044514	-1103.320279	0.000000	0.000000
-50.800000	261.071655	926.237873	-665.166218	302.763446	1398.504995	-1369.606559	594.575992	438.048181	-1103.214399	0.000000	0.000000
-50.600000	259.300136	924.356493	-665.056357	302.763442	1396.685748	-1369.668689	594.575992	438.051885	-1103.108242	0.000000	0.000000
-50.400000	257.534320	922.480504	-664.946184	302.763445	1394.871983	-1369.730915	594.575992	438.055622	-1103.001806	0.000000	0.000000
-50.200000	255.774065	920.609764	-664.835700	302.763444	1393.063565	-1369.793237	594.575992	438.059394	-1102.895094	0.000000	0.000000
-50.000000	254.019447	918.744354	-664.724907	302.763446	1391.260563	-1369.855646	594.575992	438.063200	-1102.788107	0.000000	0.000000
-49.800000	252.270444	916.884254	-664.613810	302.763445	1389.462956	-1369.918138	594.575992	438.067038	-1102.680849	0.000000	0.000000
-49.600000	250.527064	915.029474	-664.502410	302.763443	1387.670748	-1369.980709	594.575992	438.070910	-1102.573320	0.000000	0.000000
-49.400000	248.789289	913.179993	-664.390704	302.763448	1385.883906	-1370.043353	594.575992	438.074815	-1102.465519	0.000000	0.000000
-49.200000	247.057005	911.335715	-664.278709	302.763444	1384.102347	-1370.106068	594.575992	438.078753	-1102.357462	0.000000	0.000000
-49.000000	245.330286	909.496726	-664.166440	302.763449	1382.326133	-1370.168847	594.575992	438.082724	-1102.249165	0.000000	0.000000
-48.800000	243.609078	907.663004	-664.053926	302.763447	1380.555251	-1370.231686	594.575992	438.086729	-1102.140654	0.000000	0.000000
-48.600000	241.863351	905.834499	-663.971148	302.763448	1378.789639	-1370.294580	594.575992	438.060784	-1102.031932	0.000000	0.000000
-48.400000	240.153019	904.011293	-663.858274	302.763447	1377.029376	-1370.357522	594.575992	438.064731	-1101.923005	0.000000	0.000000
-48.200000	238.418080	902.193246	-663.775166	302.763445	1375.274322	-1370.420512	594.575992	438.038702	-1101.813867	0.000000	0.000000
-48.000000	236.718482	900.380409	-663.661927	302.763444	1373.524516	-1370.483542	594.575992	438.042593	-1101.704521	0.000000	0.000000
-47.800000	235.024398	898.572848	-663.548449	302.763446	1371.780016	-1370.546606	594.575992	438.046520	-1101.594969	0.000000	0.000000
-47.600000	233.335740	896.770468	-663.434728	302.763446	1370.040732	-1370.609701	594.575992	438.050482	-1101.485210	0.000000	0.000000
-47.400000	231.652594	894.973364	-663.320770	302.763447	1368.306744	-1370.672819	594.575992	438.054480	-1101.375250	0.000000	0.000000
-47.200000	229.974805	893.181370	-663.206565	302.763446	1366.577893	-1370.735961	594.575992	438.058515	-1101.265081	0.000000	0.000000
-47.000000	228.302498	891.394618	-663.092120	302.763446	1364.854296	-1370.799116	594.575992	438.062589	-1101.154708	0.000000	0.000000
-46.800000	226.635589	889.613019	-662.977430	302.763445	1363.135864	-1370.862282	594.575992	438.066701	-1101.044132	0.000000	0.000000
-46.600000	224.974112	887.836608	-662.862496	302.763446	1361.422624	-1370.925454	594.575992	438.070854	-1100.933351	0.000000	0.000000
-46.400000	223.318057	886.065377	-662.747320	302.763445	1359.714567	-1370.988626	594.575992	438.075049	-1100.822369	0.000000	0.000000
-46.200000	221.667407	884.299303	-662.631897	302.763447	1358.011659	-1371.051794	594.575992	438.079285	-1100.711182	0.000000	0.000000
-46.000000	220.022131	882.538358	-662.516227	302.763447	1356.313873	-1371.114954	594.575992	438.083566	-1100.599793	0.000000	0.000000
-45.800000	218.382329	880.782644	-662.400315	302.763448	1354.621302	-1371.178097	594.575992	438.087892	-1100.488207	0.000000	0.000000
-45.600000	216.747921	879.032073	-662.284151	302.763445	1352.933857	-1371.241221	594.575992	438.092265	-1100.376416	0.000000	0.000000
-45.400000	215.118918	877.286640	-662.167723	302.763446	1351.251523	-1371.304320	594.575992	438.096686	-1100.264409	0.000000	0.000000
-45.200000	213.495272	875.546301	-662.051029	302.763443	1349.574258	-1371.367392	594.575992	438.101157	-1100.152186	0.000000	0.000000
-45.000000	211.877117	873.811191	-661.934074	302.763447	1347.902178	-1371.430426	594.575992	438.105679	-1100.039752	0.000000	0.000000
-44.800000	210.264305	872.081157	-661.816852	302.763445	1346.235144	-1371.493423	594.575992	438.110254	-1099.927106	0.000000	0.000000
-44.600000	208.656968	870.356335	-661.699368	302.763446	1344.573270	-1371.556372	594.575992	438.114884	-1099.814252	0.000000	0.000000
-44.400000	207.055012	868.636617	-661.581606	302.763446	1342.916453	-1371.619273	594.575992	438.119570	-1099.701176	0.000000	0.000000
-44.200000	205.458488	866.922050	-661.463561	302.763448	1341.264728	-1371.682118	594.575992	438.124314	-1099.587876	0.000000	0.000000
-44.000000	203.867338	865.212572	-661.345234	302.763445	1339.618040	-1371.744905	594.575992	438.129119	-1099.474353	0.000000	0.000000
-43.800000	202.281667	863.508293	-661.226626	302.763446	1337.976479	-1371.807624	594.575992	438.133986	-1099.360611	0.000000	0.000000
-43.600000	200.701325	861.809050	-661.107726	302.763446	1336.339889	-1371.870276	594.575992	438.138917	-1099.246643	0.000000	0.000000
-43.400000	199.126499	860.115047	-660.988548	302.763445	1334.708460	-1371.932850	594.575992	438.143914	-1099.132462	0.000000	0.000000
-43.200000	197.557060	858.426140	-660.869080	302.763445	1333.082047	-1371.995344	594.575992	438.148979	-1099.018059	0.000000	0.000000
-43.000000	195.993028	856.742352	-660.749324	302.763445	1331.460669	-1372.057753	594.575992	438.154114	-1098.903438	0.000000	0.000000
-42.800000	194.434410	855.063687	-660.629278	302.763444	1329.844324	-1372.120073	594.575992	438.159322	-1098.788599	0.000000	0.000000
-42.600000	192.881255	853.390199	-660.508944	302.763445	1328.233057	-1372.182295	594.575992	438.164604	-1098.673547	0.000000	0.000000
-42.400000	191.333494	851.721793	-660.388299	302.763445	1326.626775	-1372.244418	594.575992	438.169963	-1098.558262	0.000000	0.000000
-42.200000	189.791372	850.058524	-660.267152	302.763446	1325.025523	-1372.306436	594.575992	438.175401	-1098.442553	0.000000	0.000000
-42.000000	188.254932	848.400377	-660.145445	302.763448	1323.429281	-1372.368344	594.575992	438.180921	-1098.326365	0.000000	0.000000
-41.800000	186.724213	846.747394	-660.023181	302.763449	1321.838088	-1372.430135	594.575992	438.186524	-1098.209705	0.000000	0.000000
-41.600000	185.199173	845.099536	-659.900363	302.763444	1320.251906	-1372.491806	594.575992	438.192213	-1098.092576	0.000000	0.000000
-41.400000	183.679832	843.456818	-659.776985	302.763444	1318.670734	-1372.553352	594.575992	438.197991	-1097.974977	0.000000	0.000000
-41.200000	182.166183	841.819235	-659.653052	302.763446	1317.094564	-1372.614767	594.575992	438.203860	-1097.856912	0.000000	0.000000
-41.000000	180.658203	840.186767	-659.528565	302.763444	1315.523379	-1372.676047	594.575992	438.209822	-1097.738387	0.000000	0.000000
-40.800000	179.155958	838.559485	-659.403526	302.763445	1313.957235	-1372.737186	594.575992	438.215881	-1097.619407	0.000000	0.000000
-40.600000	177.659461	836.937403	-659.277941	302.763445	1312.396144	-1372.798178	594.575992	438.222037	-1097.499978	0.000000	0.000000
-40.400000	176.168577	835.320374	-659.151798	302.763446	1310.839960	-1372.859023	594.575992	438.228295	-1097.380093	0.000000	0.000000
-40.200000	174.713360	833.708601	-658.995241	302.763448	1309.288871	-1372.919709	594.575992	438.264529	-1097.259769	0.000000	0.000000
-40.000000	173.233822	832.101893	-658.868070	302.763448	1307.742692	-1372.980239	594.575992	438.270927	-1097.138997	0.000000	0.000000
-39.800000	171.760067	830.500427	-658.740361	302.763445	1306.201591	-1373.040600	594.575992	438.277435	-1097.017795	0.000000	0.000000
-39.600000	170.291964	828.904062	-658.612098	302.763446	1304.665419	-1373.100795	594.575992	438.284055	-1096.896153	0.000000	0.000000
-39.400000	168.829615	827.312910	-658.483295	302.763443	1303.134288	-1373.160813	594.575992	438.290790	-1096.774084	0.000000	0.000000
-39.200000	167.373008	825.726956	-658.353948	302.763444	1301.608172	-1373.220651	594.575992	438.297642	-1096.651590	0.000000	0.000000
-39.000000	165.922058	824.146110	-658.224052	302.763446	1300.086980	-1373.280308	594.575992	438.304614	-1096.528666	0.000000	0.000000
-38.800000	164.476908	822.570532	-658.093624	302.763443	1298.570871	-1373.339773	594.575992	438.311710	-1096.405333	0.000000	0.000000
-38.600000	163.037479	821.000130	-657.962651	302.763443	1297.059740	-1373.399045	594.575992	438.318931	-1096.281582	0.000000	0.000000
-38.400000	161.663463	819.434923	-657.771460	302.763445	1295.553604	-1373.458118	594.575992	438.385960	-1096.157420	0.000000	0.000000
-38.200000	160.235335	817.874931	-657.639596	302.763446	1294.052482	-1373.516988	594.575992	438.393256	-1096.032852	0.000000	0.000000
-38.000000	158.872776	816.320172	-657.447396	302.763448	1292.556383	-1373.575650	594.575992	438.460487	-1095.907883	0.000000	0.000000
-37.800000	157.485898	814.770637	-657.284739	302.763445	1291.065298	-1373.634098	594.575992	438.497778	-1095.782517	0.000000	0.000000
-37.600000	156.074777	813.226288	-657.151510	302.763447	1289.579180	-1373.692331	594.575992	438.505240	-1095.656751	0.000000	0.000000
-37.400000	154.669460	811.687211	-657.017751	302.763445	1288.098115	-1373.750341	594.575992	438.512848	-1095.530599	0.000000	0.000000
-37.200000	153.269915	810.153369	-656.883453	302.763449	1286.622053	-1373.808126	594.575992	438.520604	-1095.404058	0.000000	0.000000
-37.000000	151.876182	808.624810	-656.748628	302.763447	1285.151049	-1373.865677	594.575992	438.528512	-1095.277139	0.000000	0.000000
-36.800000	150.488166	807.101427	-656.613261	302.763446	1283.684986	-1373.922997	594.575992	438.536574	-1095.149835	0.000000	0.000000
-36.600000	149.106014	805.583384	-656.477369	302.763446	1282.224020	-1373.980074	594.575992	438.544792	-1095.022162	0.000000	0.000000
-36.400000	147.729681	804.070628	-656.340947	302.763449	1280.768094	-1374.036906	594.575992	438.553172	-1094.894119	0.000000	0.000000
-36.200000	146.359167	802.563167	-656.204000	302.763444	1279.317221	-1374.093489	594.575992	438.561714	-1094.765714	0.000000	0.000000
-36.000000	144.994461	801.060981	-656.066520	302.763447	1277.871362	-1374.149820	594.575992	438.570422	-1094.636942	0.000000	0.000000
-35.800000	143.635586	799.564100	-655.928515	302.763446	1276.430556	-1374.205894	594.575992	438.579299	-1094.507814	0.000000	0.000000
-35.600000	142.282532	798.072514	-655.789982	302.763446	1274.994782	-1374.261706	594.575992	438.588349	-1094.378331	0.000000	0.000000
-35.400000	140.935391	796.586323	-655.650932	302.763445	1273.564135	-1374.317249	594.575992	438.597573	-1094.248505	0.000000	0.000000
-35.200000	139.594049	795.105402	-655.511353	302.763444	1272.138490	-1374.372524	594.575992	438.606976	-1094.118329	0.000000	0.000000
-35.000000	138.258639	793.629896	-655.371257	302.763447	1270.717981	-1374.427523	594.575992	438.616560	-1093.987817	0.000000	0.000000
-34.800000	136.929077	792.159715	-655.230638	302.763450	1269.302517	-1374.482243	594.575992	438.626328	-1093.856965	0.000000	0.000000
-34.600000	135.605403	790.694905	-655.089502	302.763447	1267.892147	-1374.536680	594.575992	438.636283	-1093.725785	0.000000	0.000000
-34.400000	134.287608	789.235455	-654.947846	302.763444	1266.486851	-1374.590831	594.575992	438.646428	-1093.594274	0.000000	0.000000
-34.200000	132.975774	787.781453	-654.805679	302.763444	1265.086706	-1374.644689	594.575992	438.656766	-1093.462445	0.000000	0.000000
-34.000000	131.669809	786.332799	-654.662990	302.763444	1263.691616	-1374.698253	594.575992	438.667301	-1093.330291	0.000000	0.000000
-33.800000	130.369813	784.889605	-654.519793	302.763444	1262.301686	-1374.751517	594.575992	438.678034	-1093.197827	0.000000	0.000000
-33.600000	129.075772	783.451856	-654.376084	302.763443	1260.916898	-1374.804477	594.575992	438.688970	-1093.065055	0.000000	0.000000
-33.400000	127.787671	782.019533	-654.231862	302.763446	1259.537225	-1374.857130	594.575992	438.700112	-1092.931974	0.000000	0.000000
-33.200000	126.505537	780.592670	-654.087133	302.763444	1258.162706	-1374.909472	594.575992	438.711461	-1092.798594	0.000000	0.000000
-33.000000	125.229384	779.171279	-653.941895	302.763444	1256.793342	-1374.961498	594.575992	438.723022	-1092.664917	0.000000	0.000000
-32.800000	123.959187	777.755334	-653.796147	302.763444	1255.429106	-1375.013207	594.575992	438.734797	-1092.530944	0.000000	0.000000
-32.600000	122.695023	776.344920	-653.649897	302.763445	1254.070076	-1375.064593	594.575992	438.746790	-1092.396687	0.000000	0.000000
-32.400000	121.436872	774.940016	-653.503144	302.763443	1252.716234	-1375.115652	594.575992	438.759003	-1092.262147	0.000000	0.000000
-32.200000	120.184771	773.540660	-653.355889	302.763448	1251.367601	-1375.166381	594.575992	438.771439	-1092.127328	0.000000	0.000000
-32.000000	118.938677	772.146809	-653.208133	302.763447	1250.024147	-1375.216777	594.575992	438.784102	-1091.992234	0.000000	0.000000
-31.800000	117.698661	770.758541	-653.059880	302.763446	1248.685937	-1375.266834	594.575992	438.796994	-1091.856874	0.000000	0.000000
-31.600000	116.464695	769.375821	-652.911127	302.763447	1247.352935	-1375.316552	594.575992	438.810118	-1091.721245	0.000000	0.000000
-31.400000	115.176847	767.998695	-652.821848	302.763447	1246.025182	-1375.365925	594.575992	438.763509	-1091.585357	0.000000	0.000000
-31.200000	113.954908	766.627171	-652.672263	302.763446	1244.702684	-1375.414951	594.575992	438.776951	-1091.449214	0.000000	0.000000
-31.000000	112.739040	765.261221	-652.522181	302.763445	1243.385411	-1375.463627	594.575992	438.790635	-1091.312815	0.000000	0.000000
-30.800000	111.529338	763.900950	-652.371612	302.763447	1242.073457	-1375.511946	594.575992	438.804563	-1091.176174	0.000000	0.000000
-30.600000	110.325742	762.546306	-652.220564	302.763446	1240.766777	-1375.559909	594.575992	438.818738	-1091.039302	0.000000	0.000000
-30.400000	109.098298	761.197346	-652.099049	302.763449	1239.465416	-1375.607509	594.575992	438.803200	-1090.902249	0.000000	0.000000
-30.200000	107.906777	759.854023	-651.947246	302.763446	1238.169333	-1375.654747	594.575992	438.817774	-1090.765020	0.000000	0.000000
-30.000000	106.721422	758.516445	-651.795023	302.763446	1236.878623	-1375.701616	594.575992	438.832602	-1090.627625	0.000000	0.000000
-29.800000	105.542174	757.184543	-651.642369	302.763445	1235.593222	-1375.748115	594.575992	438.847690	-1090.490059	0.000000	0.000000
-29.600000	104.369102	755.858394	-651.489292	302.763448	1234.313194	-1375.794240	594.575992	438.863039	-1090.352330	0.000000	0.000000
-29.400000	103.202194	754.537983	-651.335789	302.763448	1233.038532	-1375.839988	594.575992	438.878652	-1090.214441	0.000000	0.000000
-29.200000	102.041446	753.223307	-651.181861	302.763442	1231.769231	-1375.885358	594.575992	438.894533	-1090.076393	0.000000	0.000000
-29.000000	100.886930	751.914440	-651.027509	302.763444	1230.505349	-1375.930344	594.575992	438.910683	-1089.938193	0.000000	0.000000
-28.800000	99.738641	750.611376	-650.872736	302.763445	1229.246885	-1375.974945	594.575992	438.927106	-1089.799842	0.000000	0.000000
-28.600000	98.596581	749.314119	-650.717538	302.763445	1227.993840	-1376.019158	594.575992	438.943805	-1089.661343	0.000000	0.000000
-28.400000	97.460801	748.022722	-650.561922	302.763446	1226.746263	-1376.062978	594.575992	438.960781	-1089.522702	0.000000	0.000000
-28.200000	96.331271	746.737152	-650.405881	302.763445	1225.504122	-1376.106406	594.575992	438.978038	-1089.383919	0.000000	0.000000
-28.000000	95.208034	745.457455	-650.249421	302.763445	1224.267455	-1376.149437	594.575992	438.995578	-1089.244999	0.000000	0.000000
-27.800000	94.091135	744.183679	-650.092544	302.763447	1223.036309	-1376.192068	594.575992	439.013404	-1089.105948	0.000000	0.000000
-27.600000	92.980524	742.915768	-649.935244	302.763448	1221.810628	-1376.234299	594.575992	439.031519	-1088.966762	0.000000	0.000000
-27.400000	91.876285	741.653815	-649.777530	302.763447	1220.590501	-1376.276125	594.575992	439.049924	-1088.827454	0.000000	0.000000
-27.200000	90.778370	740.397765	-649.619395	302.763443	1219.375876	-1376.317545	594.575992	439.068623	-1088.688019	0.000000	0.000000
-27.000000	89.686885	739.147735	-649.460850	302.763446	1218.166852	-1376.358555	594.575992	439.087618	-1088.548468	0.000000	0.000000
-26.800000	88.601793	737.903682	-649.301889	302.763449	1216.963394	-1376.399153	594.575992	439.106911	-1088.408800	0.000000	0.000000
-26.600000	87.523100	736.665607	-649.142507	302.763444	1215.765510	-1376.439339	594.575992	439.126505	-1088.269011	0.000000	0.000000
-26.400000	86.450901	735.433586	-648.982685	302.763447	1214.573254	-1376.479107	594.575992	439.146401	-1088.129086	0.000000	0.000000
-26.200000	85.385175	734.207592	-648.822417	302.763447	1213.386611	-1376.518458	594.575992	439.166603	-1087.989020	0.000000	0.000000
-26.000000	84.325977	732.987662	-648.661686	302.763444	1212.205615	-1376.557388	594.575992	439.187113	-1087.848798	0.000000	0.000000
-25.800000	83.273350	731.773837	-648.500487	302.763447	1211.030294	-1376.595895	594.575992	439.207932	-1087.708419	0.000000	0.000000
-25.600000	82.227296	730.566122	-648.338825	302.763448	1209.860660	-1376.633978	594.575992	439.229063	-1087.567888	0.000000	0.000000
-25.400000	81.187815	729.364514	-648.176698	302.763446	1208.696711	-1376.671634	594.575992	439.250507	-1087.427206	0.000000	0.000000
-25.200000	80.154950	728.169062	-648.014112	302.763444	1207.538488	-1376.708861	594.575992	439.272268	-1087.286381	0.000000	0.000000
-25.000000	79.128738	726.979809	-647.851072	302.763446	1206.386029	-1376.745658	594.575992	439.294347	-1087.145418	0.000000	0.000000
-24.800000	78.109136	725.796707	-647.687571	302.763445	1205.239293	-1376.782023	594.575992	439.316746	-1087.004317	0.000000	0.000000
-24.600000	77.096224	724.619847	-647.523623	302.763446	1204.098362	-1376.817953	594.575992	439.339466	-1086.863089	0.000000	0.000000
-24.400000	76.089978	723.449200	-647.359222	302.763445	1202.963211	-1376.853447	594.575992	439.362510	-1086.721732	0.000000	0.000000
-24.200000	75.090435	722.284810	-647.194375	302.763445	1201.833877	-1376.888504	594.575992	439.385879	-1086.580254	0.000000	0.000000
-24.000000	74.097627	721.126714	-647.029087	302.763445	1200.710399	-1376.923121	594.575992	439.409576	-1086.438663	0.000000	0.000000
-23.800000	73.111549	719.974905	-646.863356	302.763444	1199.592767	-1376.957298	594.575992	439.433601	-1086.296957	0.000000	0.000000
-23.600000	72.132230	718.829418	-646.697188	302.763446	1198.481013	-1376.991032	594.575992	439.457956	-1086.155145	0.000000	0.000000
-23.400000	71.159681	717.690267	-646.530586	302.763442	1197.375156	-1377.024323	594.575992	439.482644	-1086.013230	0.000000	0.000000
-23.200000	70.193948	716.557502	-646.363554	302.763445	1196.275232	-1377.057167	594.575992	439.507664	-1085.871218	0.000000	0.000000
-23.000000	69.235042	715.431138	-646.196096	302.763449	1195.181262	-1377.089565	594.575992	439.533019	-1085.729115	0.000000	0.000000
-22.800000	68.282949	714.311161	-646.028212	302.763449	1194.093236	-1377.121515	594.575992	439.558710	-1085.586922	0.000000	0.000000
-22.600000	67.337703	713.197610	-645.859907	302.763443	1193.011191	-1377.153016	594.575992	439.584738	-1085.444645	0.000000	0.000000
-22.400000	66.399341	712.090526	-645.691185	302.763445	1191.935155	-1377.184066	594.575992	439.611104	-1085.302289	0.000000	0.000000
-22.200000	65.467857	710.989906	-645.522048	302.763442	1190.865137	-1377.214665	594.575992	439.637810	-1085.159859	0.000000	0.000000
-22.000000	64.543317	709.895824	-645.352506	302.763446	1189.801196	-1377.244810	594.575992	439.664856	-1085.017362	0.000000	0.000000
-21.800000	63.625697	708.808255	-645.182558	302.763446	1188.743319	-1377.274502	594.575992	439.692243	-1084.874801	0.000000	0.000000
-21.600000	62.685065	707.727228	-645.042163	302.763445	1187.691530	-1377.303738	594.575992	439.690017	-1084.732180	0.000000	0.000000
-21.400000	61.751310	706.652774	-644.901465	302.763446	1186.645856	-1377.332519	594.575992	439.688039	-1084.589504	0.000000	0.000000
-21.200000	60.854478	705.584925	-644.730447	302.763447	1185.606329	-1377.360842	594.575992	439.716332	-1084.446779	0.000000	0.000000
-21.000000	59.964662	704.523704	-644.559041	302.763450	1184.572970	-1377.388708	594.575992	439.744969	-1084.304011	0.000000	0.000000
-20.800000	59.081835	703.469080	-644.387245	302.763444	1183.545761	-1377.416116	594.575992	439.773952	-1084.161198	0.000000	0.000000
-20.600000	58.206092	702.421167	-644.215075	302.763445	1182.524794	-1377.443064	594.575992	439.803280	-1084.018354	0.000000	0.000000
-20.400000	57.337426	701.379955	-644.042529	302.763450	1181.510064	-1377.469551	594.575992	439.832953	-1083.875482	0.000000	0.000000
-20.200000	56.475812	700.345421	-643.869609	302.763447	1180.501561	-1377.495578	594.575992	439.862972	-1083.732581	0.000000	0.000000
-20.000000	55.621318	699.317642	-643.696324	302.763445	1179.499349	-1377.521144	594.575992	439.893337	-1083.589661	0.000000	0.000000
-19.800000	54.773950	698.296629	-643.522679	302.763444	1178.503441	-1377.546247	594.575992	439.924048	-1083.446727	0.000000	0.000000
-19.600000	53.933729	697.282406	-643.348677	302.763446	1177.513857	-1377.570888	594.575992	439.955105	-1083.303782	0.000000	0.000000
-19.400000	53.100677	696.275004	-643.174327	302.763447	1176.530631	-1377.595066	594.575992	439.986507	-1083.160834	0.000000	0.000000
-19.200000	52.274796	695.274424	-642.999628	302.763445	1175.553768	-1377.618781	594.575992	440.018255	-1083.017883	0.000000	0.000000
-19.000000	51.456115	694.280704	-642.824589	302.763444	1174.583301	-1377.642032	594.575992	440.050348	-1082.874937	0.000000	0.000000
-18.800000	50.644680	693.293900	-642.649220	302.763448	1173.619278	-1377.664818	594.575992	440.082785	-1082.732005	0.000000	0.000000
-18.600000	49.840459	692.313976	-642.473517	302.763447	1172.661677	-1377.687140	594.575992	440.115566	-1082.589084	0.000000	0.000000
-18.400000	49.043515	691.341010	-642.297495	302.763448	1171.710567	-1377.708997	594.575992	440.148690	-1082.446185	0.000000	0.000000
-18.200000	48.253832	690.374984	-642.121152	302.763447	1170.765935	-1377.730389	594.575992	440.182157	-1082.303309	0.000000	0.000000
-18.000000	47.471444	689.415941	-641.944498	302.763443	1169.827824	-1377.751317	594.575992	440.215965	-1082.160463	0.000000	0.000000
-17.800000	46.696398	688.463941	-641.767543	302.763445	1168.896282	-1377.771778	594.575992	440.250113	-1082.017656	0.000000	0.000000
-17.600000	45.928669	687.518954	-641.590285	302.763446	1167.971292	-1377.791775	594.575992	440.284601	-1081.874886	0.000000	0.000000
-17.400000	45.168302	686.581039	-641.412737	302.763448	1167.052906	-1377.811306	594.575992	440.319426	-1081.732163	0.000000	0.000000
-17.200000	44.415301	685.650203	-641.234902	302.763445	1166.141139	-1377.830372	594.575992	440.354587	-1081.589489	0.000000	0.000000
-17.000000	43.669701	684.726491	-641.056790	302.763446	1165.236026	-1377.848973	594.575992	440.390083	-1081.446873	0.000000	0.000000
-16.800000	42.931509	683.809913	-640.878404	302.763448	1164.337582	-1377.867109	594.575992	440.425912	-1081.304317	0.000000	0.000000
-16.600000	42.200742	682.900495	-640.699753	302.763448	1163.445836	-1377.884780	594.575992	440.462073	-1081.161826	0.000000	0.000000
-16.400000	41.477426	681.998270	-640.520844	302.763448	1162.560816	-1377.901986	594.575992	440.498563	-1081.019406	0.000000	0.000000
-16.200000	40.761567	681.103248	-640.341681	302.763447	1161.682537	-1377.918727	594.575992	440.535380	-1080.877062	0.000000	0.000000
-16.000000	40.053202	680.215479	-640.162278	302.763448	1160.811044	-1377.935005	594.575992	440.572522	-1080.734800	0.000000	0.000000
-15.800000	39.352325	679.334960	-639.982635	302.763444	1159.946342	-1377.950818	594.575992	440.609988	-1080.592622	0.000000	0.000000
-15.600000	38.658980	678.461745	-639.802765	302.763446	1159.088476	-1377.966168	594.575992	440.647773	-1080.450538	0.000000	0.000000
-15.400000	37.973177	677.595852	-639.622676	302.763447	1158.237468	-1377.981055	594.575992	440.685876	-1080.308551	0.000000	0.000000
-15.200000	37.294919	676.737289	-639.442370	302.763446	1157.393330	-1377.995479	594.575992	440.724294	-1080.166665	0.000000	0.000000
-15.000000	36.624242	675.886104	-639.261862	302.763446	1156.556107	-1378.009441	594.575992	440.763024	-1080.024886	0.000000	0.000000
-14.800000	35.961150	675.042305	-639.081155	302.763444	1155.725810	-1378.022941	594.575992	440.802063	-1079.883218	0.000000	0.000000
-14.600000	35.305666	674.205926	-638.900259	302.763443	1154.902471	-1378.035980	594.575992	440.841409	-1079.741668	0.000000	0.000000
-14.400000	34.657826	673.377014	-638.719188	302.763445	1154.086135	-1378.048558	594.575992	440.881056	-1079.600243	0.000000	0.000000
-14.200000	34.017624	672.555567	-638.537943	302.763446	1153.276807	-1378.060677	594.575992	440.921002	-1079.458946	0.000000	0.000000
-14.000000	33.385074	671.741608	-638.356534	302.763444	1152.474509	-1378.072337	594.575992	440.961245	-1079.317779	0.000000	0.000000
-13.800000	32.760220	670.935196	-638.174976	302.763448	1151.679294	-1378.083538	594.575992	441.001778	-1079.176754	0.000000	0.000000
-13.600000	32.143048	670.136317	-637.993269	302.763447	1150.891160	-1378.094281	594.575992	441.042600	-1079.035869	0.000000	0.000000
-13.400000	31.533596	669.345025	-637.811429	302.763447	1150.110153	-1378.104567	594.575992	441.083705	-1078.895134	0.000000	0.000000
-13.200000	30.931870	668.561332	-637.629462	302.763450	1149.336288	-1378.114398	594.575992	441.125090	-1078.754552	0.000000	0.000000
-13.000000	30.337880	667.785255	-637.447375	302.763445	1148.569592	-1378.123773	594.575992	441.166752	-1078.614127	0.000000	0.000000
-12.800000	29.751668	667.016855	-637.265187	302.763446	1147.810111	-1378.132694	594.575992	441.208683	-1078.473870	0.000000	0.000000
-12.600000	29.173229	666.256129	-637.082900	302.763447	1147.057851	-1378.141161	594.575992	441.250880	-1078.333780	0.000000	0.000000
-12.400000	28.602590	665.503117	-636.900527	302.763445	1146.312856	-1378.149176	594.575992	441.293340	-1078.193866	0.000000	0.000000
-12.200000	28.039756	664.757831	-636.718075	302.763445	1145.575134	-1378.156739	594.575992	441.336055	-1078.054130	0.000000	0.000000
-12.000000	27.484753	664.020310	-636.535557	302.763444	1144.844727	-1378.163853	594.575992	441.379023	-1077.914580	0.000000	0.000000
-11.800000	26.937604	663.290592	-636.352988	302.763450	1144.121667	-1378.170516	594.575992	441.422235	-1077.775222	0.000000	0.000000
-11.600000	26.398297	662.568664	-636.170367	302.763446	1143.405958	-1378.176732	594.575992	441.465689	-1077.636056	0.000000	0.000000
-11.400000	25.866872	661.854585	-635.987713	302.763444	1142.697649	-1378.182500	594.575992	441.509378	-1077.497091	0.000000	0.000000
-11.200000	25.343338	661.148375	-635.805036	302.763444	1141.996763	-1378.187823	594.575992	441.553297	-1077.358333	0.000000	0.000000
-11.000000	24.827708	660.450054	-635.622346	302.763445	1141.303319	-1378.192701	594.575992	441.597439	-1077.219785	0.000000	0.000000
-10.800000	24.320004	659.759661	-635.439656	302.763448	1140.617357	-1378.197135	594.575992	441.641798	-1077.081455	0.000000	0.000000
-10.600000	23.820228	659.077201	-635.256973	302.763446	1139.938890	-1378.201128	594.575992	441.686370	-1076.943343	0.000000	0.000000
-10.400000	23.328406	658.402718	-635.074312	302.763445	1139.267960	-1378.204679	594.575992	441.731147	-1076.805458	0.000000	0.000000
-10.200000	22.844556	657.736242	-634.891687	302.763447	1138.604594	-1378.207790	594.575992	441.776121	-1076.667807	0.000000	0.000000
-10.000000	22.368679	657.077782	-634.709103	302.763445	1137.948809	-1378.210464	594.575992	441.821288	-1076.530391	0.000000	0.000000
-9.800000	21.900798	656.427374	-634.526577	302.763446	1137.300637	-1378.212700	594.575992	441.866641	-1076.393217	0.000000	0.000000
-9.600000	21.440927	655.785047	-634.344120	302.763446	1136.660110	-1378.214501	594.575992	441.912171	-1076.256291	0.000000	0.000000
-9.400000	20.989079	655.150823	-634.161744	302.763448	1136.027251	-1378.215868	594.575992	441.957872	-1076.119616	0.000000	0.000000
-9.200000	20.545264	654.524724	-633.979460	302.763449	1135.402085	-1378.216802	594.575992	442.003738	-1075.983198	0.000000	0.000000
-9.000000	20.109499	653.906779	-633.797280	302.763443	1134.784649	-1378.217305	594.575992	442.049761	-1075.847041	0.000000	0.000000
-8.800000	19.681802	653.297025	-633.615222	302.763447	1134.174964	-1378.217378	594.575992	442.095932	-1075.711154	0.000000	0.000000
-8.600000	19.262178	652.695469	-633.433292	302.763444	1133.573057	-1378.217023	594.575992	442.142246	-1075.575537	0.000000	0.000000
-8.400000	18.850651	652.102160	-633.251509	302.763446	1132.978965	-1378.216242	594.575992	442.188692	-1075.440201	0.000000	0.000000
-8.200000	18.447225	651.517106	-633.069881	302.763444	1132.392706	-1378.215036	594.575992	442.235264	-1075.305145	0.000000	0.000000
-8.000000	18.051921	650.940348	-632.888427	302.763448	1131.814314	-1378.213406	594.575992	442.281953	-1075.170380	0.000000	0.000000
-7.800000	17.664739	650.371891	-632.707152	302.763446	1131.243809	-1378.211354	594.575992	442.328752	-1075.035904	0.000000	0.000000
-7.600000	17.285702	649.811777	-632.526075	302.763445	1130.681224	-1378.208883	594.575992	442.375652	-1074.901727	0.000000	0.000000
-7.400000	16.914819	649.260026	-632.345207	302.763442	1130.126586	-1378.205993	594.575992	442.422645	-1074.767852	0.000000	0.000000
-7.200000	16.554494	648.716681	-632.162187	302.763447	1129.579928	-1378.202686	594.575992	442.472102	-1074.634289	0.000000	0.000000
-7.000000	16.199958	648.181745	-631.981787	302.763446	1129.041271	-1378.198965	594.575992	442.519249	-1074.501036	0.000000	0.000000
-6.800000	15.853613	647.655253	-631.801640	302.763446	1128.510646	-1378.194830	594.575992	442.566461	-1074.368101	0.000000	0.000000
-6.600000	15.515474	647.137235	-631.621761	302.763448	1127.988079	-1378.190283	594.575992	442.613729	-1074.235490	0.000000	0.000000
-6.400000	15.185547	646.627706	-631.442158	302.763446	1127.473596	-1378.185327	594.575992	442.661047	-1074.103205	0.000000	0.000000
-6.200000	14.863847	646.126696	-631.262849	302.763441	1126.967226	-1378.179963	594.575992	442.708403	-1073.971252	0.000000	0.000000
-6.000000	14.550392	645.634245	-631.083854	302.763444	1126.469003	-1378.174193	594.575992	442.755786	-1073.839640	0.000000	0.000000
-5.800000	14.245184	645.150364	-630.905179	302.763443	1125.978948	-1378.168019	594.575992	442.803190	-1073.708369	0.000000	0.000000
-5.600000	13.948244	644.675092	-630.726848	302.763448	1125.497094	-1378.161442	594.575992	442.850601	-1073.577449	0.000000	0.000000
-5.400000	13.659570	644.208432	-630.548862	302.763444	1125.023461	-1378.154465	594.575992	442.898015	-1073.446877	0.000000	0.000000
-5.200000	13.379183	643.750431	-630.371249	302.763447	1124.558081	-1378.147089	594.575992	442.945416	-1073.316664	0.000000	0.000000
-5.000000	13.107088	643.301101	-630.194013	302.763444	1124.100981	-1378.139316	594.575992	442.992799	-1073.186812	0.000000	0.000000
-4.800000	12.845687	642.860481	-630.014794	302.763447	1123.652191	-1378.131149	594.575992	443.042535	-1073.057330	0.000000	0.000000
-4.600000	12.590212	642.428589	-629.838377	302.763450	1123.211736	-1378.122588	594.575992	443.089842	-1072.928218	0.000000	0.000000
-4.400000	12.343061	642.005443	-629.662382	302.763447	1122.779641	-1378.113637	594.575992	443.137099	-1072.799481	0.000000	0.000000
-4.200000	12.104250	641.591085	-629.486835	302.763449	1122.355941	-1378.104297	594.575992	443.184294	-1072.671128	0.000000	0.000000
-4.000000	11.873783	641.185523	-629.311740	302.763445	1121.940656	-1378.094570	594.575992	443.231419	-1072.543159	0.000000	0.000000
-3.800000	11.651675	640.788797	-629.137121	302.763444	1121.533819	-1378.084458	594.575992	443.278460	-1072.415582	0.000000	0.000000
-3.600000	11.437935	640.400929	-628.962994	302.763448	1121.135453	-1378.073963	594.575992	443.325407	-1072.288401	0.000000	0.000000
-3.400000	11.232570	640.021936	-628.789366	302.763444	1120.745588	-1378.063088	594.575992	443.372252	-1072.161618	0.000000	0.000000
-3.200000	11.035594	639.651855	-628.616261	302.763446	1120.364251	-1378.051833	594.575992	443.418981	-1072.035242	0.000000	0.000000
-3.000000	10.847014	639.290706	-628.443692	302.763447	1119.991469	-1378.040202	594.575992	443.465584	-1071.909276	0.000000	0.000000
-2.800000	10.666839	638.938507	-628.271668	302.763442	1119.627269	-1378.028196	594.575992	443.512053	-1071.783721	0.000000	0.000000
-2.600000	10.495080	638.595297	-628.100217	302.763445	1119.271678	-1378.015818	594.575992	443.558371	-1071.658588	0.000000	0.000000
-2.400000	10.331749	638.261098	-627.929349	302.763449	1118.924726	-1378.003069	594.575992	443.604530	-1071.533880	0.000000	0.000000
-2.200000	10.176846	637.935916	-627.759070	302.763442	1118.586434	-1377.989951	594.575992	443.650523	-1071.409593	0.000000	0.000000
-2.000000	10.030391	637.619804	-627.589413	302.763446	1118.256835	-1377.976468	594.575992	443.696331	-1071.285744	0.000000	0.000000
-1.800000	9.892387	637.312771	-627.420383	302.763446	1117.935952	-1377.962620	594.575992	443.741947	-1071.162330	0.000000	0.000000
-1.600000	9.762845	637.014844	-627.251999	302.763447	1117.623815	-1377.948410	594.575992	443.787359	-1071.039358	0.000000	0.000000
-1.400000	9.641773	636.726047	-627.084274	302.763447	1117.320449	-1377.933841	594.575992	443.832556	-1070.916831	0.000000	0.000000
-1.200000	9.529180	636.446406	-626.917226	302.763446	1117.025882	-1377.918913	594.575992	443.877527	-1070.794754	0.000000	0.000000
-1.000000	9.425075	636.175947	-626.750872	302.763447	1116.740139	-1377.903630	594.575992	443.922260	-1070.673132	0.000000	0.000000
-0.800000	9.329468	635.914693	-626.585226	302.763448	1116.463248	-1377.887994	594.575992	443.966743	-1070.551968	0.000000	0.000000
-0.600000	9.242365	635.662666	-626.420301	302.763445	1116.195236	-1377.872007	594.575992	444.010966	-1070.431266	0.000000	0.000000
-0.400000	9.163778	635.419898	-626.256120	302.763448	1115.936130	-1377.855671	594.575992	444.054914	-1070.311034	0.000000	0.000000
-0.200000	9.093712	635.186403	-626.092691	302.763446	1115.685954	-1377.838988	594.575992	444.098581	-1070.191272	0.000000	0.000000
0.000000	9.032179	634.962215	-625.930035	302.763447	1115.444736	-1377.821960	594.575992	444.141951	-1070.071987	0.000000	0.000000
0.200000	8.979186	634.747355	-625.768169	302.763450	1115.212504	-1377.804590	594.575992	444.185014	-1069.953182	0.000000	0.000000
0.400000	8.934741	634.541841	-625.607100	302.763448	1114.989281	-1377.786880	594.575992	444.227760	-1069.834860	0.000000	0.000000
0.600000	8.898852	634.345702	-625.446850	302.763447	1114.775097	-1377.768832	594.575992	444.270176	-1069.717026	0.000000	0.000000
0.800000	8.871530	634.158965	-625.287435	302.763448	1114.569974	-1377.750449	594.575992	444.312250	-1069.599685	0.000000	0.000000
1.000000	8.852781	633.981646	-625.128865	302.763445	1114.373941	-1377.731732	594.575992	444.353974	-1069.482839	0.000000	0.000000
1.200000	8.842614	633.813779	-624.971164	302.763447	1114.187024	-1377.712684	594.575992	444.395331	-1069.366496	0.000000	0.000000
1.400000	8.841039	633.655381	-624.814342	302.763448	1114.009248	-1377.693307	594.575992	444.436314	-1069.250656	0.000000	0.000000
1.600000	8.848061	633.506471	-624.658410	302.763443	1113.840640	-1377.673603	594.575992	444.476913	-1069.135322	0.000000	0.000000
1.800000	8.863693	633.367087	-624.503394	302.763447	1113.681224	-1377.653575	594.575992	444.517110	-1069.020505	0.000000	0.000000
2.000000	8.887939	633.237239	-624.349300	302.763446	1113.531027	-1377.633225	594.575992	444.556901	-1068.906201	0.000000	0.000000
2.200000	8.920810	633.116959	-624.196148	302.763448	1113.390075	-1377.612556	594.575992	444.596271	-1068.792419	0.000000	0.000000
2.400000	8.962315	633.006262	-624.043947	302.763446	1113.258392	-1377.591568	594.575992	444.635211	-1068.679158	0.000000	0.000000
2.600000	9.012460	632.905178	-623.892718	302.763447	1113.136005	-1377.570265	594.575992	444.673708	-1068.566426	0.000000	0.000000
2.800000	9.071255	632.813727	-623.742471	302.763445	1113.022939	-1377.548649	594.575992	444.711754	-1068.454225	0.000000	0.000000
3.000000	9.138710	632.731936	-623.593226	302.763448	1112.919219	-1377.526723	594.575992	444.749334	-1068.342560	0.000000	0.000000
3.200000	9.214831	632.659824	-623.444993	302.763450	1112.824870	-1377.504488	594.575992	444.786440	-1068.231433	0.000000	0.000000
3.400000	9.299628	632.597406	-623.297779	302.763443	1112.739919	-1377.481947	594.575992	444.823065	-1068.120844	0.000000	0.000000
3.600000	9.393110	632.544725	-623.151616	302.763447	1112.664389	-1377.459102	594.575992	444.859190	-1068.010806	0.000000	0.000000
3.800000	9.495284	632.501787	-623.006503	302.763445	1112.598305	-1377.435955	594.575992	444.894812	-1067.901315	0.000000	0.000000
4.000000	9.606161	632.468619	-622.862458	302.763443	1112.541694	-1377.412509	594.575992	444.929918	-1067.792376	0.000000	0.000000
4.200000	9.725749	632.445248	-622.719499	302.763444	1112.494578	-1377.388767	594.575992	444.964496	-1067.683995	0.000000	0.000000
4.400000	9.854058	632.431694	-622.577636	302.763447	1112.456984	-1377.364729	594.575992	444.998537	-1067.576174	0.000000	0.000000
4.600000	9.991095	632.427977	-622.436882	302.763450	1112.428935	-1377.340399	594.575992	445.032033	-1067.468915	0.000000	0.000000
4.800000	10.136871	632.434118	-622.297247	302.763448	1112.410456	-1377.315779	594.575992	445.064974	-1067.362221	0.000000	0.000000
5.000000	10.291394	632.450137	-622.158744	302.763444	1112.401573	-1377.290871	594.575992	445.097351	-1067.256095	0.000000	0.000000
5.200000	10.454674	632.476066	-622.021391	302.763444	1112.402308	-1377.265678	594.575992	445.129152	-1067.150543	0.000000	0.000000
5.400000	10.626720	632.511921	-621.885201	302.763445	1112.412686	-1377.240201	594.575992	445.160367	-1067.045569	0.000000	0.000000
5.600000	10.807543	632.557726	-621.750183	302.763447	1112.432731	-1377.214443	594.575992	445.190989	-1066.941172	0.000000	0.000000
5.800000	10.997152	632.613497	-621.616345	302.763444	1112.462468	-1377.188407	594.575992	445.221011	-1066.837356	0.000000	0.000000
6.000000	11.195555	632.679264	-621.483709	302.763447	1112.501920	-1377.162094	594.575992	445.250419	-1066.734128	0.000000	0.000000
6.200000	11.402764	632.755038	-621.352274	302.763443	1112.551111	-1377.135508	594.575992	445.279210	-1066.631484	0.000000	0.000000
6.400000	11.618790	632.840853	-621.222064	302.763445	1112.610066	-1377.108649	594.575992	445.307370	-1066.529434	0.000000	0.000000
6.600000	11.843640	632.936723	-621.093083	302.763446	1112.678807	-1377.081521	594.575992	445.334895	-1066.427977	0.000000	0.000000
6.800000	12.077326	633.042669	-620.965343	302.763446	1112.757357	-1377.054126	594.575992	445.361775	-1066.327117	0.000000	0.000000
7.000000	12.319857	633.158712	-620.838855	302.763446	1112.845741	-1377.026466	594.575992	445.388002	-1066.226857	0.000000	0.000000
7.200000	12.571246	633.284877	-620.713631	302.763448	1112.943982	-1376.998544	594.575992	445.413569	-1066.127200	0.000000	0.000000
7.400000	12.831503	633.421175	-620.589672	302.763442	1113.052102	-1376.970361	594.575992	445.438472	-1066.028144	0.000000	0.000000
7.600000	13.100639	633.567647	-620.467008	302.763448	1113.170127	-1376.941919	594.575992	445.462693	-1065.929701	0.000000	0.000000
7.800000	13.378665	633.724293	-620.345628	302.763447	1113.298077	-1376.913222	594.575992	445.486237	-1065.831865	0.000000	0.000000
8.000000	13.665591	633.891144	-620.225553	302.763448	1113.435976	-1376.884272	594.575992	445.509090	-1065.734643	0.000000	0.000000
8.200000	13.961429	634.068211	-620.106782	302.763443	1113.583846	-1376.855070	594.575992	445.531252	-1065.638034	0.000000	0.000000
8.400000	14.266191	634.255530	-619.989339	302.763446	1113.741711	-1376.825619	594.575992	445.552707	-1065.542046	0.000000	0.000000
8.600000	14.579890	634.453106	-619.873215	302.763442	1113.909594	-1376.795922	594.575992	445.573458	-1065.446674	0.000000	0.000000
8.800000	14.902536	634.660974	-619.758439	302.763447	1114.087516	-1376.765980	594.575992	445.593491	-1065.351930	0.000000	0.000000
9.000000	15.234140	634.879140	-619.644999	302.763445	1114.275499	-1376.735795	594.575992	445.612808	-1065.257807	0.000000	0.000000
9.200000	15.574719	635.107637	-619.532919	302.763449	1114.473567	-1376.705371	594.575992	445.631396	-1065.164315	0.000000	0.000000
9.400000	15.924281	635.346471	-619.422190	302.763447	1114.681741	-1376.674709	594.575992	445.649259	-1065.071449	0.000000	0.000000
9.600000	16.282839	635.595668	-619.312829	302.763445	1114.900043	-1376.643811	594.575992	445.666386	-1064.979214	0.000000	0.000000
9.800000	16.650409	635.855255	-619.204846	302.763448	1115.128496	-1376.612680	594.575992	445.682770	-1064.887616	0.000000	0.000000
10.000000	17.027000	636.125235	-619.098235	302.763444	1115.367119	-1376.581318	594.575992	445.698414	-1064.796649	0.000000	0.000000
10.200000	17.412626	636.405643	-618.993017	302.763444	1115.615935	-1376.549728	594.575992	445.713307	-1064.706324	0.000000	0.000000
10.400000	17.807305	636.696494	-618.889189	302.763445	1115.874968	-1376.517910	594.575992	445.727449	-1064.616637	0.000000	0.000000
10.600000	18.211046	636.997806	-618.786760	302.763447	1116.144236	-1376.485868	594.575992	445.740833	-1064.527593	0.000000	0.000000
10.800000	18.623864	637.309597	-618.685733	302.763447	1116.423763	-1376.453604	594.575992	445.753459	-1064.439192	0.000000	0.000000
11.000000	19.045773	637.631883	-618.586111	302.763445	1116.713567	-1376.421121	594.575992	445.765324	-1064.351434	0.000000	0.000000
11.200000	19.476787	637.964688	-618.487900	302.763443	1117.013672	-1376.388419	594.575992	445.776424	-1064.264324	0.000000	0.000000
11.400000	19.916922	638.308034	-618.391112	302.763445	1117.324099	-1376.355501	594.575992	445.786753	-1064.177865	0.000000	0.000000
11.600000	20.366190	638.661934	-618.295744	302.763447	1117.644866	-1376.322371	594.575992	445.796312	-1064.092056	0.000000	0.000000
11.800000	20.824615	639.026412	-618.201797	302.763449	1117.976000	-1376.289028	594.575992	445.805100	-1064.006897	0.000000	0.000000
12.000000	21.292194	639.401467	-618.109273	302.763444	1118.317509	-1376.255478	594.575992	445.813118	-1063.922390	0.000000	0.000000
12.200000	21.798865	639.787148	-617.988283	302.763445	1118.669430	-1376.221719	594.575992	445.850258	-1063.838540	0.000000	0.000000
12.400000	22.284776	640.183449	-617.898674	302.763444	1119.031770	-1376.187757	594.575992	445.856673	-1063.755346	0.000000	0.000000
12.600000	22.779895	640.590399	-617.810504	302.763445	1119.404553	-1376.153592	594.575992	445.862308	-1063.672811	0.000000	0.000000
12.800000	23.284245	641.008016	-617.723771	302.763447	1119.787804	-1376.119226	594.575992	445.867165	-1063.590935	0.000000	0.000000
13.000000	23.797839	641.436310	-617.638471	302.763443	1120.181537	-1376.084662	594.575992	445.871246	-1063.509717	0.000000	0.000000
13.200000	24.320687	641.875307	-617.554620	302.763446	1120.585771	-1376.049902	594.575992	445.874544	-1063.429164	0.000000	0.000000
13.400000	24.852823	642.325033	-617.472211	302.763450	1121.000539	-1376.014947	594.575992	445.877063	-1063.349273	0.000000	0.000000
13.600000	25.394239	642.785470	-617.391231	302.763442	1121.425838	-1375.979802	594.575992	445.878810	-1063.270041	0.000000	0.000000
13.800000	25.944974	643.256680	-617.311707	302.763447	1121.861708	-1375.944466	594.575992	445.879773	-1063.191480	0.000000	0.000000
14.000000	26.505032	643.738653	-617.233621	302.763448	1122.308156	-1375.908942	594.575992	445.879962	-1063.113583	0.000000	0.000000
14.200000	27.074437	644.231409	-617.156973	302.763445	1122.765206	-1375.873234	594.575992	445.879378	-1063.036350	0.000000	0.000000
14.400000	27.653204	644.734976	-617.081772	302.763447	1123.232878	-1375.837341	594.575992	445.878017	-1062.959789	0.000000	0.000000
14.600000	28.241347	645.249355	-617.008008	302.763447	1123.711184	-1375.801268	594.575992	445.875886	-1062.883895	0.000000	0.000000
14.800000	28.838893	645.774573	-616.935680	302.763443	1124.200153	-1375.765015	594.575992	445.872988	-1062.808667	0.000000	0.000000
15.000000	29.445863	646.310662	-616.864798	302.763449	1124.699805	-1375.728584	594.575992	445.869316	-1062.734115	0.000000	0.000000
15.200000	30.062257	646.857600	-616.795343	302.763446	1125.210141	-1375.691979	594.575992	445.864886	-1062.660229	0.000000	0.000000
15.400000	30.688111	647.415432	-616.727321	302.763443	1125.731197	-1375.655200	594.575992	445.859694	-1062.587015	0.000000	0.000000
15.600000	31.323437	647.984173	-616.660735	302.763446	1126.262985	-1375.618250	594.575992	445.853740	-1062.514476	0.000000	0.000000
15.800000	31.968254	648.563826	-616.595572	302.763445	1126.805521	-1375.581132	594.575992	445.847035	-1062.442607	0.000000	0.000000
16.000000	32.622581	649.154413	-616.531832	302.763443	1127.358825	-1375.543847	594.575992	445.839578	-1062.371410	0.000000	0.000000
16.200000	33.286447	649.755966	-616.469518	302.763447	1127.922923	-1375.506396	594.575992	445.831371	-1062.300890	0.000000	0.000000
16.400000	33.959862	650.368479	-616.408618	302.763447	1128.497823	-1375.468782	594.575992	445.822424	-1062.231041	0.000000	0.000000
16.600000	34.642844	650.991973	-616.349128	302.763447	1129.083542	-1375.431008	594.575992	445.812738	-1062.161867	0.000000	0.000000
16.800000	35.335414	651.626462	-616.291048	302.763448	1129.680098	-1375.393075	594.575992	445.802319	-1062.093367	0.000000	0.000000
17.000000	36.037611	652.271977	-616.234366	302.763450	1130.287520	-1375.354985	594.575992	445.791171	-1062.025536	0.000000	0.000000
17.200000	36.749474	652.928492	-616.179018	302.763442	1130.905798	-1375.316740	594.575992	445.779305	-1061.958323	0.000000	0.000000
17.400000	37.471065	653.596075	-616.125009	302.763444	1131.534981	-1375.278343	594.575992	445.766716	-1061.891725	0.000000	0.000000
17.600000	38.202397	654.274719	-616.072322	302.763446	1132.175075	-1375.239793	594.575992	445.753415	-1061.825737	0.000000	0.000000
17.800000	38.943487	654.964434	-616.020947	302.763446	1132.826092	-1375.201096	594.575992	445.739409	-1061.760356	0.000000	0.000000
18.000000	39.694346	655.665227	-615.970881	302.763448	1133.488039	-1375.162251	594.575992	445.724704	-1061.695584	0.000000	0.000000
18.200000	40.455032	656.377140	-615.922108	302.763447	1134.160963	-1375.123261	594.575992	445.709306	-1061.631414	0.000000	0.000000
18.400000	41.225529	657.100160	-615.874630	302.763449	1134.844847	-1375.084128	594.575992	445.693220	-1061.567850	0.000000	0.000000
18.600000	42.005884	657.834310	-615.828427	302.763446	1135.539727	-1375.044854	594.575992	445.676458	-1061.504884	0.000000	0.000000
18.800000	42.796115	658.579613	-615.783499	302.763446	1136.245617	-1375.005441	594.575992	445.659022	-1061.442520	0.000000	0.000000
19.000000	43.596238	659.336067	-615.739829	302.763441	1136.962525	-1374.965890	594.575992	445.640923	-1061.380752	0.000000	0.000000
19.200000	44.406288	660.103710	-615.697423	302.763445	1137.690478	-1374.926204	594.575992	445.622161	-1061.319584	0.000000	0.000000
19.400000	45.226283	660.882537	-615.656254	302.763445	1138.429486	-1374.886385	594.575992	445.602753	-1061.259008	0.000000	0.000000
19.600000	46.056246	661.672567	-615.616321	302.763444	1139.179564	-1374.846433	594.575992	445.582703	-1061.199024	0.000000	0.000000
19.800000	46.896206	662.473822	-615.577616	302.763449	1139.940733	-1374.806352	594.575992	445.562016	-1061.139633	0.000000	0.000000
20.000000	47.746172	663.286285	-615.540113	302.763443	1140.712993	-1374.766143	594.575992	445.540710	-1061.080824	0.000000	0.000000
20.200000	48.606181	664.110004	-615.503823	302.763447	1141.496375	-1374.725808	594.575992	445.518783	-1061.022606	0.000000	0.000000
20.400000	49.476260	664.944982	-615.468722	302.763448	1142.290891	-1374.685349	594.575992	445.496248	-1060.964970	0.000000	0.000000
20.600000	50.356422	665.791218	-615.434796	302.763445	1143.096550	-1374.644768	594.575992	445.473116	-1060.907912	0.000000	0.000000
20.800000	51.246707	666.648752	-615.402045	302.763447	1143.913380	-1374.604066	594.575992	445.449392	-1060.851437	0.000000	0.000000
21.000000	52.147128	667.517579	-615.370451	302.763449	1144.741384	-1374.563246	594.575992	445.425086	-1060.795537	0.000000	0.000000
21.200000	53.057709	668.397711	-615.340002	302.763450	1145.580577	-1374.522309	594.575992	445.400210	-1060.740211	0.000000	0.000000
21.400000	53.978466	669.289143	-615.310677	302.763443	1146.430965	-1374.481257	594.575992	445.374776	-1060.685452	0.000000	0.000000
21.600000	54.909452	670.191933	-615.282481	302.763444	1147.292588	-1374.440092	594.575992	445.348785	-1060.631266	0.000000	0.000000
21.800000	55.850667	671.106065	-615.255397	302.763448	1148.165441	-1374.398815	594.575992	445.322251	-1060.577648	0.000000	0.000000
22.000000	56.802130	672.031530	-615.229401	302.763443	1149.049526	-1374.357430	594.575992	445.295188	-1060.524589	0.000000	0.000000
22.200000	57.763910	672.968407	-615.204497	302.763447	1149.944903	-1374.315935	594.575992	445.267598	-1060.472094	0.000000	0.000000
22.400000	58.735983	673.916641	-615.180657	302.763446	1150.851539	-1374.274336	594.575992	445.239498	-1060.420156	0.000000	0.000000
22.600000	59.718404	674.876281	-615.157877	302.763447	1151.769474	-1374.232631	594.575992	445.210896	-1060.368773	0.000000	0.000000
22.800000	60.711162	675.847298	-615.136136	302.763444	1152.698688	-1374.190826	594.575992	445.181804	-1060.317940	0.000000	0.000000
23.000000	61.714326	676.829761	-615.115435	302.763450	1153.639238	-1374.148918	594.575992	445.152227	-1060.267662	0.000000	0.000000
23.200000	62.727917	677.823656	-615.095739	302.763445	1154.591131	-1374.106912	594.575992	445.122184	-1060.217923	0.000000	0.000000
23.400000	63.751909	678.828958	-615.077049	302.763443	1155.554332	-1374.064809	594.575992	445.091681	-1060.168730	0.000000	0.000000
23.600000	64.786380	679.845734	-615.059354	302.763448	1156.528905	-1374.022610	594.575992	445.060726	-1060.120080	0.000000	0.000000
23.800000	65.831331	680.873956	-615.042625	302.763444	1157.514839	-1373.980318	594.575992	445.029338	-1060.071963	0.000000	0.000000
24.000000	66.886819	681.913681	-615.026862	302.763445	1158.512177	-1373.937933	594.575992	444.997520	-1060.024382	0.000000	0.000000
24.200000	67.952829	682.964872	-615.012044	302.763445	1159.520894	-1373.895458	594.575992	444.965287	-1059.977330	0.000000	0.000000
24.400000	69.029400	684.027557	-614.998156	302.763444	1160.541016	-1373.852895	594.575992	444.932650	-1059.930806	0.000000	0.000000
24.600000	70.116548	685.101737	-614.985189	302.763446	1161.572544	-1373.810245	594.575992	444.899619	-1059.884808	0.000000	0.000000
24.800000	71.214310	686.187430	-614.973121	302.763445	1162.615504	-1373.767510	594.575992	444.866207	-1059.839328	0.000000	0.000000
25.000000	72.322736	687.284677	-614.961941	302.763446	1163.669930	-1373.724690	594.575992	444.832424	-1059.794365	0.000000	0.000000
25.200000	73.441808	688.393443	-614.951635	302.763446	1164.735795	-1373.681789	594.575992	444.798282	-1059.749916	0.000000	0.000000
25.400000	74.571572	689.513760	-614.942188	302.763448	1165.813128	-1373.638808	594.575992	444.763791	-1059.705979	0.000000	0.000000
25.600000	75.712046	690.645625	-614.933579	302.763446	1166.901936	-1373.595748	594.575992	444.728966	-1059.662545	0.000000	0.000000
25.800000	76.863275	691.789053	-614.925778	302.763447	1168.002227	-1373.552612	594.575992	444.693815	-1059.619593	0.000000	0.000000
26.000000	78.025295	692.944050	-614.918755	302.763446	1169.114012	-1373.509400	594.575992	444.658351	-1059.577106	0.000000	0.000000
26.200000	79.198162	694.110636	-614.912474	302.763448	1170.237312	-1373.466115	594.575992	444.622585	-1059.535059	0.000000	0.000000
26.400000	80.381909	695.288822	-614.906914	302.763448	1171.372139	-1373.422757	594.575992	444.586530	-1059.493443	0.000000	0.000000
26.600000	81.576524	696.478579	-614.902055	302.763445	1172.518472	-1373.379330	594.575992	444.550197	-1059.452252	0.000000	0.000000
26.800000	82.782108	697.680001	-614.897893	302.763449	1173.676392	-1373.335832	594.575992	444.513594	-1059.411487	0.000000	0.000000
27.000000	83.998612	698.893010	-614.894398	302.763447	1174.845839	-1373.292268	594.575992	444.476738	-1059.371136	0.000000	0.000000
27.200000	85.226082	700.117639	-614.891556	302.763442	1176.026844	-1373.248639	594.575992	444.439640	-1059.331196	0.000000	0.000000
27.400000	86.464575	701.353940	-614.889365	302.763447	1177.219446	-1373.204944	594.575992	444.402305	-1059.291670	0.000000	0.000000
27.600000	87.714071	702.601864	-614.887793	302.763447	1178.423613	-1373.161188	594.575992	444.364752	-1059.252545	0.000000	0.000000
27.800000	88.974619	703.861445	-614.886827	302.763445	1179.639380	-1373.117371	594.575992	444.326990	-1059.213817	0.000000	0.000000
28.000000	90.246240	705.132696	-614.886455	302.763447	1180.866751	-1373.073494	594.575992	444.289030	-1059.175485	0.000000	0.000000
28.200000	91.528958	706.415616	-614.886658	302.763448	1182.105737	-1373.029560	594.575992	444.250883	-1059.137542	0.000000	0.000000
28.400000	92.822784	707.710202	-614.887418	302.763447	1183.356333	-1372.985570	594.575992	444.212563	-1059.099981	0.000000	0.000000
28.600000	94.127773	709.016494	-614.888721	302.763448	1184.618579	-1372.941524	594.575992	444.174078	-1059.062800	0.000000	0.000000
28.800000	95.443918	710.334465	-614.890547	302.763444	1185.892455	-1372.897426	594.575992	444.135443	-1059.025990	0.000000	0.000000
29.000000	96.771237	711.664124	-614.892887	302.763446	1187.177963	-1372.853277	594.575992	444.096666	-1058.989554	0.000000	0.000000
29.200000	98.109807	713.005527	-614.895720	302.763447	1188.475165	-1372.809076	594.575992	444.057760	-1058.953480	0.000000	0.000000
29.400000	99.459597	714.358625	-614.899028	302.763446	1189.784015	-1372.764828	594.575992	444.018735	-1058.917764	0.000000	0.000000
29.600000	100.820643	715.723443	-614.902799	302.763448	1191.104536	-1372.720533	594.575992	443.979604	-1058.882403	0.000000	0.000000
29.800000	102.192984	717.099996	-614.907012	302.763447	1192.436749	-1372.676192	594.575992	443.940377	-1058.847389	0.000000	0.000000
30.000000	103.576650	718.488305	-614.911654	302.763446	1193.780672	-1372.631806	594.575992	443.901064	-1058.812718	0.000000	0.000000
30.200000	104.971609	719.888317	-614.916708	302.763445	1195.136258	-1372.587379	594.575992	443.861679	-1058.778387	0.000000	0.000000
30.400000	106.377973	721.300132	-614.922158	302.763445	1196.503604	-1372.542909	594.575992	443.822228	-1058.744387	0.000000	0.000000
30.600000	107.795665	722.723654	-614.927989	302.763445	1197.882619	-1372.498401	594.575992	443.782727	-1058.710716	0.000000	0.000000
30.800000	109.224825	724.159010	-614.934185	302.763446	1199.273424	-1372.453853	594.575992	443.743182	-1058.677367	0.000000	0.000000
31.000000	110.665391	725.606121	-614.940729	302.763449	1200.675949	-1372.409268	594.575992	443.703606	-1058.644335	0.000000	0.000000
31.200000	112.117347	727.064952	-614.947605	302.763450	1202.090160	-1372.364650	594.575992	443.664011	-1058.611616	0.000000	0.000000
31.400000	113.580804	728.535597	-614.954793	302.763446	1203.516156	-1372.319997	594.575992	443.624406	-1058.579200	0.000000	0.000000
31.600000	115.055746	730.018030	-614.962284	302.763445	1204.953905	-1372.275312	594.575992	443.584801	-1058.547085	0.000000	0.000000
31.800000	116.542174	731.512236	-614.970063	302.763448	1206.403393	-1372.230596	594.575992	443.545207	-1058.515269	0.000000	0.000000
32.000000	118.040162	733.018268	-614.978106	302.763445	1207.864682	-1372.185850	594.575992	443.505633	-1058.483739	0.000000	0.000000
32.200000	119.549674	734.536082	-614.986408	302.763448	1209.337719	-1372.141077	594.575992	443.466089	-1058.452497	0.000000	0.000000
32.400000	121.070778	736.065723	-614.994944	302.763445	1210.822562	-1372.096276	594.575992	443.426587	-1058.421531	0.000000	0.000000
32.600000	122.603453	737.607158	-615.003704	302.763444	1212.319173	-1372.051451	594.575992	443.387135	-1058.390839	0.000000	0.000000
32.800000	124.147770	739.160447	-615.012677	302.763449	1213.827606	-1372.006600	594.575992	443.347742	-1058.360418	0.000000	0.000000
33.000000	125.703715	740.725549	-615.021835	302.763444	1215.347841	-1371.961728	594.575992	443.308419	-1058.330254	0.000000	0.000000
33.200000	127.271284	742.302460	-615.031176	302.763448	1216.879856	-1371.916835	594.575992	443.269176	-1058.300352	0.000000	0.000000
33.400000	128.850538	743.891214	-615.040676	302.763447	1218.423698	-1371.871922	594.575992	443.230022	-1058.270698	0.000000	0.000000
33.600000	130.441488	745.491811	-615.050323	302.763445	1219.979366	-1371.826991	594.575992	443.190965	-1058.241289	0.000000	0.000000
33.800000	132.044158	747.104265	-615.060107	302.763448	1221.546867	-1371.782042	594.575992	443.152015	-1058.212122	0.000000	0.000000
34.000000	133.658528	748.728535	-615.070007	302.763449	1223.126173	-1371.737079	594.575992	443.113181	-1058.183188	0.000000	0.000000
34.200000	135.284631	750.364639	-615.080008	302.763445	1224.717303	-1371.692101	594.575992	443.074474	-1058.154482	0.000000	0.000000
34.400000	136.922555	752.012655	-615.090101	302.763445	1226.320328	-1371.647109	594.575992	443.035898	-1058.125998	0.000000	0.000000
34.600000	138.572245	753.672512	-615.100267	302.763444	1227.935183	-1371.602107	594.575992	442.997465	-1058.097731	0.000000	0.000000
34.800000	140.233742	755.344239	-615.110497	302.763449	1229.561892	-1371.557094	594.575992	442.959182	-1058.069679	0.000000	0.000000
35.000000	141.907033	757.027803	-615.120770	302.763446	1231.200437	-1371.512072	594.575992	442.921059	-1058.041829	0.000000	0.000000
35.200000	143.592158	758.723232	-615.131074	302.763443	1232.850841	-1371.467043	594.575992	442.883104	-1058.014178	0.000000	0.000000
35.400000	145.289138	760.430539	-615.141401	302.763446	1234.513109	-1371.422009	594.575992	442.845324	-1057.986725	0.000000	0.000000
35.600000	146.997981	762.149710	-615.151729	302.763444	1236.187243	-1371.376969	594.575992	442.807728	-1057.959457	0.000000	0.000000
35.800000	148.718744	763.880795	-615.162051	302.763446	1237.873282	-1371.331925	594.575992	442.770322	-1057.932373	0.000000	0.000000
36.000000	150.451356	765.623705	-615.172349	302.763447	1239.571147	-1371.286880	594.575992	442.733117	-1057.905466	0.000000	0.000000
36.200000	152.195968	767.378579	-615.182611	302.763445	1241.280975	-1371.241832	594.575992	442.696116	-1057.878727	0.000000	0.000000
36.400000	153.952485	769.145310	-615.192825	302.763447	1243.002656	-1371.196785	594.575992	442.659331	-1057.852156	0.000000	0.000000
36.600000	155.720934	770.923909	-615.202975	302.763445	1244.736213	-1371.151741	594.575992	442.622766	-1057.825742	0.000000	0.000000
36.800000	157.501361	772.714413	-615.213052	302.763447	1246.481673	-1371.106699	594.575992	442.586431	-1057.799482	0.000000	0.000000
37.000000	159.293733	774.516771	-615.223038	302.763445	1248.238997	-1371.061662	594.575992	442.550331	-1057.773369	0.000000	0.000000
37.200000	161.098157	776.331083	-615.232925	302.763447	1250.008273	-1371.016629	594.575992	442.514473	-1057.747399	0.000000	0.000000
37.400000	162.914534	778.157231	-615.242697	302.763445	1251.789399	-1370.971605	594.575992	442.478866	-1057.721563	0.000000	0.000000
37.600000	164.742975	779.995320	-615.252345	302.763448	1253.582468	-1370.926588	594.575992	442.443513	-1057.695858	0.000000	0.000000
37.800000	166.583440	781.845292	-615.261853	302.763447	1255.387433	-1370.881580	594.575992	442.408423	-1057.670276	0.000000	0.000000
38.000000	168.435993	783.707203	-615.271209	302.763446	1257.204348	-1370.836582	594.575992	442.373601	-1057.644811	0.000000	0.000000
38.200000	170.300563	785.580966	-615.280404	302.763446	1259.033126	-1370.791598	594.575992	442.339055	-1057.619459	0.000000	0.000000
38.400000	172.177153	787.466576	-615.289423	302.763446	1260.873766	-1370.746627	594.575992	442.304791	-1057.594214	0.000000	0.000000
38.600000	174.065895	789.364150	-615.298256	302.763447	1262.726381	-1370.701670	594.575992	442.270814	-1057.569069	0.000000	0.000000
38.800000	175.966784	791.273673	-615.306889	302.763446	1264.590963	-1370.656728	594.575992	442.237128	-1057.544017	0.000000	0.000000
39.000000	177.879777	793.195091	-615.315314	302.763449	1266.467452	-1370.611802	594.575992	442.203741	-1057.519055	0.000000	0.000000
39.200000	179.804784	795.128298	-615.323514	302.763443	1268.355760	-1370.566898	594.575992	442.170659	-1057.494173	0.000000	0.000000
39.400000	181.742045	797.073530	-615.331485	302.763449	1270.256099	-1370.522010	594.575992	442.137887	-1057.469372	0.000000	0.000000
39.600000	183.691447	799.030656	-615.339208	302.763445	1272.168361	-1370.477143	594.575992	442.105428	-1057.444636	0.000000	0.000000
39.800000	185.652967	800.999645	-615.346678	302.763447	1274.092505	-1370.432298	594.575992	442.073290	-1057.419969	0.000000	0.000000
40.000000	187.626693	802.980574	-615.353881	302.763445	1276.028614	-1370.387477	594.575992	442.041477	-1057.395358	0.000000	0.000000
40.200000	189.612608	804.973416	-615.360808	302.763449	1277.976655	-1370.342679	594.575992	442.009995	-1057.370803	0.000000	0.000000
40.400000	191.610695	806.978141	-615.367446	302.763447	1279.936610	-1370.297907	594.575992	441.978846	-1057.346292	0.000000	0.000000
40.600000	193.620974	808.994759	-615.373784	302.763444	1281.908485	-1370.253163	594.575992	441.948038	-1057.321822	0.000000	0.000000
40.800000	195.643445	811.023260	-615.379815	302.763446	1283.892269	-1370.208446	594.575992	441.917574	-1057.297389	0.000000	0.000000
41.000000	197.678165	813.063692	-615.385527	302.763445	1285.888013	-1370.163759	594.575992	441.887458	-1057.272985	0.000000	0.000000
41.200000	199.725194	815.116103	-615.390909	302.763446	1287.895765	-1370.119100	594.575992	441.857694	-1057.248603	0.000000	0.000000
41.400000	201.784293	817.180244	-615.395950	302.763444	1289.915284	-1370.074476	594.575992	441.828289	-1057.224239	0.000000	0.000000
41.600000	203.855815	819.256459	-615.400644	302.763447	1291.946902	-1370.029882	594.575992	441.799243	-1057.199887	0.000000	0.000000
41.800000	205.939536	821.344513	-615.404977	302.763446	1293.990397	-1369.985322	594.575992	441.770562	-1057.175539	0.000000	0.000000
42.000000	208.065412	823.444475	-615.379063	302.763445	1296.045836	-1369.940798	594.575992	441.772128	-1057.151191	0.000000	0.000000
42.200000	210.173542	825.556311	-615.382770	302.763446	1298.113183	-1369.896310	594.575992	441.744068	-1057.126838	0.000000	0.000000
42.400000	212.293920	827.680007	-615.386087	302.763446	1300.192430	-1369.851861	594.575992	441.716385	-1057.102472	0.000000	0.000000
42.600000	214.426628	829.815635	-615.389007	302.763449	1302.283644	-1369.807449	594.575992	441.689082	-1057.078089	0.000000	0.000000
42.800000	216.541659	831.963122	-615.421463	302.763446	1304.386763	-1369.763078	594.575992	441.632218	-1057.053680	0.000000	0.000000
43.000000	218.698943	834.122568	-615.423625	302.763445	1306.501879	-1369.718747	594.575992	441.605617	-1057.029242	0.000000	0.000000
43.200000	220.868460	836.293822	-615.425362	302.763444	1308.628846	-1369.674460	594.575992	441.579407	-1057.004768	0.000000	0.000000
43.400000	223.050291	838.476957	-615.426665	302.763447	1310.767734	-1369.630216	594.575992	441.553590	-1056.980255	0.000000	0.000000
43.600000	225.244497	840.672023	-615.427525	302.763444	1312.918602	-1369.586015	594.575992	441.528166	-1056.955692	0.000000	0.000000
43.800000	227.450995	842.878929	-615.427934	302.763445	1315.081354	-1369.541861	594.575992	441.503143	-1056.931077	0.000000	0.000000
44.000000	229.669895	845.097777	-615.427882	302.763442	1317.256096	-1369.497753	594.575992	441.478519	-1056.906401	0.000000	0.000000
44.200000	231.901067	847.328429	-615.427363	302.763444	1319.442688	-1369.453694	594.575992	441.454300	-1056.881663	0.000000	0.000000
44.400000	234.144536	849.570901	-615.426365	302.763444	1321.641151	-1369.409686	594.575992	441.430488	-1056.856853	0.000000	0.000000
44.600000	236.400433	851.825316	-615.424883	302.763448	1323.851603	-1369.365726	594.575992	441.407085	-1056.831968	0.000000	0.000000
44.800000	238.668706	854.091613	-615.422907	302.763444	1326.073994	-1369.321817	594.575992	441.384092	-1056.806998	0.000000	0.000000
45.000000	240.949364	856.369793	-615.420428	302.763443	1328.308318	-1369.277961	594.575992	441.361512	-1056.781941	0.000000	0.000000
45.200000	243.242247	858.659688	-615.417441	302.763445	1330.554412	-1369.234161	594.575992	441.339351	-1056.756792	0.000000	0.000000
45.400000	245.547647	860.961583	-615.413936	302.763449	1332.812556	-1369.190413	594.575992	441.317607	-1056.731543	0.000000	0.000000
45.600000	247.865301	863.275205	-615.409905	302.763447	1335.082491	-1369.146724	594.575992	441.296283	-1056.706188	0.000000	0.000000
45.800000	250.195400	865.600740	-615.405340	302.763443	1337.364396	-1369.103091	594.575992	441.275380	-1056.680720	0.000000	0.000000
46.000000	252.537893	867.938128	-615.400235	302.763445	1339.658207	-1369.059516	594.575992	441.254903	-1056.655138	0.000000	0.000000
46.200000	254.892708	870.287288	-615.394580	302.763445	1341.963852	-1369.016001	594.575992	441.234853	-1056.629433	0.000000	0.000000
46.400000	257.262291	872.648280	-615.385990	302.763447	1344.281389	-1368.972548	594.575992	441.217611	-1056.603601	0.000000	0.000000
46.600000	259.641883	875.021110	-615.379227	302.763449	1346.610826	-1368.929155	594.575992	441.198408	-1056.577635	0.000000	0.000000
46.800000	262.006273	877.405757	-615.399484	302.763447	1348.952144	-1368.885826	594.575992	441.152044	-1056.551528	0.000000	0.000000
47.000000	264.410585	879.802238	-615.391653	302.763449	1351.305359	-1368.842561	594.575992	441.133624	-1056.525278	0.000000	0.000000
47.200000	266.827320	882.210558	-615.383237	302.763446	1353.670480	-1368.799360	594.575992	441.115637	-1056.498874	0.000000	0.000000
47.400000	269.256368	884.630598	-615.374230	302.763448	1356.047386	-1368.756228	594.575992	441.098087	-1056.472317	0.000000	0.000000
47.600000	271.697854	887.062477	-615.364623	302.763443	1358.436204	-1368.713162	594.575992	441.080973	-1056.445596	0.000000	0.000000
47.800000	274.151715	889.506125	-615.354411	302.763443	1360.836855	-1368.670165	594.575992	441.064298	-1056.418709	0.000000	0.000000
48.000000	276.618019	891.961604	-615.343585	302.763445	1363.249404	-1368.627237	594.575992	441.048064	-1056.391649	0.000000	0.000000
48.200000	279.096671	894.428811	-615.332140	302.763447	1365.673754	-1368.584381	594.575992	441.032271	-1056.364411	0.000000	0.000000
48.400000	281.587747	896.907815	-615.320068	302.763445	1368.109975	-1368.541597	594.575992	441.016919	-1056.336987	0.000000	0.000000
48.600000	284.091232	899.398595	-615.307363	302.763444	1370.558046	-1368.498886	594.575992	441.002011	-1056.309374	0.000000	0.000000
48.800000	286.607070	901.901088	-615.294018	302.763443	1373.017903	-1368.456249	594.575992	440.987549	-1056.281567	0.000000	0.000000
49.000000	289.135407	904.415434	-615.280027	302.763445	1375.489685	-1368.413687	594.575992	440.973533	-1056.253559	0.000000	0.000000
49.200000	291.676063	906.941446	-615.265383	302.763448	1377.973208	-1368.371203	594.575992	440.959964	-1056.225347	0.000000	0.000000
49.400000	294.259059	909.479259	-615.220200	302.763448	1380.468615	-1368.328795	594.575992	440.976721	-1056.196921	0.000000	0.000000
49.600000	296.824390	912.028686	-615.204295	302.763444	1382.975718	-1368.286468	594.575992	440.963987	-1056.168282	0.000000	0.000000
49.800000	299.432074	914.589928	-615.157854	302.763446	1385.494710	-1368.244219	594.575992	440.981594	-1056.139448	0.000000	0.000000
50.000000	302.022196	917.162913	-615.140717	302.763444	1388.025529	-1368.202051	594.575992	440.969699	-1056.110416	0.000000	0.000000
50.200000	304.624599	919.747527	-615.122928	302.763447	1390.568055	-1368.159967	594.575992	440.958258	-1056.081186	0.000000	0.000000
50.400000	307.239472	922.343951	-615.104479	302.763446	1393.122477	-1368.117964	594.575992	440.947267	-1056.051747	0.000000	0.000000
50.600000	309.896475	924.951948	-615.055473	302.763446	1395.688559	-1368.076047	594.575992	440.966625	-1056.022099	0.000000	0.000000
50.800000	312.535968	927.571783	-615.035815	302.763446	1398.266560	-1368.034214	594.575992	440.956439	-1055.992254	0.000000	0.000000
51.000000	315.187640	930.203155	-615.015514	302.763448	1400.856184	-1367.992470	594.575992	440.946709	-1055.962223	0.000000	0.000000
51.200000	317.851712	932.846274	-614.994562	302.763445	1403.457650	-1367.950812	594.575992	440.937434	-1055.931996	0.000000	0.000000
51.400000	320.528076	935.501032	-614.972956	302.763445	1406.070838	-1367.909243	594.575992	440.928617	-1055.901573	0.000000	0.000000
51.600000	323.216792	938.167480	-614.950689	302.763447	1408.695806	-1367.867764	594.575992	440.920259	-1055.870948	0.000000	0.000000
51.800000	325.917749	940.845506	-614.927756	302.763448	1411.332444	-1367.826377	594.575992	440.912360	-1055.840117	0.000000	0.000000
52.000000	328.630978	943.535131	-614.904154	302.763448	1413.980774	-1367.785083	594.575992	440.904921	-1055.809075	0.000000	0.000000
52.200000	331.386573	946.236541	-614.849968	302.763444	1416.640984	-1367.743880	594.575992	440.927847	-1055.777815	0.000000	0.000000
52.400000	334.124338	948.949453	-614.825115	302.763444	1419.312790	-1367.702773	594.575992	440.921224	-1055.746339	0.000000	0.000000
52.600000	336.874432	951.674008	-614.799576	302.763448	1421.996328	-1367.661761	594.575992	440.915064	-1055.714640	0.000000	0.000000
52.800000	339.636783	954.410129	-614.773345	302.763446	1424.691537	-1367.620846	594.575992	440.909366	-1055.682711	0.000000	0.000000
53.000000	342.411483	957.157900	-614.746417	302.763446	1427.398491	-1367.580028	594.575992	440.904133	-1055.650550	0.000000	0.000000
53.200000	345.198427	959.917219	-614.718792	302.763448	1430.117090	-1367.539310	594.575992	440.899366	-1055.618159	0.000000	0.000000
53.400000	347.997484	962.688123	-614.690639	302.763446	1432.847376	-1367.498691	594.575992	440.895065	-1055.585704	0.000000	0.000000
53.600000	350.808519	965.470564	-614.662045	302.763445	1435.589302	-1367.458174	594.575992	440.891232	-1055.553277	0.000000	0.000000
53.800000	353.631522	968.264532	-614.633010	302.763441	1438.342859	-1367.417760	594.575992	440.887866	-1055.520875	0.000000	0.000000
54.000000	356.466641	971.070168	-614.603526	302.763446	1441.108177	-1367.377447	594.575992	440.884973	-1055.488499	0.000000	0.000000
54.200000	359.313611	973.887207	-614.573597	302.763448	1443.885009	-1367.337241	594.575992	440.882549	-1055.456146	0.000000	0.000000
54.400000	362.172587	976.715803	-614.543216	302.763446	1446.673506	-1367.297140	594.575992	440.880596	-1055.423812	0.000000	0.000000
54.600000	365.043535	979.555917	-614.512382	302.763449	1449.473621	-1367.257145	594.575992	440.879117	-1055.391499	0.000000	0.000000
54.800000	367.926331	982.407425	-614.481094	302.763445	1452.285248	-1367.217260	594.575992	440.878110	-1055.359204	0.000000	0.000000
55.000000	370.821170	985.270515	-614.449345	302.763447	1455.108559	-1367.177482	594.575992	440.877580	-1055.326925	0.000000	0.000000
55.200000	373.727991	988.145126	-614.417135	302.763445	1457.943503	-1367.137814	594.575992	440.877526	-1055.294661	0.000000	0.000000
55.400000	376.646659	991.031121	-614.384462	302.763445	1460.789943	-1367.098258	594.575992	440.877950	-1055.262412	0.000000	0.000000
55.600000	379.577328	993.928649	-614.351321	302.763445	1463.648026	-1367.058814	594.575992	440.878853	-1055.230174	0.000000	0.000000
55.800000	382.519834	996.837546	-614.317712	302.763444	1466.517594	-1367.019484	594.575992	440.880236	-1055.197948	0.000000	0.000000
56.000000	385.474306	999.757935	-614.283629	302.763446	1469.398766	-1366.980268	594.575992	440.882103	-1055.165732	0.000000	0.000000
56.200000	388.440488	1002.689562	-614.249073	302.763445	1472.291295	-1366.941170	594.575992	440.884452	-1055.133525	0.000000	0.000000
56.400000	391.418704	1005.632743	-614.214039	302.763443	1475.195495	-1366.902187	594.575992	440.887285	-1055.101323	0.000000	0.000000
56.600000	394.408733	1008.587255	-614.178523	302.763445	1478.111142	-1366.863323	594.575992	440.890607	-1055.069129	0.000000	0.000000
56.800000	397.410714	1011.553236	-614.142522	302.763445	1481.038376	-1366.824577	594.575992	440.894416	-1055.036939	0.000000	0.000000
57.000000	400.424392	1014.530429	-614.106037	302.763445	1483.976945	-1366.785953	594.575992	440.898715	-1055.004752	0.000000	0.000000
57.200000	403.450091	1017.519150	-614.069059	302.763448	1486.927159	-1366.747448	594.575992	440.903509	-1054.972568	0.000000	0.000000
57.400000	406.487553	1020.519143	-614.031590	302.763445	1489.888773	-1366.709067	594.575992	440.908793	-1054.940383	0.000000	0.000000
57.600000	409.536787	1023.530412	-613.993624	302.763447	1492.861784	-1366.670810	594.575992	440.914575	-1054.908200	0.000000	0.000000
57.800000	412.597893	1026.553051	-613.955158	302.763449	1495.846288	-1366.632678	594.575992	440.920856	-1054.876014	0.000000	0.000000
58.000000	415.670801	1029.586992	-613.916191	302.763445	1498.842226	-1366.594671	594.575992	440.927634	-1054.843824	0.000000	0.000000
58.200000	418.755443	1032.632160	-613.876716	302.763446	1501.849515	-1366.556793	594.575992	440.934916	-1054.811633	0.000000	0.000000
58.400000	421.851832	1035.688571	-613.836739	302.763446	1504.868176	-1366.519043	594.575992	440.942704	-1054.779443	0.000000	0.000000
58.600000	424.960026	1038.756409	-613.796382	302.763447	1507.898390	-1366.481420	594.575992	440.950998	-1054.747381	0.000000	0.000000
58.800000	428.079650	1041.835349	-613.755699	302.763446	1510.939841	-1366.443930	594.575992	440.959802	-1054.715500	0.000000	0.000000
59.000000	431.210962	1044.925643	-613.714681	302.763447	1513.992774	-1366.406570	594.575992	440.969119	-1054.683800	0.000000	0.000000
59.200000	434.353714	1048.027045	-613.673331	302.763445	1517.056952	-1366.369344	594.575992	440.978949	-1054.652280	0.000000	0.000000
59.400000	437.507944	1051.139586	-613.631642	302.763446	1520.132401	-1366.332253	594.575992	440.989299	-1054.620942	0.000000	0.000000
59.600000	440.673810	1054.263422	-613.589612	302.763445	1523.219281	-1366.295296	594.575992	441.000169	-1054.589781	0.000000	0.000000
59.800000	443.851166	1057.398402	-613.547237	302.763445	1526.317440	-1366.258475	594.575992	441.011563	-1054.558800	0.000000	0.000000
60.000000	447.039946	1060.544460	-613.504514	302.763445	1529.426816	-1366.221793	594.575992	441.023484	-1054.527999	0.000000	0.000000
