step,T,sn_vel[0],sn_vel[1],sn_vel[2],sn_crd[0],sn_crd[1],sn_crd[2],target_crd[0],target_crd[1],target_crd[2]
0,150.076,0,0,0,0,0,0.5,-0.000532808,0.0604242,0.001142
10,16544.7,0,0,0,0,0,0.5,-0.000530626,0.0610295,0.00114403
20,12589.9,0,0,0,0,0,0.5,-0.000476488,0.0648911,0.000983036
30,6929.57,0,0,0,0,0,0.5,-0.000461094,0.0717655,-0.000144756
40,9636.58,0,0,0,0,0,0.5,-0.00120877,0.0740338,-0.00326204
50,6634.51,0,0,0,0,0,0.5,-0.00238951,0.0686508,-0.00827309
60,4687.57,0,0,0,0,0,0.5,-0.00199912,0.063886,-0.0133285
70,4268.06,0,0,0,0,0,0.5,-0.000415671,0.0648036,-0.0147392
80,2645.34,0,0,0,0,0,0.5,0.000392673,0.0667863,-0.0120011
90,2570.91,0,0,0,0,0,0.5,0.000523399,0.0663493,-0.00570304
100,2118.43,0,0,0,0,0,0.5,-0.000228377,0.0660307,0.00274875
110,1650.81,0,0,0,0,0,0.5,-0.00175846,0.0672626,0.00890125
120,1441.77,0,0,0,0,0,0.5,-0.002465,0.0672928,0.0110374
130,1516.3,0,0,0,0,0,0.5,-0.00166754,0.0657567,0.0101695
140,1134.07,0,0,0,0,0,0.5,-0.00102332,0.0651856,0.0102866
150,784.829,0,0,0,0,0,0.5,-0.000634323,0.0665929,0.0117382
160,801.879,0,0,0,0,0,0.5,-0.000254267,0.0682359,0.0129639
170,576.036,0,0,0,0,0,0.5,4.09984e-005,0.0678912,0.0124621
180,393.779,0,0,0,0,0,0.5,-0.000285457,0.0662676,0.00985595
190,394.523,0,0,0,0,0,0.5,-0.000410491,0.0661835,0.00669262
200,350.874,0,0,0,0,0,0.5,-0.000226515,0.0674988,0.00430871
210,230.413,0,0,0,0,0,0.5,-0.000269464,0.0675873,0.00320111
220,213.511,0,0,0,0,0,0.5,-0.00119293,0.0664569,0.00284678
230,224.583,0,0,0,0,0,0.5,-0.00211552,0.0661589,0.00294643
240,155.521,0,0,0,0,0,0.5,-0.00191523,0.0670951,0.00299132
250,146.91,0,0,0,0,0,0.5,-0.0010546,0.067886,0.00307285
260,110.215,0,0,0,0,0,0.5,-0.00090597,0.0678953,0.00346233
270,83.3422,0,0,0,0,0,0.5,-0.00116217,0.0674479,0.0042258
280,88.7223,0,0,0,0,0,0.5,-0.00108401,0.0670179,0.00456809
290,51.5211,0,0,0,0,0,0.5,-0.000775258,0.0668,0.00437248
300,56.5124,0,0,0,0,0,0.5,-0.000515066,0.0668943,0.00390394
310,56.2588,0,0,0,0,0,0.5,-0.000231486,0.0671971,0.0038057
320,40.6433,0,0,0,0,0,0.5,-0.000192238,0.067344,0.00416105
330,44.0929,0,0,0,0,0,0.5,-0.000446413,0.067003,0.00473995
340,41.8922,0,0,0,0,0,0.5,-0.000760196,0.0666358,0.00485723
350,37.6297,0,0,0,0,0,0.5,-0.000909932,0.0668726,0.00448286
360,30.4205,0,0,0,0,0,0.5,-0.000855913,0.067458,0.00388936
370,28.5779,0,0,0,0,0,0.5,-0.000692027,0.067634,0.003583
380,27.5077,0,0,0,0,0,0.5,-0.000750137,0.0674369,0.00373235
390,21.6412,0,0,0,0,0,0.5,-0.00094048,0.0673482,0.00422972
400,25.1393,0,0,0,0,0,0.5,-0.000869756,0.0674712,0.00455673
410,25.9054,0,0,0,0,0,0.5,-0.000608022,0.0674886,0.00452009
420,26.7116,0,0,0,0,0,0.5,-0.000518077,0.0673238,0.00426548
430,29.9863,0,0,0,0,0,0.5,-0.000614041,0.0672476,0.00413496
440,24.7571,0,0,0,0,0,0.5,-0.00072138,0.0674595,0.00417906
450,28.6534,0,0,0,0,0,0.5,-0.000740242,0.0676875,0.00431405
460,23.3868,0,0,0,0,0,0.5,-0.000644738,0.0676695,0.00437864
470,20.4237,0,0,0,0,0,0.5,-0.000613989,0.0675257,0.0043571
480,25.7228,0,0,0,0,0,0.5,-0.00067737,0.0674468,0.00417182
490,26.4721,0,0,0,0,0,0.5,-0.000658143,0.0673835,0.00382707
500,27.7056,0,0,0,0,0,0.5,-0.000567431,0.0673912,0.00344826
510,27.7869,0,0,0,0,0,0.5,-0.000574839,0.0676325,0.0031917
520,30.1322,0,0,0,0,0,0.5,-0.00052506,0.0679434,0.00301904
530,29.9579,0,0,0,0,0,0.5,-0.00046055,0.067951,0.00281939
540,25.7635,0,0,0,0,0,0.5,-0.000561257,0.0677046,0.00261036
550,28.5842,0,0,0,0,0,0.5,-0.000702525,0.0676113,0.00245117
560,25.94,0,0,0,0,0,0.5,-0.000596156,0.0677678,0.00238709
570,27.9253,0,0,0,0,0,0.5,-0.000538047,0.0679404,0.00233172
580,30.572,0,0,0,0,0,0.5,-0.000709534,0.0680461,0.00236401
590,30.9445,0,0,0,0,0,0.5,-0.000846744,0.0682621,0.00251801
600,31.6536,0,0,0,0,0,0.5,-0.000713533,0.0684497,0.00273127
610,32.3194,0,0,0,0,0,0.5,-0.000600168,0.0683732,0.00278815
620,30.8326,0,0,0,0,0,0.5,-0.000587423,0.06813,0.0028101
630,32.086,0,0,0,0,0,0.5,-0.000512131,0.0680153,0.00288044
640,31.1859,0,0,0,0,0,0.5,-0.000285655,0.067952,0.00300528
650,30.9982,0,0,0,0,0,0.5,-0.000157066,0.0679619,0.00297148
660,34.3596,0,0,0,0,0,0.5,-0.000160938,0.0681883,0.00284539
670,33.6443,0,0,0,0,0,0.5,-0.000280982,0.0685878,0.00272339
680,31.355,0,0,0,0,0,0.5,-0.000418287,0.0687091,0.00272859
690,37.3124,0,0,0,0,0,0.5,-0.000553224,0.0684527,0.00260697
700,34.2218,0,0,0,0,0,0.5,-0.000651945,0.0681188,0.00237049
710,37.8217,0,0,0,0,0,0.5,-0.000758358,0.0680845,0.00210243
720,37.0982,0,0,0,0,0,0.5,-0.00069356,0.068286,0.00199616
730,31.573,0,0,0,0,0,0.5,-0.000542259,0.0686167,0.00192012
740,40.8957,0,0,0,0,0,0.5,-0.000529868,0.0688678,0.0020146
750,33.4792,0,0,0,0,0,0.5,-0.000679607,0.0689467,0.00232673
760,38.4061,0,0,0,0,0,0.5,-0.000748108,0.0687622,0.00287883
770,44.5637,0,0,0,0,0,0.5,-0.00070665,0.0684943,0.00328321
780,39.3677,0,0,0,0,0,0.5,-0.000446226,0.0683317,0.00348429
790,41.6251,0,0,0,0,0,0.5,-0.000130004,0.0684482,0.00350718
800,41.1,0,0,0,0,0,0.5,-7.72421e-005,0.0686941,0.00350393
810,41.0206,0,0,0,0,0,0.5,-0.000217207,0.0689355,0.00330956
820,38.6417,0,0,0,0,0,0.5,-0.000243879,0.0690788,0.00302412
830,37.5818,0,0,0,0,0,0.5,-0.000358297,0.0691249,0.00277813
840,46.8285,0,0,0,0,0,0.5,-0.000521426,0.0688984,0.00271023
850,42.7048,0,0,0,0,0,0.5,-0.000518298,0.0685075,0.00257289
860,44.8291,0,0,0,0,0,0.5,-0.000680405,0.0683028,0.00232456
870,49.6265,0,0,0,0,0,0.5,-0.00111146,0.0685607,0.00215385
880,44.3817,0,0,0,0,0,0.5,-0.00114659,0.0689872,0.00233007
890,45.2421,0,0,0,0,0,0.5,-0.000790669,0.0690247,0.00276372
900,46.7583,0,0,0,0,0,0.5,-0.000626763,0.0685778,0.00329061
910,45.1781,0,0,0,0,0,0.5,-0.000588959,0.0681617,0.00384012
920,50.0993,0,0,0,0,0,0.5,-0.000438146,0.0680183,0.00420872
930,46.6324,0,0,0,0,0,0.5,-0.000284789,0.0680098,0.00414548
940,44.5646,0,0,0,0,0,0.5,-5.39638e-005,0.0681678,0.00385022
950,58.4543,0,0,0,0,0,0.5,0.000173862,0.0684292,0.00383358
960,52.2422,0,0,0,0,0,0.5,5.1487e-005,0.0684215,0.00416355
970,45.4354,0,0,0,0,0,0.5,-0.000161087,0.0680626,0.00445039
980,54.541,0,0,0,0,0,0.5,-0.000158497,0.0678519,0.00422043
990,53.3691,0,0,0,0,0,0.5,-0.000207981,0.067848,0.00358946
1000,45.6226,0,0,0,0,0,0.5,-0.00034438,0.0677468,0.00309305
1010,53.1585,0,0,0,0,0,0.5,-0.000262495,0.0675289,0.00322381
1020,60.0214,0,0,0,0,0,0.5,-0.000109009,0.0677022,0.00372792
1030,54.148,0,0,0,0,0,0.5,-1.69517e-005,0.0682214,0.00428546
1040,57.7649,0,0,0,0,0,0.5,5.36633e-005,0.0685006,0.00450484
1050,62.2712,0,0,0,0,0,0.5,2.27677e-006,0.0680254,0.00433636
1060,53.891,0,0,0,0,0,0.5,-0.000158785,0.0672727,0.00396674
1070,62.8362,0,0,0,0,0,0.5,-0.000117178,0.0667932,0.00399433
1080,54.6469,0,0,0,0,0,0.5,2.34739e-005,0.066825,0.0042909
1090,53.303,0,0,0,0,0,0.5,7.61196e-005,0.0671423,0.00452599
1100,68.8035,0,0,0,0,0,0.5,6.47168e-005,0.0673883,0.00437877
1110,55.2892,0,0,0,0,0,0.5,4.13827e-005,0.0670206,0.00412767
1120,63.2402,0,0,0,0,0,0.5,-2.69693e-006,0.0663464,0.00388092
1130,76.0386,0,0,0,0,0,0.5,0.00027412,0.0659841,0.00380986
1140,53.6816,0,0,0,0,0,0.5,0.000714196,0.0660176,0.00353671
1150,64.9281,0,0,0,0,0,0.5,0.000837629,0.0659521,0.00314026
1160,68.5571,0,0,0,0,0,0.5,0.000690166,0.0658174,0.00288311
1170,64.8969,0,0,0,0,0,0.5,0.000862595,0.0657896,0.00313661
1180,70.7296,0,0,0,0,0,0.5,0.00107161,0.066006,0.00360718
1190,63.2163,0,0,0,0,0,0.5,0.000825083,0.0662435,0.00419123
1200,67.2444,0,0,0,0,0,0.5,0.000262081,0.0661474,0.00455527
1210,69.1514,0,0,0,0,0,0.5,-0.000125703,0.0655759,0.00466706
1220,66.1975,0,0,0,0,0,0.5,-0.00030272,0.065104,0.00455388
1230,69.6333,0,0,0,0,0,0.5,-0.000165033,0.0651458,0.00460037
1240,72.301,0,0,0,0,0,0.5,0.000190875,0.0654369,0.00475124
1250,75.6611,0,0,0,0,0,0.5,0.000468177,0.0655156,0.00491035
1260,67.4341,0,0,0,0,0,0.5,0.000633579,0.0653745,0.0046232
1270,71.5248,0,0,0,0,0,0.5,0.00111211,0.0652219,0.00384857
1280,72.2641,0,0,0,0,0,0.5,0.00162663,0.0650753,0.00293176
1290,61.2129,0,0,0,0,0,0.5,0.00158528,0.0647418,0.00251607
1300,69.5611,0,0,0,0,0,0.5,0.00108099,0.064381,0.00255813
1310,78.7909,0,0,0,0,0,0.5,0.000721236,0.0643475,0.00269796
1320,72.2358,0,0,0,0,0,0.5,0.000637073,0.0644513,0.00258938
1330,74.3829,0,0,0,0,0,0.5,0.000666383,0.0643696,0.00230608
1340,84.4311,0,0,0,0,0,0.5,0.000650038,0.0642554,0.00205925
1350,64.0293,0,0,0,0,0,0.5,0.000647703,0.0642858,0.00204336
1360,70.7088,0,0,0,0,0,0.5,0.000795867,0.0640816,0.00221047
1370,76.7037,0,0,0,0,0,0.5,0.000895001,0.0638226,0.0024432
1380,58.09,0,0,0,0,0,0.5,0.000774997,0.0640195,0.00258395
1390,87.7344,0,0,0,0,0,0.5,0.000697021,0.0645096,0.00243193
1400,82.2455,0,0,0,0,0,0.5,0.000841269,0.0645347,0.00201401
1410,70.4418,0,0,0,0,0,0.5,0.000796807,0.0642593,0.00160522
1420,91.7449,0,0,0,0,0,0.5,0.000602804,0.0641495,0.00138949
1430,62.5505,0,0,0,0,0,0.5,0.000681696,0.0643048,0.00124658
1440,76.6814,0,0,0,0,0,0.5,0.00103913,0.0643471,0.00122414
1450,80.2621,0,0,0,0,0,0.5,0.0010946,0.0642425,0.00157929
1460,69.9778,0,0,0,0,0,0.5,0.000812259,0.064142,0.00255027
1470,88.7383,0,0,0,0,0,0.5,0.000425786,0.0641543,0.00361382
1480,80.1956,0,0,0,0,0,0.5,0.000414793,0.0639836,0.00433693
1490,85.8325,0,0,0,0,0,0.5,0.000597498,0.0637544,0.00457166
1500,82.9668,0,0,0,0,0,0.5,0.000576712,0.0638619,0.00478418
1510,76.9136,0,0,0,0,0,0.5,0.000150909,0.0642922,0.00510833
1520,81.5309,0,0,0,0,0,0.5,-0.000133334,0.0643232,0.00557347
1530,80.2542,0,0,0,0,0,0.5,-0.000285147,0.0639291,0.00572203
1540,82.3918,0,0,0,0,0,0.5,-0.000422892,0.0637546,0.00541689
1550,89.8216,0,0,0,0,0,0.5,-0.000489611,0.0642559,0.0044587
1560,91.5059,0,0,0,0,0,0.5,-3.13782e-005,0.0649217,0.00335002
1570,96.5133,0,0,0,0,0,0.5,0.000563217,0.0650157,0.00263366
1580,95.9652,0,0,0,0,0,0.5,0.000781828,0.0644965,0.00284605
1590,95.1808,0,0,0,0,0,0.5,0.000507936,0.064242,0.00330869
1600,85.8092,0,0,0,0,0,0.5,0.000268229,0.0645387,0.00346911
1610,92.336,0,0,0,0,0,0.5,-2.34288e-005,0.0648507,0.00300015
1620,85.385,0,0,0,0,0,0.5,-0.000421272,0.0650947,0.00251459
1630,90.1426,0,0,0,0,0,0.5,-0.000666684,0.0654933,0.00222186
1640,100.647,0,0,0,0,0,0.5,-0.000533208,0.0656136,0.00253734
1650,96.1211,0,0,0,0,0,0.5,-0.000410273,0.0652475,0.00311486
1660,101.415,0,0,0,0,0,0.5,-0.00034701,0.0652734,0.00381896
1670,96.089,0,0,0,0,0,0.5,-0.000309867,0.0658183,0.00407933
1680,97.0374,0,0,0,0,0,0.5,-0.000561269,0.0659178,0.0039852
1690,96.5193,0,0,0,0,0,0.5,-0.00112061,0.0654377,0.00382605
1700,95.784,0,0,0,0,0,0.5,-0.00140796,0.0655837,0.00438344
1710,110.486,0,0,0,0,0,0.5,-0.00120684,0.0664601,0.00538826
1720,93.2972,0,0,0,0,0,0.5,-0.000947414,0.0669196,0.00635389
1730,103.459,0,0,0,0,0,0.5,-0.00101002,0.0664524,0.00677268
1740,105.073,0,0,0,0,0,0.5,-0.00131924,0.0661688,0.00696081
1750,90.2047,0,0,0,0,0,0.5,-0.0013922,0.0666188,0.00706295
1760,104.139,0,0,0,0,0,0.5,-0.00109528,0.0671943,0.00737462
1770,103.536,0,0,0,0,0,0.5,-0.000930187,0.0672101,0.00771575
1780,99.4473,0,0,0,0,0,0.5,-0.00130144,0.0672678,0.00801411
1790,104.302,0,0,0,0,0,0.5,-0.00154776,0.0676913,0.00801722
1800,99.3789,0,0,0,0,0,0.5,-0.00134721,0.0682059,0.00781591
1810,105.477,0,0,0,0,0,0.5,-0.00121691,0.0684879,0.0076253
1820,99.5385,0,0,0,0,0,0.5,-0.00174433,0.0686848,0.00767665
1830,94.7739,0,0,0,0,0,0.5,-0.00234654,0.0684759,0.00787947
1840,95.4233,0,0,0,0,0,0.5,-0.00249731,0.0680868,0.00775105
1850,108.751,0,0,0,0,0,0.5,-0.00230128,0.0681687,0.0070682
1860,108.777,0,0,0,0,0,0.5,-0.00232986,0.0689915,0.0060101
1870,104.718,0,0,0,0,0,0.5,-0.00232841,0.0696851,0.00529431
1880,123.935,0,0,0,0,0,0.5,-0.00206592,0.0696825,0.00507287
1890,101.061,0,0,0,0,0,0.5,-0.00174303,0.069106,0.00517699
1900,97.4619,0,0,0,0,0,0.5,-0.00174792,0.0688831,0.00508578
1910,106.402,0,0,0,0,0,0.5,-0.00148849,0.0694304,0.00481355
1920,99.8383,0,0,0,0,0,0.5,-0.000754724,0.0701126,0.00455282
1930,112.953,0,0,0,0,0,0.5,-0.000402185,0.0701883,0.00485196
1940,103.429,0,0,0,0,0,0.5,-0.00121546,0.0701711,0.00548919
1950,122.803,0,0,0,0,0,0.5,-0.00204791,0.0707673,0.00608609
1960,116.301,0,0,0,0,0,0.5,-0.00204384,0.0716364,0.00615957
1970,99.2,0,0,0,0,0,0.5,-0.00190449,0.0719699,0.00606286
1980,115.303,0,0,0,0,0,0.5,-0.00231452,0.0717051,0.00588814
1990,106.232,0,0,0,0,0,0.5,-0.00245642,0.0714117,0.00591522
2000,109.005,0,0,0,0,0,0.5,-0.00217758,0.0712888,0.00594446
2010,107.329,0,0,0,0,0,0.5,-0.00195183,0.0712058,0.00614304
2020,114.493,0,0,0,0,0,0.5,-0.00175734,0.071165,0.00627397
2030,130.472,0,0,0,0,0,0.5,-0.0013152,0.0712531,0.00642565
2040,108.173,0,0,0,0,0,0.5,-0.00107316,0.0710593,0.00646719
2050,107.362,0,0,0,0,0,0.5,-0.000859753,0.0706806,0.0066811
2060,126.395,0,0,0,0,0,0.5,-0.000394962,0.0705923,0.00670682
2070,108.503,0,0,0,0,0,0.5,-0.000116307,0.0710734,0.0062119
2080,104.859,0,0,0,0,0,0.5,-0.000502609,0.0715573,0.00521651
2090,113.219,0,0,0,0,0,0.5,-0.00111085,0.0720021,0.00468812
2100,123.712,0,0,0,0,0,0.5,-0.00168734,0.0724512,0.00490556
2110,104.649,0,0,0,0,0,0.5,-0.00199251,0.0728956,0.00523397
2120,137.424,0,0,0,0,0,0.5,-0.00174482,0.0728129,0.00478319
2130,133.056,0,0,0,0,0,0.5,-0.00131722,0.0723602,0.00376723
2140,114.987,0,0,0,0,0,0.5,-0.00118527,0.0717544,0.00277837
2150,126.644,0,0,0,0,0,0.5,-0.000805031,0.0715697,0.002114
2160,107.736,0,0,0,0,0,0.5,-0.000180245,0.0716906,0.00174703
2170,124.781,0,0,0,0,0,0.5,-0.000217818,0.0717848,0.00171459
2180,123.144,0,0,0,0,0,0.5,-0.000893854,0.0712815,0.00189386
2190,114.508,0,0,0,0,0,0.5,-0.00120945,0.0705518,0.00175966
2200,136.09,0,0,0,0,0,0.5,-0.000966017,0.0698664,0.00130702
2210,127.588,0,0,0,0,0,0.5,-0.000556944,0.0695916,0.00125638
2220,124.152,0,0,0,0,0,0.5,-0.000342167,0.0694482,0.00205255
2230,120.556,0,0,0,0,0,0.5,-0.000398989,0.0694737,0.00293989
2240,143.699,0,0,0,0,0,0.5,-0.000123273,0.0694334,0.00315936
2250,143.933,0,0,0,0,0,0.5,0.000472762,0.0693198,0.00298899
2260,119.904,0,0,0,0,0,0.5,0.000538613,0.0689832,0.00337828
2270,155.003,0,0,0,0,0,0.5,0.000420321,0.068896,0.0041304
2280,146.889,0,0,0,0,0,0.5,0.00112909,0.0691143,0.00449003
2290,122.01,0,0,0,0,0,0.5,0.00163925,0.0695529,0.0042651
2300,158.015,0,0,0,0,0,0.5,0.000894287,0.0699801,0.00407629
2310,128.018,0,0,0,0,0,0.5,-7.64213e-005,0.0705158,0.00407529
2320,120.39,0,0,0,0,0,0.5,-0.000390545,0.0706344,0.00426274
2330,141.412,0,0,0,0,0,0.5,-0.000472651,0.0699199,0.00448916
2340,131.159,0,0,0,0,0,0.5,-0.000226265,0.0686473,0.00465024
2350,149.804,0,0,0,0,0,0.5,0.000251409,0.0675558,0.00431181
2360,150.204,0,0,0,0,0,0.5,0.000400322,0.0667796,0.00366132
2370,139.803,0,0,0,0,0,0.5,0.000434399,0.0662868,0.00336454
2380,138.617,0,0,0,0,0,0.5,0.00101495,0.0659901,0.00418647
2390,140.792,0,0,0,0,0,0.5,0.00152053,0.0657581,0.005435
2400,128.811,0,0,0,0,0,0.5,0.00154956,0.0652742,0.00596401
2410,138.63,0,0,0,0,0,0.5,0.00139374,0.0646552,0.00548351
2420,146.131,0,0,0,0,0,0.5,0.00134377,0.0642543,0.00511796
2430,133.227,0,0,0,0,0,0.5,0.00128723,0.0643829,0.0052873
2440,135.659,0,0,0,0,0,0.5,0.00137796,0.0650314,0.00585482
2450,163.755,0,0,0,0,0,0.5,0.00116731,0.0659402,0.00627997
2460,137.207,0,0,0,0,0,0.5,0.000451289,0.0664864,0.00639422
2470,130.245,0,0,0,0,0,0.5,-0.00030584,0.0662013,0.00604096
2480,153.234,0,0,0,0,0,0.5,-0.000401601,0.0653252,0.00555487
2490,126.285,0,0,0,0,0,0.5,2.28258e-005,0.0646792,0.00513565
2500,128.058,0,0,0,0,0,0.5,0.000704685,0.0646312,0.00511596
2510,153.986,0,0,0,0,0,0.5,0.00120523,0.0647325,0.0054994
2520,139.179,0,0,0,0,0,0.5,0.00110597,0.0646405,0.00608644
2530,148.305,0,0,0,0,0,0.5,0.000743589,0.0645929,0.0066376
2540,142.28,0,0,0,0,0,0.5,0.00092894,0.0646506,0.00743882
2550,128.833,0,0,0,0,0,0.5,0.00131558,0.0643908,0.00833995
2560,146.358,0,0,0,0,0,0.5,0.00113494,0.0634194,0.00915861
2570,139.504,0,0,0,0,0,0.5,0.000648418,0.0621512,0.00973517
2580,128.699,0,0,0,0,0,0.5,0.000665753,0.0614719,0.0103623
2590,158.658,0,0,0,0,0,0.5,0.00112613,0.0617185,0.0107861
2600,146.93,0,0,0,0,0,0.5,0.00135609,0.0622794,0.0110236
2610,138.499,0,0,0,0,0,0.5,0.000936308,0.0626033,0.0109235
2620,158.012,0,0,0,0,0,0.5,0.000242943,0.0628,0.0106935
2630,157.352,0,0,0,0,0,0.5,-2.75903e-005,0.0630689,0.0103727
2640,128.669,0,0,0,0,0,0.5,-0.000104359,0.0634262,0.0102638
2650,136.202,0,0,0,0,0,0.5,-0.000543368,0.0637307,0.0104297
2660,152.385,0,0,0,0,0,0.5,-0.000737059,0.063746,0.0110115
2670,144.488,0,0,0,0,0,0.5,-0.000149647,0.0634238,0.0115651
2680,160.475,0,0,0,0,0,0.5,0.000157025,0.0634261,0.0118465
2690,165.64,0,0,0,0,0,0.5,8.90193e-005,0.0640488,0.0120068
2700,148.518,0,0,0,0,0,0.5,0.000604808,0.0645463,0.0123053
2710,151.211,0,0,0,0,0,0.5,0.00146953,0.0639329,0.0124441
2720,150.195,0,0,0,0,0,0.5,0.00141194,0.0626099,0.0121315
2730,144.319,0,0,0,0,0,0.5,0.000851202,0.0620317,0.0114588
2740,175.242,0,0,0,0,0,0.5,0.000325851,0.0629786,0.0106013
2750,162.457,0,0,0,0,0,0.5,-0.000143349,0.064327,0.00978145
2760,160.427,0,0,0,0,0,0.5,-0.000602001,0.0650406,0.00908173
2770,166.354,0,0,0,0,0,0.5,-0.00059485,0.0652595,0.00871007
2780,145.939,0,0,0,0,0,0.5,-0.000423098,0.0655047,0.00853936
2790,166.114,0,0,0,0,0,0.5,-0.00039656,0.0655657,0.00853302
2800,170.735,0,0,0,0,0,0.5,-0.000755314,0.0654245,0.00855807
2810,171.654,0,0,0,0,0,0.5,-0.000832184,0.0651718,0.00898854
2820,176.485,0,0,0,0,0,0.5,-0.000293826,0.0650882,0.00961017
2830,180.088,0,0,0,0,0,0.5,0.00037519,0.0654845,0.0103112
2840,188.805,0,0,0,0,0,0.5,0.000393992,0.0662972,0.0108149
2850,177.511,0,0,0,0,0,0.5,0.00028722,0.0668301,0.0113765
2860,163.768,0,0,0,0,0,0.5,0.000268781,0.0668195,0.0116464
2870,173.821,0,0,0,0,0,0.5,-3.20125e-005,0.0665206,0.0114043
2880,165.006,0,0,0,0,0,0.5,-0.000844635,0.066043,0.0105139
2890,160.715,0,0,0,0,0,0.5,-0.00155812,0.0658183,0.00990744
2900,183.315,0,0,0,0,0,0.5,-0.00133376,0.0662182,0.0100112
2910,169.557,0,0,0,0,0,0.5,-0.000165706,0.0668112,0.0106903
2920,176.141,0,0,0,0,0,0.5,0.000723207,0.0667476,0.0107063
2930,177.36,0,0,0,0,0,0.5,0.000672039,0.0663693,0.0100504
2940,167.166,0,0,0,0,0,0.5,0.000346811,0.0665121,0.00904346
2950,185.424,0,0,0,0,0,0.5,-3.09848e-005,0.0675225,0.00866179
2960,178.008,0,0,0,0,0,0.5,-0.000787553,0.0684011,0.0088946
2970,164.947,0,0,0,0,0,0.5,-0.00141577,0.0687743,0.00958146
2980,170.442,0,0,0,0,0,0.5,-0.00132642,0.0690595,0.00967414
2990,175.31,0,0,0,0,0,0.5,-0.000736051,0.0698185,0.00902599
3000,167.875,0,0,0,0,0,0.5,-8.66921e-005,0.0701838,0.0078676
3010,165.483,0,0,0,0,0,0.5,0.000231655,0.0702765,0.00735101
3020,176.121,0,0,0,0,0,0.5,0.00055737,0.0705444,0.00777752
3030,177.502,0,0,0,0,0,0.5,0.00124079,0.070958,0.00870771
3040,155.519,0,0,0,0,0,0.5,0.00157989,0.070785,0.00906338
3050,176.044,0,0,0,0,0,0.5,0.000525986,0.0708026,0.00871516
3060,174.514,0,0,0,0,0,0.5,-0.000576137,0.071188,0.008202
3070,172.083,0,0,0,0,0,0.5,-0.000617192,0.0714783,0.0081778
3080,184.333,0,0,0,0,0,0.5,-0.000369872,0.0710743,0.00871968
3090,178.504,0,0,0,0,0,0.5,-0.000979586,0.0708,0.0093989
3100,172.011,0,0,0,0,0,0.5,-0.00168696,0.0708677,0.00958105
3110,183.327,0,0,0,0,0,0.5,-0.00183181,0.0712108,0.0089762
3120,177.701,0,0,0,0,0,0.5,-0.00121005,0.0712826,0.00824176
3130,176.309,0,0,0,0,0,0.5,-0.000501852,0.0712665,0.00831982
3140,197.635,0,0,0,0,0,0.5,-0.000287781,0.071438,0.00933336
3150,170.892,0,0,0,0,0,0.5,-0.000295378,0.0719723,0.0101808
3160,176.72,0,0,0,0,0,0.5,0.000134193,0.0722802,0.0102036
3170,185.616,0,0,0,0,0,0.5,0.000195353,0.0722502,0.00978951
3180,174.233,0,0,0,0,0,0.5,-0.000479199,0.0721568,0.00993045
3190,181.866,0,0,0,0,0,0.5,-0.00113745,0.0723119,0.0105526
3200,177.578,0,0,0,0,0,0.5,-0.00154236,0.0726361,0.0109189
3210,189.211,0,0,0,0,0,0.5,-0.00240333,0.0729254,0.0105257
3220,200.791,0,0,0,0,0,0.5,-0.00295337,0.0730923,0.00993934
3230,182.31,0,0,0,0,0,0.5,-0.00219207,0.0730711,0.00955049
3240,174.029,0,0,0,0,0,0.5,-0.00101455,0.0729709,0.00964681
3250,177.048,0,0,0,0,0,0.5,-0.00076504,0.072717,0.0103867
3260,176.267,0,0,0,0,0,0.5,-0.000922321,0.0725697,0.0113851
3270,180.582,0,0,0,0,0,0.5,-0.000834072,0.0721788,0.0117077
3280,197.464,0,0,0,0,0,0.5,-0.000904231,0.0717196,0.0111417
3290,187.899,0,0,0,0,0,0.5,-0.00133195,0.0715896,0.0106291
3300,188.972,0,0,0,0,0,0.5,-0.00177167,0.0723664,0.0110966
3310,191.637,0,0,0,0,0,0.5,-0.00206992,0.0729973,0.0124117
3320,174.448,0,0,0,0,0,0.5,-0.00201496,0.0729681,0.0135423
3330,196.962,0,0,0,0,0,0.5,-0.00168285,0.0723182,0.0139466
3340,185.568,0,0,0,0,0,0.5,-0.0017577,0.0720473,0.0140956
3350,185.228,0,0,0,0,0,0.5,-0.00193108,0.0718998,0.014524
3360,231.49,0,0,0,0,0,0.5,-0.0016863,0.0720796,0.0149055
3370,191.072,0,0,0,0,0,0.5,-0.00161148,0.0723154,0.0148943
3380,204.435,0,0,0,0,0,0.5,-0.00183475,0.072605,0.0143203
3390,215.917,0,0,0,0,0,0.5,-0.00123569,0.0718603,0.0134209
3400,178.787,0,0,0,0,0,0.5,-0.000651503,0.0704871,0.0127253
3410,226.696,0,0,0,0,0,0.5,-0.00123392,0.0691729,0.012726
3420,195.46,0,0,0,0,0,0.5,-0.00216315,0.0687659,0.0131124
3430,204.107,0,0,0,0,0,0.5,-0.00234747,0.0685025,0.0130593
3440,230.636,0,0,0,0,0,0.5,-0.00249863,0.0685421,0.0121523
3450,177.936,0,0,0,0,0,0.5,-0.00262781,0.068753,0.0112023
3460,211.487,0,0,0,0,0,0.5,-0.00229739,0.0689617,0.0112928
3470,226.628,0,0,0,0,0,0.5,-0.00129297,0.0681552,0.0127465
3480,190.126,0,0,0,0,0,0.5,-0.000177046,0.0670407,0.0143767
3490,216.855,0,0,0,0,0,0.5,0.00016066,0.0662769,0.0152686
3500,207.311,0,0,0,0,0,0.5,-0.000802208,0.0665582,0.015247
3510,199.686,0,0,0,0,0,0.5,-0.00153344,0.0671301,0.0150286
3520,209.48,0,0,0,0,0,0.5,-0.00144358,0.0677959,0.0151722
3530,208.328,0,0,0,0,0,0.5,-0.0014649,0.06818,0.0158535
3540,221.176,0,0,0,0,0,0.5,-0.00158919,0.0684382,0.0163299
3550,204.663,0,0,0,0,0,0.5,-0.000827169,0.0678915,0.016114
3560,231.171,0,0,0,0,0,0.5,-0.000401205,0.0668027,0.0153671
3570,208.09,0,0,0,0,0,0.5,-0.00103697,0.0657306,0.0152937
3580,208.543,0,0,0,0,0,0.5,-0.00160952,0.0653636,0.0162999
3590,217.107,0,0,0,0,0,0.5,-0.00131724,0.0651637,0.0178822
3600,210.251,0,0,0,0,0,0.5,-0.000988713,0.0650277,0.0186166
3610,193.245,0,0,0,0,0,0.5,-0.000621292,0.064879,0.0183548
3620,218.792,0,0,0,0,0,0.5,-2.74982e-005,0.0647707,0.0176017
3630,216.847,0,0,0,0,0,0.5,0.000519461,0.0639976,0.0172895
3640,188.714,0,0,0,0,0,0.5,0.000743157,0.0626345,0.01704
3650,235.004,0,0,0,0,0,0.5,0.000859759,0.061758,0.0166283
3660,210.885,0,0,0,0,0,0.5,0.000695449,0.0625834,0.0157697
3670,211.381,0,0,0,0,0,0.5,0.000159444,0.0640941,0.0149993
3680,256.741,0,0,0,0,0,0.5,-0.000130682,0.0649178,0.0141262
3690,181.616,0,0,0,0,0,0.5,0.000279903,0.0652319,0.0135378
3700,203.441,0,0,0,0,0,0.5,0.00102607,0.0656952,0.0128684
3710,215.544,0,0,0,0,0,0.5,0.0014869,0.0656573,0.0121371
3720,165.207,0,0,0,0,0,0.5,0.00142476,0.0646162,0.0110225
3730,225.548,0,0,0,0,0,0.5,0.000574106,0.063653,0.0105059
3740,206.826,0,0,0,0,0,0.5,-0.000502982,0.0637143,0.0110651
3750,208.231,0,0,0,0,0,0.5,-0.000589024,0.0642934,0.0124468
3760,236.542,0,0,0,0,0,0.5,0.000544276,0.0642591,0.0131096
3770,201.027,0,0,0,0,0,0.5,0.00142399,0.0636775,0.0130153
3780,215.84,0,0,0,0,0,0.5,0.0018277,0.0630861,0.0127443
3790,189.663,0,0,0,0,0,0.5,0.00197157,0.0625786,0.013238
3800,213.759,0,0,0,0,0,0.5,0.00194498,0.0619014,0.0136784
3810,210.402,0,0,0,0,0,0.5,0.00141358,0.0619845,0.0140321
3820,223.055,0,0,0,0,0,0.5,0.00101621,0.0630151,0.0145356
3830,215.935,0,0,0,0,0,0.5,0.00098663,0.0641178,0.0154692
3840,200.804,0,0,0,0,0,0.5,0.00173996,0.0644016,0.0155842
3850,228.638,0,0,0,0,0,0.5,0.00199195,0.0647808,0.0149077
3860,209.87,0,0,0,0,0,0.5,0.00129436,0.0653536,0.0142803
3870,208.926,0,0,0,0,0,0.5,0.000645844,0.0655442,0.0148087
3880,226.783,0,0,0,0,0,0.5,0.00119349,0.0652413,0.0160017
3890,219.625,0,0,0,0,0,0.5,0.00146695,0.0658415,0.0172805
3900,231.342,0,0,0,0,0,0.5,0.00175161,0.0671388,0.0179384
3910,213.063,0,0,0,0,0,0.5,0.00243781,0.0681301,0.0181505
3920,226.898,0,0,0,0,0,0.5,0.00301608,0.0678554,0.0180293
3930,235.466,0,0,0,0,0,0.5,0.00264185,0.0668563,0.0179749
3940,228.051,0,0,0,0,0,0.5,0.0025057,0.0657058,0.0180797
3950,266.092,0,0,0,0,0,0.5,0.0022051,0.0652869,0.0183047
3960,255.691,0,0,0,0,0,0.5,0.00143418,0.0650805,0.0181823
3970,224.968,0,0,0,0,0,0.5,0.000777653,0.0650279,0.0174583
3980,256.139,0,0,0,0,0,0.5,0.00115606,0.0652797,0.0165799
3990,228.008,0,0,0,0,0,0.5,0.00156539,0.0660556,0.0160142
4000,243.777,0,0,0,0,0,0.5,0.0020397,0.0667227,0.0156968
4010,247.432,0,0,0,0,0,0.5,0.00267632,0.067392,0.0153935
4020,240.593,0,0,0,0,0,0.5,0.00318549,0.0681091,0.0156591
4030,269.518,0,0,0,0,0,0.5,0.00253931,0.0688619,0.0167962
4040,254.974,0,0,0,0,0,0.5,0.00121465,0.0694841,0.0184977
4050,240.587,0,0,0,0,0,0.5,0.000115983,0.0701149,0.0195787
4060,276.399,0,0,0,0,0,0.5,-5.65292e-005,0.0705373,0.0199178
4070,246.497,0,0,0,0,0,0.5,0.000110366,0.0704537,0.0198907
4080,216.639,0,0,0,0,0,0.5,0.000475295,0.0699232,0.0203309
4090,261.449,0,0,0,0,0,0.5,0.00106537,0.0695973,0.0212091
4100,261.037,0,0,0,0,0,0.5,0.00150366,0.0702739,0.0223908
4110,247.164,0,0,0,0,0,0.5,0.00130079,0.0710642,0.0233177
4120,257.003,0,0,0,0,0,0.5,0.000885622,0.0708323,0.0235399
4130,228.414,0,0,0,0,0,0.5,0.000773365,0.0699708,0.0228375
4140,249.814,0,0,0,0,0,0.5,0.000825826,0.0698399,0.0223422
4150,251.842,0,0,0,0,0,0.5,0.000557716,0.0699988,0.02302
4160,231.807,0,0,0,0,0,0.5,-1.28145e-005,0.0700406,0.0248755
4170,254.186,0,0,0,0,0,0.5,-0.00047265,0.0700798,0.0263833
4180,230.257,0,0,0,0,0,0.5,-0.000644922,0.0705213,0.0267691
4190,241.307,0,0,0,0,0,0.5,-0.000527748,0.0707055,0.0264117
4200,237.971,0,0,0,0,0,0.5,-0.000578212,0.071158,0.0264312
4210,215.534,0,0,0,0,0,0.5,-0.000947736,0.0721725,0.0271636
4220,256.657,0,0,0,0,0,0.5,-0.00126726,0.0739645,0.0279676
4230,230.461,0,0,0,0,0,0.5,-0.000774646,0.0748114,0.0277273
4240,244.626,0,0,0,0,0,0.5,-0.000249803,0.0743623,0.0261084
4250,251.041,0,0,0,0,0,0.5,-0.000604806,0.0734706,0.023951
4260,242.337,0,0,0,0,0,0.5,-0.00156233,0.0738661,0.0225116
4270,262.651,0,0,0,0,0,0.5,-0.00205968,0.0740241,0.0223749
4280,238.501,0,0,0,0,0,0.5,-0.00220848,0.0730337,0.0227126
4290,236.201,0,0,0,0,0,0.5,-0.00185906,0.071416,0.0223516
4300,245.177,0,0,0,0,0,0.5,-0.00123262,0.071157,0.0209274
4310,231.054,0,0,0,0,0,0.5,-0.00118981,0.0714507,0.0197577
4320,228.686,0,0,0,0,0,0.5,-0.0022953,0.0715602,0.0198934
4330,236.805,0,0,0,0,0,0.5,-0.00322281,0.0708696,0.021164
4340,251.098,0,0,0,0,0,0.5,-0.00328818,0.0705005,0.0219455
4350,246.144,0,0,0,0,0,0.5,-0.00301685,0.0704385,0.0218385
4360,257.764,0,0,0,0,0,0.5,-0.0030501,0.0710917,0.0209693
4370,247.703,0,0,0,0,0,0.5,-0.0025955,0.0720634,0.0206816
4380,245.544,0,0,0,0,0,0.5,-0.00185393,0.0732403,0.0210493
4390,251.946,0,0,0,0,0,0.5,-0.00175423,0.073478,0.0218085
4400,234.509,0,0,0,0,0,0.5,-0.00243461,0.0729657,0.0217125
4410,263.55,0,0,0,0,0,0.5,-0.00269979,0.072716,0.0210203
4420,266.991,0,0,0,0,0,0.5,-0.00290562,0.0737817,0.0203081
4430,248.467,0,0,0,0,0,0.5,-0.00366911,0.0747955,0.0207183
4440,285.908,0,0,0,0,0,0.5,-0.00445336,0.0744629,0.0220849
4450,242.415,0,0,0,0,0,0.5,-0.00423681,0.0729661,0.0238669
4460,245.485,0,0,0,0,0,0.5,-0.00358444,0.0719692,0.0243898
4470,245.413,0,0,0,0,0,0.5,-0.00330497,0.071769,0.0235293
4480,246.28,0,0,0,0,0,0.5,-0.00347746,0.071141,0.0224111
4490,286.925,0,0,0,0,0,0.5,-0.00380655,0.0695959,0.0229443
4500,280.563,0,0,0,0,0,0.5,-0.0039403,0.0682145,0.0250059
4510,250.093,0,0,0,0,0,0.5,-0.00378526,0.0680502,0.0266847
4520,272.029,0,0,0,0,0,0.5,-0.00326023,0.0685036,0.026397
4530,291.044,0,0,0,0,0,0.5,-0.00251498,0.0688264,0.0252022
4540,265.488,0,0,0,0,0,0.5,-0.00187574,0.0685664,0.0246465
4550,298.016,0,0,0,0,0,0.5,-0.0020231,0.0683158,0.0248785
4560,284.458,0,0,0,0,0,0.5,-0.0026738,0.0682114,0.0246235
4570,280.965,0,0,0,0,0,0.5,-0.00337023,0.0690402,0.023537
4580,288.362,0,0,0,0,0,0.5,-0.00361783,0.0702615,0.0219049
4590,281.996,0,0,0,0,0,0.5,-0.0033776,0.0713062,0.0205785
4600,282.158,0,0,0,0,0,0.5,-0.00256498,0.0708529,0.0200318
4610,291.018,0,0,0,0,0,0.5,-0.00237227,0.0700429,0.0206325
4620,281.025,0,0,0,0,0,0.5,-0.00240566,0.0693721,0.021613
4630,283.158,0,0,0,0,0,0.5,-0.00201029,0.069087,0.0219833
4640,294.825,0,0,0,0,0,0.5,-0.00143753,0.0679551,0.0211437
4650,281.726,0,0,0,0,0,0.5,-0.00150001,0.0668036,0.0204749
4660,283.913,0,0,0,0,0,0.5,-0.000902671,0.0660403,0.0212517
4670,245.052,0,0,0,0,0,0.5,0.000147911,0.0664088,0.0231109
4680,292.511,0,0,0,0,0,0.5,0.000651098,0.0668482,0.0240262
4690,272.978,0,0,0,0,0,0.5,0.000299629,0.0669978,0.0239005
4700,256.761,0,0,0,0,0,0.5,-4.4011e-005,0.0662502,0.0238592
4710,297.576,0,0,0,0,0,0.5,-0.000850423,0.0658232,0.0249245
4720,261.806,0,0,0,0,0,0.5,-0.00120816,0.0659953,0.0264284
4730,316.086,0,0,0,0,0,0.5,-0.000519253,0.066679,0.0278759
4740,299.718,0,0,0,0,0,0.5,0.000722128,0.0669039,0.0286457
4750,265.529,0,0,0,0,0,0.5,0.00144421,0.0675261,0.0290164
4760,279.038,0,0,0,0,0,0.5,0.00207879,0.0680796,0.029148
4770,239.178,0,0,0,0,0,0.5,0.00228235,0.068025,0.0298861
4780,264.783,0,0,0,0,0,0.5,0.00208824,0.0669463,0.0314121
4790,320.062,0,0,0,0,0,0.5,0.00137123,0.0662758,0.0330561
4800,268.908,0,0,0,0,0,0.5,0.000281352,0.0660709,0.033286
4810,289.465,0,0,0,0,0,0.5,-0.000382313,0.0661159,0.0325258
4820,283.469,0,0,0,0,0,0.5,0.000557519,0.0659548,0.0321854
4830,264.704,0,0,0,0,0,0.5,0.00206906,0.06608,0.0328819
4840,278.131,0,0,0,0,0,0.5,0.00270515,0.0656976,0.0335153
4850,257.46,0,0,0,0,0,0.5,0.00249185,0.0645563,0.0333922
4860,271.241,0,0,0,0,0,0.5,0.00214426,0.0634731,0.0326368
4870,279.41,0,0,0,0,0,0.5,0.00194088,0.0640051,0.0320714
4880,281.608,0,0,0,0,0,0.5,0.00219105,0.0651893,0.0316581
4890,275.483,0,0,0,0,0,0.5,0.00274294,0.0657127,0.0310039
4900,270.26,0,0,0,0,0,0.5,0.00279278,0.065801,0.0301559
4910,288.492,0,0,0,0,0,0.5,0.00224418,0.0667759,0.0295486
4920,255.287,0,0,0,0,0,0.5,0.00163567,0.0676945,0.0290832
4930,234.47,0,0,0,0,0,0.5,0.00120236,0.0677379,0.0286182
4940,284.217,0,0,0,0,0,0.5,0.000925618,0.0675892,0.0289888
4950,270.914,0,0,0,0,0,0.5,0.00111436,0.0679684,0.0306607
4960,270.554,0,0,0,0,0,0.5,0.0012716,0.0678654,0.0331122
4970,319.202,0,0,0,0,0,0.5,0.00162619,0.0672599,0.035087
4980,262.022,0,0,0,0,0,0.5,0.00277,0.0666682,0.0362041
4990,259.382,0,0,0,0,0,0.5,0.00429625,0.0661632,0.0367129
5000,294.099,0,0,0,0,0,0.5,0.00441055,0.0659277,0.0366827
5010,258.983,0,0,0,0,0,0.5,0.00344147,0.0667565,0.0357374
5020,298.982,0,0,0,0,0,0.5,0.00265419,0.068084,0.0346333
5030,325.638,0,0,0,0,0,0.5,0.00223616,0.0689732,0.0341913
5040,308.889,0,0,0,0,0,0.5,0.0015799,0.0692749,0.0344008
5050,288.256,0,0,0,0,0,0.5,0.00145736,0.0691411,0.0345576
5060,339.19,0,0,0,0,0,0.5,0.00165426,0.0685854,0.0348731
5070,311.894,0,0,0,0,0,0.5,0.00158971,0.0680393,0.035439
5080,320.209,0,0,0,0,0,0.5,0.00146904,0.0679817,0.0364452
5090,353.943,0,0,0,0,0,0.5,0.00183447,0.0681506,0.0372999
5100,312.981,0,0,0,0,0,0.5,0.00176019,0.0684542,0.0382622
5110,335.515,0,0,0,0,0,0.5,0.0012239,0.0688875,0.0391555
5120,351.254,0,0,0,0,0,0.5,0.00102175,0.0697214,0.0400638
5130,342.482,0,0,0,0,0,0.5,0.00191476,0.0699711,0.0403155
5140,340.833,0,0,0,0,0,0.5,0.00301744,0.0690995,0.0401898
5150,341.57,0,0,0,0,0,0.5,0.00312951,0.0679605,0.0395881
5160,339.517,0,0,0,0,0,0.5,0.00183579,0.0685253,0.0385801
5170,369.514,0,0,0,0,0,0.5,0.000548908,0.0696427,0.0369644
5180,394.047,0,0,0,0,0,0.5,-0.000341418,0.070054,0.0354788
5190,350.7,0,0,0,0,0,0.5,-0.00103022,0.0701808,0.0343651
5200,340.817,0,0,0,0,0,0.5,-0.0012241,0.0710562,0.0339458
5210,363.836,0,0,0,0,0,0.5,-0.000324377,0.0713492,0.0340389
5220,328.107,0,0,0,0,0,0.5,0.000275211,0.0712923,0.0343932
5230,326.644,0,0,0,0,0,0.5,9.0877e-005,0.0716594,0.0346098
5240,337.18,0,0,0,0,0,0.5,1.60788e-005,0.0723872,0.0349513
5250,327.974,0,0,0,0,0,0.5,0.000180458,0.072538,0.035212
5260,320.204,0,0,0,0,0,0.5,-0.000864549,0.0729122,0.0350478
5270,323.617,0,0,0,0,0,0.5,-0.00225841,0.073243,0.0343736
5280,333.03,0,0,0,0,0,0.5,-0.00238832,0.072907,0.0338714
5290,315.422,0,0,0,0,0,0.5,-0.00123826,0.0718795,0.0340679
5300,339.002,0,0,0,0,0,0.5,-0.000420275,0.0711682,0.0346657
5310,277.851,0,0,0,0,0,0.5,-0.000498981,0.0708311,0.0345634
5320,314.749,0,0,0,0,0,0.5,-0.00159834,0.070606,0.0333683
5330,344.806,0,0,0,0,0,0.5,-0.00306087,0.0704865,0.0319897
5340,292.966,0,0,0,0,0,0.5,-0.0037755,0.070776,0.0313688
5350,339.681,0,0,0,0,0,0.5,-0.0029219,0.0714562,0.0314204
5360,307.395,0,0,0,0,0,0.5,-0.00149391,0.0718843,0.0319748
5370,307.326,0,0,0,0,0,0.5,-0.000973582,0.0723087,0.0328761
5380,324.612,0,0,0,0,0,0.5,-0.00156788,0.0727518,0.0338607
5390,253.171,0,0,0,0,0,0.5,-0.00242497,0.0728743,0.0345916
5400,312.754,0,0,0,0,0,0.5,-0.00319647,0.0726488,0.0354935
5410,305.876,0,0,0,0,0,0.5,-0.00396314,0.0734321,0.0370581
5420,248.143,0,0,0,0,0,0.5,-0.00464264,0.0742043,0.0391449
5430,301.681,0,0,0,0,0,0.5,-0.00528546,0.0737492,0.0406852
5440,258.093,0,0,0,0,0,0.5,-0.00500437,0.0725296,0.0410175
5450,246.437,0,0,0,0,0,0.5,-0.00336196,0.0721827,0.0405496
5460,302.678,0,0,0,0,0,0.5,-0.00154932,0.0717415,0.0403113
5470,277.187,0,0,0,0,0,0.5,-0.0014776,0.0710643,0.0402485
5480,311.659,0,0,0,0,0,0.5,-0.00254413,0.0707801,0.0396024
5490,311.048,0,0,0,0,0,0.5,-0.00332503,0.0715446,0.0382929
5500,259.545,0,0,0,0,0,0.5,-0.00353163,0.0718673,0.0370288
5510,288.552,0,0,0,0,0,0.5,-0.00371249,0.0718273,0.0364281
5520,287.835,0,0,0,0,0,0.5,-0.00369678,0.0716823,0.0366881
5530,279.715,0,0,0,0,0,0.5,-0.00357769,0.0718867,0.037602
5540,326.518,0,0,0,0,0,0.5,-0.00302237,0.0715068,0.0386967
5550,332.2,0,0,0,0,0,0.5,-0.00234,0.0713064,0.0394104
5560,331.556,0,0,0,0,0,0.5,-0.00225752,0.0718084,0.0398958
5570,325.95,0,0,0,0,0,0.5,-0.00298645,0.0728888,0.0405745
5580,305.656,0,0,0,0,0,0.5,-0.00345649,0.0731064,0.0415982
5590,305.24,0,0,0,0,0,0.5,-0.00317177,0.0731256,0.0421551
5600,339.566,0,0,0,0,0,0.5,-0.0022536,0.0728789,0.0418525
5610,311.252,0,0,0,0,0,0.5,-0.00150023,0.0718387,0.041419
5620,342.896,0,0,0,0,0,0.5,-0.00154444,0.0704965,0.0414617
5630,346.614,0,0,0,0,0,0.5,-0.00202923,0.070351,0.0418778
5640,299.196,0,0,0,0,0,0.5,-0.00214414,0.0703439,0.0421815
5650,327.895,0,0,0,0,0,0.5,-0.00168313,0.0698921,0.0423803
5660,301.562,0,0,0,0,0,0.5,-0.000872555,0.0695991,0.0427944
5670,336.803,0,0,0,0,0,0.5,0.000143179,0.0693157,0.0436766
5680,329.977,0,0,0,0,0,0.5,0.000617431,0.0683343,0.045224
5690,314.51,0,0,0,0,0,0.5,0.000536565,0.0683647,0.0475143
5700,316.787,0,0,0,0,0,0.5,0.000682045,0.0701495,0.0498124
5710,283.13,0,0,0,0,0,0.5,0.00117753,0.0713777,0.050975
5720,313.739,0,0,0,0,0,0.5,0.000977856,0.0708326,0.0508982
5730,277.809,0,0,0,0,0,0.5,0.000280827,0.0705773,0.0504764
5740,286.931,0,0,0,0,0,0.5,-0.000194735,0.0716699,0.050702
5750,310.942,0,0,0,0,0,0.5,1.02665e-005,0.0721495,0.0511871
5760,279.715,0,0,0,0,0,0.5,0.000670728,0.0711746,0.0512819
5770,299.065,0,0,0,0,0,0.5,0.00199163,0.0706111,0.0504571
5780,283.302,0,0,0,0,0,0.5,0.0028425,0.0713193,0.0495246
5790,293.981,0,0,0,0,0,0.5,0.0025051,0.0714579,0.0492632
5800,298.674,0,0,0,0,0,0.5,0.00177168,0.0706663,0.0500981
5810,294.845,0,0,0,0,0,0.5,0.00217208,0.0702358,0.0511649
5820,296.251,0,0,0,0,0,0.5,0.00252511,0.0697964,0.0514388
5830,283.544,0,0,0,0,0,0.5,0.00199725,0.0681078,0.0503596
5840,294.392,0,0,0,0,0,0.5,0.00134573,0.0669387,0.0490459
5850,301.248,0,0,0,0,0,0.5,0.00131245,0.0678891,0.0490241
5860,319.058,0,0,0,0,0,0.5,0.00109863,0.0693646,0.050633
5870,292.566,0,0,0,0,0,0.5,0.000739723,0.0695557,0.0522422
5880,299.805,0,0,0,0,0,0.5,0.000261135,0.0693036,0.0527582
5890,294.239,0,0,0,0,0,0.5,-2.58448e-005,0.0690698,0.0523835
5900,306.597,0,0,0,0,0,0.5,0.000445772,0.0687294,0.0521355
5910,328.873,0,0,0,0,0,0.5,0.00159062,0.0685749,0.0520948
5920,289.345,0,0,0,0,0,0.5,0.00213035,0.0692564,0.0520378
5930,307.344,0,0,0,0,0,0.5,0.00228526,0.070364,0.0514597
5940,331.388,0,0,0,0,0,0.5,0.00237545,0.0716573,0.0503812
5950,302.196,0,0,0,0,0,0.5,0.00175348,0.0722096,0.0491875
5960,305.002,0,0,0,0,0,0.5,0.000398396,0.0713765,0.0485656
5970,310.49,0,0,0,0,0,0.5,-9.33655e-006,0.0695805,0.0489443
5980,272.256,0,0,0,0,0,0.5,0.000625494,0.0682895,0.0501099
5990,319.821,0,0,0,0,0,0.5,0.00177828,0.067816,0.0507251
6000,317.43,0,0,0,0,0,0.5,0.00240937,0.0678086,0.0502443
6010,291.582,0,0,0,0,0,0.5,0.00195799,0.0680068,0.0495901
6020,337.334,0,0,0,0,0,0.5,0.000821824,0.0687112,0.0501114
6030,310.613,0,0,0,0,0,0.5,0.00056505,0.0695087,0.0513898
6040,272.2,0,0,0,0,0,0.5,0.00074397,0.0697557,0.0523262
6050,335.132,0,0,0,0,0,0.5,0.000882872,0.0694933,0.0521351
6060,313.064,0,0,0,0,0,0.5,0.00122255,0.0693231,0.0512563
6070,290.43,0,0,0,0,0,0.5,0.0016614,0.0690986,0.0501356
6080,317.429,0,0,0,0,0,0.5,0.0013049,0.069214,0.0492904
6090,289.1,0,0,0,0,0,0.5,0.000738958,0.0705854,0.0487243
6100,288.308,0,0,0,0,0,0.5,0.000235848,0.0723287,0.0485293
6110,276.432,0,0,0,0,0,0.5,-0.000159352,0.0724681,0.0483058
6120,278.863,0,0,0,0,0,0.5,-7.00263e-005,0.0711796,0.0480544
6130,287.747,0,0,0,0,0,0.5,0.000453515,0.0702524,0.0483232
6140,278.827,0,0,0,0,0,0.5,0.000204095,0.0695736,0.0495693
6150,308.33,0,0,0,0,0,0.5,-0.000200286,0.0689965,0.0511658
6160,311.849,0,0,0,0,0,0.5,0.000138274,0.0694195,0.0523776
6170,280.612,0,0,0,0,0,0.5,0.000269915,0.0708955,0.0525034
6180,283.634,0,0,0,0,0,0.5,-0.000565629,0.0712393,0.0518935
6190,294.883,0,0,0,0,0,0.5,-0.000833791,0.0703906,0.0510683
6200,280.101,0,0,0,0,0,0.5,-0.000276093,0.0694817,0.0505108
6210,295.959,0,0,0,0,0,0.5,-0.000233674,0.0691861,0.0499959
6220,245.577,0,0,0,0,0,0.5,-0.00038866,0.0687755,0.049864
6230,293.717,0,0,0,0,0,0.5,-7.72522e-005,0.0687285,0.0502291
6240,292.392,0,0,0,0,0,0.5,-0.000474689,0.0692793,0.0507458
6250,267.093,0,0,0,0,0,0.5,-0.00187215,0.0702928,0.0509535
6260,344.441,0,0,0,0,0,0.5,-0.00218037,0.070705,0.0510616
6270,297.438,0,0,0,0,0,0.5,-0.00137447,0.0710326,0.0511096
6280,310.789,0,0,0,0,0,0.5,-0.000850028,0.0715269,0.0511679
6290,319.191,0,0,0,0,0,0.5,-0.000737519,0.0723003,0.0514421
6300,267.589,0,0,0,0,0,0.5,-0.000315689,0.0723903,0.0522436
6310,335.804,0,0,0,0,0,0.5,-0.000619365,0.0724684,0.0534053
6320,337.364,0,0,0,0,0,0.5,-0.00145977,0.0725562,0.0544921
6330,318.064,0,0,0,0,0,0.5,-0.00182182,0.0726698,0.0548514
6340,350.608,0,0,0,0,0,0.5,-0.00139432,0.072131,0.0548197
6350,311.34,0,0,0,0,0,0.5,-0.00132194,0.0715436,0.0547485
6360,308.458,0,0,0,0,0,0.5,-0.00163787,0.0711099,0.0548689
6370,338.957,0,0,0,0,0,0.5,-0.00207975,0.0715304,0.0551766
6380,318.15,0,0,0,0,0,0.5,-0.00170443,0.0723685,0.055902
6390,333.648,0,0,0,0,0,0.5,-0.00132696,0.0727717,0.0568155
6400,348.375,0,0,0,0,0,0.5,-0.00191086,0.072148,0.0574249
6410,313.153,0,0,0,0,0,0.5,-0.00265323,0.0718078,0.0576816
6420,312.63,0,0,0,0,0,0.5,-0.00221955,0.0722872,0.0581111
6430,322.466,0,0,0,0,0,0.5,-0.00183272,0.072836,0.0589033
6440,299.889,0,0,0,0,0,0.5,-0.001744,0.0729455,0.0598175
6450,321.204,0,0,0,0,0,0.5,-0.0011311,0.0731494,0.0601888
6460,317.564,0,0,0,0,0,0.5,-0.000311553,0.0732983,0.0600568
6470,274.496,0,0,0,0,0,0.5,-0.000180912,0.0730741,0.0597868
6480,290.836,0,0,0,0,0,0.5,-0.00033644,0.0729091,0.0599173
6490,332.216,0,0,0,0,0,0.5,-0.00117068,0.0731432,0.0606208
6500,274.909,0,0,0,0,0,0.5,-0.00263174,0.0732575,0.0618643
6510,297.874,0,0,0,0,0,0.5,-0.00332227,0.0728829,0.0629482
6520,282.959,0,0,0,0,0,0.5,-0.0028148,0.0729165,0.0633696
6530,267.825,0,0,0,0,0,0.5,-0.00287247,0.0736401,0.0626977
6540,302.365,0,0,0,0,0,0.5,-0.00322894,0.0738821,0.0615588
6550,266.758,0,0,0,0,0,0.5,-0.00250901,0.0728241,0.0608427
6560,276.8,0,0,0,0,0,0.5,-0.00117775,0.0718069,0.060882
6570,311.747,0,0,0,0,0,0.5,-0.000256897,0.0718754,0.06091
6580,307.205,0,0,0,0,0,0.5,0.000295135,0.0726065,0.0604923
6590,287.576,0,0,0,0,0,0.5,0.000473356,0.0729082,0.0602194
6600,256.301,0,0,0,0,0,0.5,-0.00017872,0.073153,0.0609646
6610,263.417,0,0,0,0,0,0.5,-0.0010836,0.0737776,0.0625508
6620,273.885,0,0,0,0,0,0.5,-0.00133118,0.0747512,0.063786
6630,298.734,0,0,0,0,0,0.5,-0.000829203,0.0751824,0.063981
6640,293.98,0,0,0,0,0,0.5,-0.000767287,0.0749847,0.0633843
6650,296.579,0,0,0,0,0,0.5,-0.00113873,0.0744236,0.0625917
6660,296.574,0,0,0,0,0,0.5,-0.00105539,0.0738134,0.0620357
6670,267.124,0,0,0,0,0,0.5,-0.000503312,0.0733822,0.0627125
6680,305.886,0,0,0,0,0,0.5,7.75761e-005,0.0737147,0.0647357
6690,259.587,0,0,0,0,0,0.5,0.00115346,0.0743434,0.0664723
6700,263.103,0,0,0,0,0,0.5,0.0023107,0.0744822,0.0663324
6710,310.181,0,0,0,0,0,0.5,0.00239465,0.073883,0.0650354
6720,284.299,0,0,0,0,0,0.5,0.00174698,0.0732472,0.0647599
6730,307.627,0,0,0,0,0,0.5,0.00166345,0.0730082,0.0660564
6740,299.791,0,0,0,0,0,0.5,0.00153992,0.0732385,0.0675398
6750,309.838,0,0,0,0,0,0.5,0.000330084,0.0731783,0.0678518
6760,289.619,0,0,0,0,0,0.5,-0.00135871,0.0725897,0.0675822
6770,302.453,0,0,0,0,0,0.5,-0.0018554,0.0725117,0.0676882
6780,345.867,0,0,0,0,0,0.5,-0.00104566,0.0733687,0.0681471
6790,278.901,0,0,0,0,0,0.5,6.82927e-005,0.073629,0.0680118
6800,309.759,0,0,0,0,0,0.5,0.0011623,0.0726048,0.0671157
6810,318.774,0,0,0,0,0,0.5,0.00230602,0.0720069,0.0660413
6820,259.391,0,0,0,0,0,0.5,0.0023611,0.0723811,0.0652784
6830,331.956,0,0,0,0,0,0.5,0.00107439,0.0726885,0.0647893
6840,336.449,0,0,0,0,0,0.5,-0.000122275,0.0729418,0.0646507
6850,312.876,0,0,0,0,0,0.5,-0.000419428,0.073841,0.064852
6860,367.871,0,0,0,0,0,0.5,-0.000846313,0.0741952,0.0651754
6870,317.312,0,0,0,0,0,0.5,-0.00127523,0.073282,0.0656366
6880,304.651,0,0,0,0,0,0.5,-0.00109164,0.0721043,0.0664609
6890,355.278,0,0,0,0,0,0.5,-0.000721385,0.0718793,0.0674246
6900,301.526,0,0,0,0,0,0.5,-0.000320996,0.0717495,0.0673964
6910,328.889,0,0,0,0,0,0.5,0.000722737,0.0712379,0.0661411
6920,328.473,0,0,0,0,0,0.5,0.00156526,0.0711572,0.0647249
6930,300.165,0,0,0,0,0,0.5,0.00124238,0.0726452,0.0647731
6940,298.716,0,0,0,0,0,0.5,0.000284529,0.0739567,0.0660841
6950,290.173,0,0,0,0,0,0.5,-8.65827e-005,0.0736459,0.0670202
6960,314.353,0,0,0,0,0,0.5,-0.000199232,0.0723898,0.066674
6970,324.045,0,0,0,0,0,0.5,-0.000806919,0.0717754,0.0658962
6980,281.356,0,0,0,0,0,0.5,-0.00171124,0.0715175,0.0657355
6990,298.578,0,0,0,0,0,0.5,-0.00198618,0.0720736,0.066259
7000,320.905,0,0,0,0,0,0.5,-0.00181483,0.0733054,0.0673839
7010,256.074,0,0,0,0,0,0.5,-0.00128923,0.0743546,0.0687203
7020,324.724,0,0,0,0,0,0.5,-0.000380054,0.0740131,0.0694646
7030,316.052,0,0,0,0,0,0.5,0.000235262,0.0731306,0.0694049
7040,250.105,0,0,0,0,0,0.5,-1.75468e-005,0.0719549,0.0694776
7050,300.876,0,0,0,0,0,0.5,-0.000503498,0.0710755,0.0704549
7060,253.062,0,0,0,0,0,0.5,-0.00100599,0.0707557,0.0714237
7070,272.152,0,0,0,0,0,0.5,-0.00158923,0.0710309,0.0708707
7080,291.746,0,0,0,0,0,0.5,-0.00181591,0.0712523,0.0689258
7090,246.824,0,0,0,0,0,0.5,-0.00139851,0.0718717,0.067559
7100,294.471,0,0,0,0,0,0.5,-0.00066101,0.0722788,0.0677866
7110,298.198,0,0,0,0,0,0.5,0.000104172,0.0714677,0.068658
7120,275.555,0,0,0,0,0,0.5,0.000243202,0.0696485,0.0690771
7130,290.694,0,0,0,0,0,0.5,-0.00037483,0.0689747,0.0692981
7140,269.157,0,0,0,0,0,0.5,-0.000873752,0.0701312,0.0701031
7150,291.8,0,0,0,0,0,0.5,-0.00131307,0.0718106,0.0713254
7160,301.261,0,0,0,0,0,0.5,-0.00185836,0.0722785,0.0723768
7170,302.926,0,0,0,0,0,0.5,-0.00182863,0.0720263,0.0730337
7180,297.496,0,0,0,0,0,0.5,-0.000900747,0.0718627,0.073313
7190,261.962,0,0,0,0,0,0.5,-0.000259211,0.0714849,0.0732184
7200,293.793,0,0,0,0,0,0.5,0.000523063,0.0706469,0.0733361
7210,304.538,0,0,0,0,0,0.5,0.00129258,0.0709184,0.0744178
7220,321.76,0,0,0,0,0,0.5,0.00106668,0.0724677,0.0758075
7230,282.98,0,0,0,0,0,0.5,5.95973e-005,0.0732948,0.0759659
7240,292.095,0,0,0,0,0,0.5,-0.000325574,0.0726073,0.0744832
7250,301.279,0,0,0,0,0,0.5,-0.000481385,0.0719669,0.0723852
7260,290.017,0,0,0,0,0,0.5,-0.000363144,0.071882,0.0712077
7270,303.928,0,0,0,0,0,0.5,3.67708e-005,0.0714389,0.0712442
7280,294.852,0,0,0,0,0,0.5,-0.000143548,0.0707485,0.0720594
7290,335.27,0,0,0,0,0,0.5,-0.00110826,0.0708188,0.0733351
7300,312.91,0,0,0,0,0,0.5,-0.00111734,0.0714557,0.0750318
7310,326.642,0,0,0,0,0,0.5,-0.000233713,0.0715,0.0765501
7320,332.683,0,0,0,0,0,0.5,0.000296194,0.0710704,0.0773554
7330,271.179,0,0,0,0,0,0.5,0.000274914,0.0705826,0.0778269
7340,320.776,0,0,0,0,0,0.5,0.000543166,0.0706513,0.0783766
7350,297.583,0,0,0,0,0,0.5,0.000851439,0.0707757,0.0788925
7360,294.891,0,0,0,0,0,0.5,0.000715782,0.0710638,0.0790616
7370,375.765,0,0,0,0,0,0.5,0.000177278,0.0713712,0.0792246
7380,313.011,0,0,0,0,0,0.5,-0.000307453,0.072021,0.0795332
7390,261.542,0,0,0,0,0,0.5,-0.000880848,0.072501,0.0796359
7400,336.143,0,0,0,0,0,0.5,-0.00151733,0.0728159,0.0790623
7410,316.626,0,0,0,0,0,0.5,-0.00154173,0.0727032,0.0785046
7420,343.084,0,0,0,0,0,0.5,-0.00070374,0.0726944,0.0790821
7430,342.108,0,0,0,0,0,0.5,0.00024429,0.0727184,0.0807652
7440,287.585,0,0,0,0,0,0.5,0.000699916,0.0731033,0.0821686
7450,304.718,0,0,0,0,0,0.5,0.00114439,0.0735218,0.0827111
7460,315.001,0,0,0,0,0,0.5,0.00166969,0.0742073,0.0827034
7470,293.841,0,0,0,0,0,0.5,0.00153745,0.074079,0.0826657
7480,326.642,0,0,0,0,0,0.5,0.000813049,0.0731812,0.0822601
7490,337.684,0,0,0,0,0,0.5,0.00069133,0.0722206,0.0813949
7500,264.716,0,0,0,0,0,0.5,0.000689709,0.0725828,0.079884
7510,309.289,0,0,0,0,0,0.5,-0.000267067,0.0734339,0.0784112
7520,288.325,0,0,0,0,0,0.5,-0.00123907,0.0743187,0.0771155
7530,276.5,0,0,0,0,0,0.5,-0.000536621,0.0748324,0.0761887
7540,292.776,0,0,0,0,0,0.5,0.000517691,0.0750327,0.0754786
7550,255.173,0,0,0,0,0,0.5,0.000547562,0.0744691,0.0752208
7560,287.864,0,0,0,0,0,0.5,0.000701342,0.0737677,0.0750992
7570,277.639,0,0,0,0,0,0.5,0.00156996,0.0732742,0.0753396
7580,255.691,0,0,0,0,0,0.5,0.00146049,0.0734714,0.0759234
7590,300.468,0,0,0,0,0,0.5,0.000506022,0.0737992,0.0769267
7600,256.491,0,0,0,0,0,0.5,-0.000122114,0.0741715,0.077638
7610,280.584,0,0,0,0,0,0.5,-0.000154333,0.074699,0.077953
7620,303.325,0,0,0,0,0,0.5,-0.000164261,0.0754541,0.0780062
7630,267.749,0,0,0,0,0,0.5,-1.12179e-005,0.075577,0.0785781
7640,296.773,0,0,0,0,0,0.5,-1.35776e-006,0.0750609,0.0797392
7650,246.681,0,0,0,0,0,0.5,0.000152197,0.0746292,0.0811634
7660,269.896,0,0,0,0,0,0.5,0.000410231,0.0746633,0.081913
7670,309.171,0,0,0,0,0,0.5,0.000436368,0.0750232,0.0821182
7680,286.201,0,0,0,0,0,0.5,0.000129276,0.0754178,0.0822269
7690,310.16,0,0,0,0,0,0.5,-3.66922e-005,0.0754718,0.0828902
7700,288.712,0,0,0,0,0,0.5,-2.47755e-005,0.0747973,0.0837806
7710,303.063,0,0,0,0,0,0.5,0.000428483,0.0736066,0.0842742
7720,324.761,0,0,0,0,0,0.5,0.00113492,0.072578,0.084091
7730,290.011,0,0,0,0,0,0.5,0.00120655,0.0730501,0.0839567
7740,317.482,0,0,0,0,0,0.5,0.000240341,0.0747076,0.0842599
7750,333.459,0,0,0,0,0,0.5,-0.00115986,0.0762201,0.0847342
7760,275.048,0,0,0,0,0,0.5,-0.00231864,0.0768018,0.0849576
7770,323.453,0,0,0,0,0,0.5,-0.00244754,0.0772964,0.0845625
7780,342.889,0,0,0,0,0,0.5,-0.0015743,0.077252,0.0835072
7790,304.621,0,0,0,0,0,0.5,-0.000911943,0.0765851,0.0825297
7800,329.408,0,0,0,0,0,0.5,-0.000985058,0.0756725,0.0827184
7810,292.367,0,0,0,0,0,0.5,-0.0006748,0.0753644,0.0840324
7820,288.221,0,0,0,0,0,0.5,2.61936e-005,0.0754475,0.0847725
7830,336.137,0,0,0,0,0,0.5,0.000256626,0.0762519,0.0840567
7840,348.121,0,0,0,0,0,0.5,0.00031015,0.0771078,0.0827523
7850,290.283,0,0,0,0,0,0.5,0.000591113,0.0773343,0.0824598
7860,312.337,0,0,0,0,0,0.5,-0.000141683,0.0765892,0.0832067
7870,334.749,0,0,0,0,0,0.5,-0.00194256,0.0754562,0.084062
7880,315.732,0,0,0,0,0,0.5,-0.0027743,0.0740154,0.0846078
7890,293.488,0,0,0,0,0,0.5,-0.00221837,0.0731133,0.0849322
7900,317.069,0,0,0,0,0,0.5,-0.00218039,0.0734238,0.0854568
7910,276.126,0,0,0,0,0,0.5,-0.00295899,0.0745617,0.0862609
7920,333.54,0,0,0,0,0,0.5,-0.00307354,0.0752482,0.087615
7930,335.404,0,0,0,0,0,0.5,-0.00213937,0.0754268,0.0895509
7940,303.655,0,0,0,0,0,0.5,-0.00149358,0.0755421,0.0916768
7950,325.436,0,0,0,0,0,0.5,-0.00137374,0.0757334,0.0930594
7960,267.072,0,0,0,0,0,0.5,-0.00112789,0.0755186,0.0935361
7970,279.119,0,0,0,0,0,0.5,-0.000956854,0.0752189,0.093857
7980,345.684,0,0,0,0,0,0.5,-0.00165602,0.0756621,0.0940839
7990,274.478,0,0,0,0,0,0.5,-0.00259335,0.0766588,0.0941251
8000,271.311,0,0,0,0,0,0.5,-0.00269397,0.0770762,0.0937893
8010,265.684,0,0,0,0,0,0.5,-0.002276,0.0769805,0.0936897
8020,265.097,0,0,0,0,0,0.5,-0.00234089,0.0769522,0.0937833
8030,300.252,0,0,0,0,0,0.5,-0.00264468,0.0760766,0.093876
8040,270.34,0,0,0,0,0,0.5,-0.0027595,0.0743888,0.093588
8050,284.473,0,0,0,0,0,0.5,-0.00274538,0.0741862,0.0935974
8060,289.403,0,0,0,0,0,0.5,-0.00238891,0.0760525,0.0942849
8070,241.154,0,0,0,0,0,0.5,-0.00175084,0.0771153,0.0952502
8080,267.524,0,0,0,0,0,0.5,-0.00174305,0.0762464,0.0954274
8090,255.312,0,0,0,0,0,0.5,-0.00257611,0.0752555,0.0952539
8100,270.678,0,0,0,0,0,0.5,-0.00298688,0.0748105,0.0949036
8110,265.858,0,0,0,0,0,0.5,-0.00248643,0.074129,0.0944743
8120,267.846,0,0,0,0,0,0.5,-0.00159515,0.0738152,0.0938139
8130,324.837,0,0,0,0,0,0.5,-0.000775319,0.0745932,0.0935547
8140,279.131,0,0,0,0,0,0.5,-0.000419592,0.0757575,0.0932116
8150,262.076,0,0,0,0,0,0.5,-0.000943357,0.0759165,0.0927737
8160,301.167,0,0,0,0,0,0.5,-0.00126693,0.0754187,0.0922853
8170,284.01,0,0,0,0,0,0.5,-0.000630614,0.0751314,0.092802
8180,284.846,0,0,0,0,0,0.5,-9.74179e-006,0.0748547,0.093828
8190,323.543,0,0,0,0,0,0.5,-0.000624334,0.0737802,0.0947047
8200,292.349,0,0,0,0,0,0.5,-0.00146651,0.0731429,0.0947571
8210,299.279,0,0,0,0,0,0.5,-0.00136171,0.073781,0.0948946
8220,295.666,0,0,0,0,0,0.5,-0.000654764,0.0745713,0.0954229
8230,315.498,0,0,0,0,0,0.5,-0.000254748,0.0739297,0.0964711
8240,388.8,0,0,0,0,0,0.5,-3.23252e-005,0.0726053,0.0975258
8250,336.662,0,0,0,0,0,0.5,0.000248362,0.0716086,0.0988862
8260,287.576,0,0,0,0,0,0.5,-7.75722e-005,0.0715148,0.0996543
8270,330.12,0,0,0,0,0,0.5,-0.000825181,0.0719314,0.0990094
8280,322.153,0,0,0,0,0,0.5,-0.000632067,0.0727182,0.0972273
8290,319.137,0,0,0,0,0,0.5,0.000590343,0.0735147,0.0961968
8300,341.696,0,0,0,0,0,0.5,0.000937137,0.0743396,0.0964969
8310,326.488,0,0,0,0,0,0.5,0.000376002,0.0745152,0.0972903
8320,334.45,0,0,0,0,0,0.5,0.000588828,0.073859,0.0973299
8330,318.431,0,0,0,0,0,0.5,0.00144445,0.0730602,0.0970443
8340,293.964,0,0,0,0,0,0.5,0.0014048,0.0732444,0.0971517
8350,317.506,0,0,0,0,0,0.5,0.00102674,0.0738888,0.0978684
8360,317.814,0,0,0,0,0,0.5,0.00107385,0.0739049,0.0982764
8370,317.289,0,0,0,0,0,0.5,0.00116411,0.0733579,0.098057
8380,320.639,0,0,0,0,0,0.5,0.000961031,0.0730439,0.0973981
8390,281.548,0,0,0,0,0,0.5,0.000798411,0.072554,0.0963931
8400,322.657,0,0,0,0,0,0.5,0.000644488,0.0714247,0.0952203
8410,297.296,0,0,0,0,0,0.5,0.000724618,0.0710744,0.0950172
8420,295.357,0,0,0,0,0,0.5,0.00113061,0.0722193,0.0960007
8430,311.706,0,0,0,0,0,0.5,0.00128719,0.0732794,0.0966147
8440,292.845,0,0,0,0,0,0.5,0.00147421,0.0729186,0.0956142
8450,302.385,0,0,0,0,0,0.5,0.00221194,0.0728066,0.0939316
8460,299.263,0,0,0,0,0,0.5,0.00300662,0.0734726,0.0935842
8470,248.892,0,0,0,0,0,0.5,0.00307601,0.073739,0.0948097
8480,284.353,0,0,0,0,0,0.5,0.00255274,0.0728326,0.0958707
8490,289.802,0,0,0,0,0,0.5,0.00179451,0.0724645,0.0958316
8500,286.707,0,0,0,0,0,0.5,0.00122658,0.0727189,0.0958481
8510,319.049,0,0,0,0,0,0.5,0.000814204,0.0732729,0.096775
8520,279.693,0,0,0,0,0,0.5,0.000587064,0.0740616,0.0980791
8530,241.22,0,0,0,0,0,0.5,0.000986119,0.0753632,0.0990535
8540,261.909,0,0,0,0,0,0.5,0.00192713,0.0752188,0.099994
8550,303.902,0,0,0,0,0,0.5,0.00229069,0.0739916,0.10067
8560,262.317,0,0,0,0,0,0.5,0.00243374,0.0730435,0.100856
8570,301.337,0,0,0,0,0,0.5,0.002491,0.0735423,0.100341
8580,294.943,0,0,0,0,0,0.5,0.0018597,0.0740608,0.10011
8590,297.976,0,0,0,0,0,0.5,0.000485047,0.0748793,0.100374
8600,311.38,0,0,0,0,0,0.5,0.000288711,0.0755904,0.100711
8610,257.886,0,0,0,0,0,0.5,0.00109645,0.0755815,0.100115
8620,266.828,0,0,0,0,0,0.5,0.0015027,0.0744476,0.0997433
8630,283.881,0,0,0,0,0,0.5,0.00149014,0.0742102,0.100515
8640,267.511,0,0,0,0,0,0.5,0.00185844,0.0747458,0.102126
8650,316.809,0,0,0,0,0,0.5,0.00159742,0.0752008,0.102942
8660,303.408,0,0,0,0,0,0.5,0.000266114,0.0756511,0.103395
8670,282.764,0,0,0,0,0,0.5,-0.00136523,0.0770904,0.104409
8680,264.392,0,0,0,0,0,0.5,-0.00183289,0.0778039,0.10646
8690,303.76,0,0,0,0,0,0.5,-0.000692503,0.0771316,0.10801
8700,340.062,0,0,0,0,0,0.5,0.00113796,0.0764066,0.108411
8710,320.925,0,0,0,0,0,0.5,0.00165024,0.0767544,0.107699
8720,314.619,0,0,0,0,0,0.5,0.000790218,0.0768286,0.106786
8730,319.23,0,0,0,0,0,0.5,-0.000321211,0.0766804,0.105683
8740,257.16,0,0,0,0,0,0.5,-0.00103068,0.0772316,0.105153
8750,336.588,0,0,0,0,0,0.5,-0.00178725,0.0783506,0.105306
8760,301.94,0,0,0,0,0,0.5,-0.00212052,0.0785902,0.106342
8770,314.29,0,0,0,0,0,0.5,-0.0017923,0.0779584,0.107356
8780,357.762,0,0,0,0,0,0.5,-0.00169163,0.0773055,0.108216
8790,288.272,0,0,0,0,0,0.5,-0.00226559,0.0770103,0.108934
8800,341.592,0,0,0,0,0,0.5,-0.00239141,0.0769069,0.109561
8810,336.249,0,0,0,0,0,0.5,-0.00125666,0.0770988,0.109949
8820,241.873,0,0,0,0,0,0.5,-0.000128936,0.0774688,0.110033
8830,318.266,0,0,0,0,0,0.5,-0.00055429,0.0775472,0.110438
8840,331.173,0,0,0,0,0,0.5,-0.00193754,0.0775469,0.111397
8850,305.672,0,0,0,0,0,0.5,-0.00238211,0.0777734,0.112454
8860,354.737,0,0,0,0,0,0.5,-0.0018506,0.0778628,0.112728
8870,326.084,0,0,0,0,0,0.5,-0.00196994,0.0776318,0.112291
8880,273.837,0,0,0,0,0,0.5,-0.00317638,0.0780239,0.111677
8890,313.82,0,0,0,0,0,0.5,-0.0041507,0.079025,0.111437
8900,282.139,0,0,0,0,0,0.5,-0.00429942,0.0798002,0.111382
8910,303.017,0,0,0,0,0,0.5,-0.00396807,0.0802423,0.1114
8920,314.393,0,0,0,0,0,0.5,-0.00272295,0.0807001,0.111667
8930,254.94,0,0,0,0,0,0.5,-0.000777919,0.0804768,0.112481
8940,293.157,0,0,0,0,0,0.5,-7.95701e-005,0.0798446,0.113407
8950,298.814,0,0,0,0,0,0.5,-0.00127212,0.0798912,0.114286
8960,272.295,0,0,0,0,0,0.5,-0.00237289,0.0805807,0.115073
8970,306.948,0,0,0,0,0,0.5,-0.00238425,0.0804845,0.115892
8980,272.963,0,0,0,0,0,0.5,-0.00225796,0.0800503,0.116132
8990,299.132,0,0,0,0,0,0.5,-0.00278071,0.0801803,0.115832
9000,302.172,0,0,0,0,0,0.5,-0.00335883,0.0801245,0.115423
9010,304.627,0,0,0,0,0,0.5,-0.00343055,0.0786134,0.115402
9020,252.511,0,0,0,0,0,0.5,-0.00335549,0.0769511,0.115121
9030,275.066,0,0,0,0,0,0.5,-0.00405182,0.0770181,0.114156
9040,288.113,0,0,0,0,0,0.5,-0.00477665,0.0783369,0.113073
9050,274.564,0,0,0,0,0,0.5,-0.00429694,0.0788904,0.112725
9060,291.03,0,0,0,0,0,0.5,-0.0034125,0.0787557,0.113045
9070,279.65,0,0,0,0,0,0.5,-0.00336182,0.0790704,0.113208
9080,271.801,0,0,0,0,0,0.5,-0.00250059,0.0796451,0.113377
9090,318.096,0,0,0,0,0,0.5,-0.000335305,0.079865,0.114044
9100,263.015,0,0,0,0,0,0.5,0.000525889,0.0802147,0.115366
9110,286.032,0,0,0,0,0,0.5,-0.00122262,0.0804725,0.11628
9120,316.986,0,0,0,0,0,0.5,-0.00298484,0.0802127,0.116558
9130,264.172,0,0,0,0,0,0.5,-0.00334593,0.079988,0.116138
9140,279.057,0,0,0,0,0,0.5,-0.00333105,0.0799063,0.115474
9150,314.213,0,0,0,0,0,0.5,-0.0038642,0.0791945,0.114398
9160,280.977,0,0,0,0,0,0.5,-0.00382026,0.0780584,0.113661
9170,310.05,0,0,0,0,0,0.5,-0.002579,0.0774951,0.113203
9180,301.149,0,0,0,0,0,0.5,-0.00109075,0.0771774,0.113075
9190,294.458,0,0,0,0,0,0.5,-0.000740822,0.0769943,0.112133
9200,290.46,0,0,0,0,0,0.5,-0.000452705,0.0774405,0.111366
9210,273.516,0,0,0,0,0,0.5,0.000441594,0.0782092,0.111729
9220,325.696,0,0,0,0,0,0.5,0.000878079,0.0775917,0.113934
9230,350.381,0,0,0,0,0,0.5,0.000101928,0.0761078,0.116164
9240,300.758,0,0,0,0,0,0.5,-0.000421089,0.0759291,0.117597
9250,348.033,0,0,0,0,0,0.5,-0.000540038,0.0771597,0.118195
9260,307.713,0,0,0,0,0,0.5,-0.000909377,0.0777448,0.119345
9270,294.071,0,0,0,0,0,0.5,-0.00158178,0.077848,0.120681
9280,310.775,0,0,0,0,0,0.5,-0.0014759,0.0784452,0.121847
9290,311.538,0,0,0,0,0,0.5,-0.000302695,0.0788667,0.121793
9300,317.75,0,0,0,0,0,0.5,0.00145539,0.0777142,0.120971
9310,352.939,0,0,0,0,0,0.5,0.0023308,0.0762932,0.119732
9320,298.696,0,0,0,0,0,0.5,0.00238766,0.0758377,0.119258
9330,351.896,0,0,0,0,0,0.5,0.00243135,0.0755789,0.119382
9340,323.706,0,0,0,0,0,0.5,0.00250594,0.0747153,0.120299
9350,261.816,0,0,0,0,0,0.5,0.00120993,0.0745348,0.120794
9360,330.772,0,0,0,0,0,0.5,-0.000472282,0.0749814,0.120806
9370,316.109,0,0,0,0,0,0.5,-0.000532598,0.0746869,0.12062
9380,299.719,0,0,0,0,0,0.5,0.000941863,0.0733822,0.121572
9390,335.158,0,0,0,0,0,0.5,0.00175324,0.0726208,0.12274
9400,294.981,0,0,0,0,0,0.5,0.00183574,0.0728003,0.122827
9410,317.253,0,0,0,0,0,0.5,0.00230617,0.0735098,0.121294
9420,298.935,0,0,0,0,0,0.5,0.00258848,0.0743132,0.120084
9430,321.287,0,0,0,0,0,0.5,0.00188523,0.0747682,0.120333
9440,282.527,0,0,0,0,0,0.5,0.00175837,0.0743027,0.121503
9450,282.491,0,0,0,0,0,0.5,0.00285334,0.073802,0.121451
9460,286.334,0,0,0,0,0,0.5,0.00335518,0.074212,0.120286
9470,286.131,0,0,0,0,0,0.5,0.00276766,0.0752046,0.11945
9480,293.332,0,0,0,0,0,0.5,0.0028011,0.075331,0.120239
9490,290.259,0,0,0,0,0,0.5,0.00366947,0.0746698,0.121858
9500,281.701,0,0,0,0,0,0.5,0.00344667,0.0740155,0.123638
9510,278.067,0,0,0,0,0,0.5,0.00160813,0.0735277,0.124755
9520,269.106,0,0,0,0,0,0.5,8.23744e-005,0.0730505,0.124921
9530,282.342,0,0,0,0,0,0.5,0.000704271,0.0729732,0.124597
9540,257.023,0,0,0,0,0,0.5,0.00174767,0.0727676,0.125235
9550,285.557,0,0,0,0,0,0.5,0.00208398,0.0717662,0.12758
9560,270.738,0,0,0,0,0,0.5,0.00262906,0.0713143,0.130299
9570,279.945,0,0,0,0,0,0.5,0.00381298,0.0729271,0.131711
9580,284.077,0,0,0,0,0,0.5,0.00386718,0.0750268,0.131834
9590,231.511,0,0,0,0,0,0.5,0.00311259,0.0757083,0.13219
9600,260.79,0,0,0,0,0,0.5,0.00236343,0.0754627,0.133138
9610,266.476,0,0,0,0,0,0.5,0.0019583,0.0746829,0.13374
9620,281.125,0,0,0,0,0,0.5,0.00170875,0.073306,0.133101
9630,320.879,0,0,0,0,0,0.5,0.00162387,0.0725812,0.132132
9640,315.39,0,0,0,0,0,0.5,0.00126139,0.0736236,0.131498
9650,279.266,0,0,0,0,0,0.5,0.00119172,0.0745715,0.13119
9660,303.063,0,0,0,0,0,0.5,0.00135707,0.0739715,0.130537
9670,300.928,0,0,0,0,0,0.5,0.00102393,0.0732506,0.12997
9680,303.165,0,0,0,0,0,0.5,0.000299459,0.0740544,0.129425
9690,319.227,0,0,0,0,0,0.5,0.00050322,0.074941,0.129214
9700,274.077,0,0,0,0,0,0.5,0.000956516,0.0747065,0.12901
9710,320.95,0,0,0,0,0,0.5,0.000748819,0.0740881,0.129295
9720,317.754,0,0,0,0,0,0.5,-2.87642e-005,0.0746324,0.129274
9730,291.64,0,0,0,0,0,0.5,-0.000550178,0.0754912,0.128686
9740,315.208,0,0,0,0,0,0.5,-0.000565005,0.0759047,0.127445
9750,311.399,0,0,0,0,0,0.5,-0.000476667,0.0763061,0.127297
9760,337.344,0,0,0,0,0,0.5,-0.000817634,0.0774047,0.128806
9770,340.565,0,0,0,0,0,0.5,-0.000967115,0.0780307,0.131257
9780,314.91,0,0,0,0,0,0.5,-0.000771941,0.0781626,0.13226
9790,335.798,0,0,0,0,0,0.5,-0.00129964,0.0784809,0.131989
9800,329.073,0,0,0,0,0,0.5,-0.00208242,0.0788103,0.131431
9810,299.677,0,0,0,0,0,0.5,-0.001993,0.0781966,0.132079
9820,324.237,0,0,0,0,0,0.5,-0.00203428,0.0777638,0.133246
9830,333.126,0,0,0,0,0,0.5,-0.00306526,0.0780055,0.134675
9840,323.373,0,0,0,0,0,0.5,-0.0033328,0.0783374,0.1355
9850,338.077,0,0,0,0,0,0.5,-0.00257067,0.0778147,0.136369
9860,304.902,0,0,0,0,0,0.5,-0.00228453,0.077375,0.137114
9870,327.522,0,0,0,0,0,0.5,-0.00309775,0.0776658,0.138279
9880,309.12,0,0,0,0,0,0.5,-0.00365716,0.0790738,0.139346
9890,284.075,0,0,0,0,0,0.5,-0.00369827,0.0802099,0.139921
9900,335.867,0,0,0,0,0,0.5,-0.00362131,0.0804188,0.139014
9910,297.083,0,0,0,0,0,0.5,-0.00376307,0.0800583,0.137335
9920,309.684,0,0,0,0,0,0.5,-0.00357074,0.0804399,0.13582
9930,332.627,0,0,0,0,0,0.5,-0.00360853,0.0815034,0.135006
9940,300.312,0,0,0,0,0,0.5,-0.00403417,0.0824354,0.133942
9950,307.434,0,0,0,0,0,0.5,-0.00387555,0.0825001,0.132225
9960,273.719,0,0,0,0,0,0.5,-0.00236494,0.0821669,0.130341
9970,262.862,0,0,0,0,0,0.5,-0.00144389,0.0819611,0.129575
9980,318.049,0,0,0,0,0,0.5,-0.00228895,0.0816136,0.130269
9990,293.574,0,0,0,0,0,0.5,-0.00361863,0.0810565,0.131706
10000,6153.17,-5.12621e-006,5.45902e-006,-19.9523,-0.00405177,0.081347,0.49,-0.00407004,0.0814298,0.132599
10010,5886.28,-0.000182028,0.000213461,-19.4833,-0.00405217,0.0813474,0.391299,-0.00419842,0.0823754,0.132713
10020,5596.89,-0.000364032,0.000432852,-19.0273,-0.00405372,0.0813493,0.294912,-0.00414749,0.0823084,0.132559
10030,5373.52,0.00394786,-0.00658193,-18.5793,-0.00404962,0.0813417,0.200786,-0.00385343,0.0817501,0.132791
10040,5135.9,0.0288407,-0.0457878,-18.1393,-0.00397719,0.081225,0.108889,-0.00340783,0.0824044,0.133748
10050,4863.03,0.0521678,-0.0785804,-17.723,-0.00376426,0.0808966,0.019134,-0.00299208,0.0832862,0.134893
10060,4659.09,0.055598,-0.0823518,-17.3127,-0.00348989,0.0804883,-0.0685568,-0.00221179,0.0826356,0.135718
10070,4445.33,0.0545995,-0.0809166,-16.9091,-0.00321387,0.0800793,-0.154208,-0.00144433,0.0819899,0.135915
10080,4240.17,0.0535279,-0.0792072,-16.5165,-0.00294324,0.0796785,-0.237865,-0.00138387,0.0830915,0.13626
10090,4077.9,0.0524257,-0.0774831,-16.1347,-0.00267802,0.0792863,-0.319583,-0.00222421,0.0847279,0.136861
10100,3880.86,0.0512856,-0.0757552,-15.7637,-0.00241844,0.0789028,-0.399418,-0.00287016,0.0849564,0.137875
10110,3713.06,0.0501429,-0.0740535,-15.403,-0.00216457,0.0785279,-0.47742,-0.00294705,0.0846101,0.138501
10120,3562.88,0.0490121,-0.0723833,-15.052,-0.00191641,0.0781614,-0.553642,-0.00271708,0.0846442,0.13909
10130,3391.91,0.0479064,-0.0707501,-14.7106,-0.00167385,0.0778031,-0.628129,-0.00236371,0.0845699,0.139594
10140,3248.42,0.0468271,-0.0691556,-14.3784,-0.00143675,0.077453,-0.700931,-0.00230748,0.0836071,0.140647
10150,3118.68,0.0457741,-0.0676007,-14.055,-0.001205,0.0771107,-0.772092,-0.00317638,0.0831441,0.141908
10160,2972.4,0.0447499,-0.066088,-13.7405,-0.000978445,0.0767761,-0.841656,-0.00357535,0.0837085,0.143189
10170,2851.91,0.0437533,-0.0646163,-13.4345,-0.000756949,0.076449,-0.909666,-0.00230612,0.0842145,0.143333
10180,2747.87,0.0427834,-0.063184,-13.1367,-0.000540375,0.0761292,-0.976166,-0.000921257,0.0838103,0.142919
10190,2609.29,0.0418404,-0.0617912,-12.8472,-0.000328591,0.0758164,0.958806,-0.000984919,0.08338,0.142474
10200,2514.14,0.0409231,-0.0604362,-12.5655,-0.000121464,0.0755105,0.895207,-0.00127574,0.0829346,0.142732
10210,2402.74,0.0400304,-0.0591168,-12.2916,8.11333e-005,0.0752113,0.832998,-0.000853379,0.0821783,0.142667
10220,2290.92,0.0391626,-0.0578296,-12.0257,0.000279322,0.0749186,0.772142,-0.000455544,0.081315,0.142239
10230,2241.15,0.0383173,-0.0565694,-11.7665,0.000473224,0.0746323,0.712599,-0.000474309,0.0811964,0.141542
10240,2119.14,0.0374992,-0.055339,-11.5151,0.000662958,0.0743523,0.654335,-0.000518624,0.0817903,0.14149
10250,2037.41,0.0367039,-0.0541369,-11.2709,0.000848657,0.0740783,0.597312,-0.000711165,0.0828364,0.141625
10260,1968.11,0.0359307,-0.0529529,-11.0337,0.00103043,0.0738103,0.541494,-0.00144524,0.0833377,0.141901
10270,1874.17,0.0351837,-0.0517775,-10.8038,0.00120839,0.0735482,0.486845,-0.00226131,0.0827415,0.141814
10280,1819.65,0.0344798,-0.0505927,-10.5804,0.00138271,0.073292,0.433331,-0.00211221,0.0814244,0.141671
10290,1746.91,0.0338434,-0.0493979,-10.364,0.00155366,0.0730418,0.380919,-0.00103972,0.0809097,0.141259
10300,1675.58,0.033325,-0.0482932,-10.1544,0.00172169,0.0727974,0.329572,-0.000499416,0.0814714,0.141395
10310,1617.87,0.0329955,-0.0476738,-9.95038,0.00188756,0.0725576,0.279261,-0.000609452,0.0823159,0.142493
10320,1558.51,0.0328323,-0.0486724,-9.75128,0.0020523,0.0723175,0.229958,-0.000361044,0.0827577,0.144453
10330,1482.08,0.0320787,-0.0531837,-9.55549,0.00221533,0.0720645,0.181644,-4.12085e-005,0.083096,0.145766
10340,1431.57,0.0289292,-0.062281,-9.36331,0.00236937,0.0717774,0.134302,-0.000319487,0.083181,0.145929
10350,1386.12,0.0229287,-0.0734849,-9.17792,0.0025,0.0714374,0.0879065,-0.000241273,0.0825521,0.145374
10360,1342.79,0.0162616,-0.0815164,-9.0005,0.00259782,0.0710472,0.0424194,0.000436834,0.0817139,0.145092
10370,1300.94,0.0109406,-0.0835983,-8.82988,0.00266507,0.0706316,-0.00219752,0.000762494,0.0814648,0.145043
10380,1232.89,0.00772806,-0.0817526,-8.66453,0.00271088,0.0702169,-0.0459735,0.000566668,0.0812869,0.145015
10390,1200.01,0.0062991,-0.0791602,-8.50241,0.0027454,0.0698144,-0.0889304,0.000568207,0.080736,0.14494
10400,1162.59,0.00578712,-0.0771744,-8.34317,0.00277543,0.0694235,-0.131082,0.000552311,0.0806951,0.144986
10410,1114.18,0.00556163,-0.0757168,-8.18814,0.00280378,0.0690411,-0.172447,0.000392243,0.0812049,0.145243
10420,1084.3,0.00538689,-0.0744441,-8.03793,0.00283117,0.0686654,-0.213047,0.000234839,0.0808156,0.145782
10430,1023.56,0.00522137,-0.0731959,-7.89311,0.00285771,0.0682959,-0.252908,0.00034252,0.079344,0.146645
10440,1014.38,0.00507468,-0.0719569,-7.75328,0.00288346,0.0679327,-0.292057,0.000691377,0.0785309,0.147415
10450,979.229,0.00494756,-0.070728,-7.61736,0.00290853,0.0675757,-0.330515,0.00123301,0.0787708,0.147668
10460,938.615,0.00483388,-0.0695286,-7.48654,0.002933,0.0672248,-0.368305,0.00128579,0.0789982,0.147401
10470,921.951,0.00473116,-0.0683591,-7.35971,0.00295693,0.0668798,-0.405451,0.000889816,0.0789449,0.147386
10480,881.557,0.00463819,-0.0672294,-7.23749,0.00298037,0.0665405,-0.441973,0.000477233,0.0793855,0.147809
10490,857.099,0.00455337,-0.066135,-7.11927,0.00300336,0.0662069,-0.477892,0.000247333,0.0800416,0.148383
10500,844.252,0.0044741,-0.0650686,-7.00444,0.00302595,0.0658786,-0.513229,-0.000181036,0.0801711,0.148687
10510,802.787,0.0043978,-0.0640407,-6.89392,0.00304814,0.0655556,-0.548,-0.000406231,0.0796547,0.149058
10520,780.667,0.00432572,-0.0630465,-6.78708,0.00306997,0.0652376,-0.582228,8.74789e-005,0.0792364,0.149156
10530,762.39,0.00425693,-0.0620883,-6.68412,0.00309144,0.0649246,-0.615931,0.00112212,0.0790199,0.148768
10540,729.411,0.00419126,-0.061165,-6.58487,0.00311257,0.0646162,-0.649126,0.00144848,0.0789208,0.147614
10550,725.985,0.00412801,-0.0602668,-6.4883,0.00313339,0.0643124,-0.681833,0.000859346,0.0787684,0.146596
10560,693.694,0.00406819,-0.0594029,-6.39534,0.00315389,0.0640131,-0.714063,0.000336317,0.078767,0.146144
10570,667.167,0.00401173,-0.0585784,-6.30658,0.0031741,0.0637179,-0.745838,0.000467733,0.0785687,0.146466
10580,671.177,0.0039566,-0.0577735,-6.21992,0.00319404,0.0634268,-0.777176,0.000481544,0.0781812,0.146914
10590,651.028,0.0039028,-0.0569878,-6.13534,0.0032137,0.0631397,-0.808084,0.000220092,0.0778909,0.147659
10600,622.876,0.00385156,-0.0562397,-6.05479,0.0032331,0.0628565,-0.838577,0.000213086,0.0780378,0.14839
10610,617.726,0.00380199,-0.0555159,-5.97686,0.00325224,0.0625769,-0.868675,0.000341205,0.0782609,0.148876
10620,596.891,0.00375429,-0.0548194,-5.90188,0.00327114,0.0623009,-0.89839,-0.000177771,0.0784843,0.148667
10630,577.997,0.00370848,-0.0541504,-5.82986,0.00328981,0.0620284,-0.927736,-0.000913792,0.0784526,0.148453
10640,580.322,0.00366417,-0.0535035,-5.76021,0.00330825,0.0617591,-0.956728,-0.000837118,0.0782638,0.148341
10650,564.597,0.00362063,-0.0528678,-5.69177,0.00332648,0.061493,-0.985374,-0.000110173,0.0781432,0.148283
10660,552.352,0.00357896,-0.0522592,-5.62625,0.00334449,0.06123,0.986316,0.000214227,0.0783069,0.147761
10670,541.975,0.00353876,-0.0516723,-5.56305,0.00336229,0.0609701,0.958327,0.000226942,0.0781631,0.147298
10680,515.677,0.00350074,-0.0511164,-5.50318,0.0033799,0.060713,0.930649,0.000573411,0.0779501,0.147236
10690,509.513,0.00346478,-0.0505901,-5.44649,0.00339732,0.0604586,0.903261,0.000887157,0.0782219,0.147694
10700,499.97,0.00343002,-0.0500816,-5.3917,0.00341456,0.0602068,0.876153,0.00070522,0.0787871,0.147912
10710,500.212,0.0033959,-0.0495827,-5.33785,0.00343164,0.0599575,0.849316,0.000299788,0.0787828,0.147912
10720,502.952,0.00336175,-0.0490893,-5.28428,0.00344854,0.0597107,0.822747,-0.000146221,0.07853,0.14794
10730,477.748,0.00332906,-0.0486229,-5.23339,0.00346527,0.0594663,0.796442,-0.00068164,0.0783012,0.14812
10740,472.111,0.00329915,-0.0481889,-5.18541,0.00348185,0.0592242,0.770383,-0.000793682,0.0778012,0.14801
10750,461.012,0.00327083,-0.0477795,-5.1397,0.00349828,0.0589842,0.74456,-0.00044036,0.0770909,0.147837
10760,451.245,0.00324434,-0.0473916,-5.0962,0.00351458,0.0587462,0.718961,-0.000106412,0.0771314,0.147781
10770,454.834,0.00321862,-0.0470082,-5.05313,0.00353074,0.05851,0.693576,-0.000155949,0.0778614,0.147823
10780,437.232,0.00319469,-0.0466518,-5.01306,0.00354678,0.0582758,0.668402,-0.000440473,0.0781326,0.14773
10790,431.709,0.00317106,-0.0463053,-4.97409,0.0035627,0.0580433,0.643425,-0.000917871,0.0774368,0.14765
10800,421.561,0.00315023,-0.0459918,-4.93835,0.00357851,0.0578125,0.618636,-0.00110351,0.076983,0.147604
10810,414.561,0.00313028,-0.0457093,-4.90472,0.00359422,0.0575832,0.59402,-0.00102707,0.0776468,0.147403
10820,424.297,0.00310788,-0.0454273,-4.86953,0.00360982,0.0573553,0.569575,-0.000916349,0.0785578,0.146835
10830,408.162,0.00308769,-0.0451897,-4.83731,0.00362531,0.0571287,0.545301,-0.000735736,0.0786376,0.146318
10840,403.665,0.0030665,-0.0449875,-4.80661,0.0036407,0.0569032,0.521184,-0.000307715,0.0784346,0.146516
10850,408.108,0.00304779,-0.0448261,-4.77601,0.00365599,0.0566786,0.497219,-0.000301711,0.0786831,0.147345
10860,399.286,0.00303633,-0.0447411,-4.74733,0.0036712,0.0564546,0.473405,-0.000731867,0.0791059,0.147989
10870,387.813,0.00303034,-0.044737,-4.72011,0.00368637,0.0562309,0.44973,-0.00113801,0.0795652,0.147983
10880,391.861,0.00303151,-0.0448256,-4.69491,0.00370153,0.056007,0.426185,-0.00104936,0.08004,0.147747
10890,374.923,0.00304482,-0.0450185,-4.67181,0.00371671,0.0557824,0.402765,-0.000803882,0.0798849,0.147541
10900,381.088,0.00307461,-0.0453001,-4.64952,0.00373201,0.0555565,0.379455,-0.000829664,0.078986,0.14751
10910,384.752,0.00312783,-0.0456547,-4.62697,0.00374751,0.0553291,0.356257,-0.00128443,0.0785684,0.14749
10920,369.606,0.00320845,-0.0460902,-4.60608,0.00376334,0.0550997,0.33317,-0.00129811,0.0789991,0.147524
10930,377.249,0.00331865,-0.0465877,-4.5858,0.00377965,0.054868,0.310184,-0.000905653,0.0794632,0.147415
10940,364.646,0.00345394,-0.0471222,-4.56724,0.00379657,0.0546337,0.287297,-0.000960828,0.0794575,0.147423
10950,357.584,0.00361297,-0.0476387,-4.55056,0.00381424,0.0543967,0.264499,-0.00146492,0.0793111,0.147706
10960,370.091,0.0038016,-0.0480093,-4.53295,0.00383276,0.0541574,0.241783,-0.00137365,0.0791459,0.148451
10970,362.412,0.00404995,-0.0480977,-4.51461,0.00385236,0.053917,0.21916,-0.000992909,0.0791516,0.149023
10980,372.004,0.00438908,-0.047655,-4.49436,0.00387342,0.0536772,0.196631,-0.000943002,0.0793519,0.149028
10990,360.677,0.00482336,-0.0463132,-4.47381,0.00389642,0.0534418,0.174206,-0.000855407,0.0796215,0.148558
