0,0,-3.358262e+003
0,1,-3.359252e+003
0,2,-3.359834e+003
0,3,-3.360266e+003
0,4,-3.360570e+003
0,5,-3.360881e+003
0,6,-3.361134e+003
0,7,-3.361177e+003
0,8,-3.361193e+003
0,9,-3.361279e+003
0,10,-3.361356e+003
0,11,-3.361299e+003
0,12,-3.361311e+003
0,13,-3.361346e+003
0,14,-3.361312e+003
0,15,-3.361443e+003
0,16,-3.361588e+003
0,17,-3.361597e+003
0,18,-3.361757e+003
0,19,-3.362014e+003
0,20,-3.362405e+003
0,21,-3.362634e+003
0,22,-3.362875e+003
0,23,-3.362977e+003
0,24,-3.363302e+003
0,25,-3.363869e+003
0,26,-3.363998e+003
0,27,-3.364540e+003
0,28,-3.365166e+003
0,29,-3.365444e+003
0,30,-3.365552e+003
0,31,-3.365718e+003
0,32,-3.365873e+003
0,33,-3.366126e+003
0,34,-3.366469e+003
0,35,-3.366561e+003
0,36,-3.366860e+003
0,37,-3.367236e+003
0,38,-3.367952e+003
0,39,-3.368321e+003
0,40,-3.368863e+003
0,41,-3.369490e+003
0,42,-3.369775e+003
0,43,-3.369947e+003
0,44,-3.370358e+003
0,45,-3.370584e+003
0,46,-3.370934e+003
0,47,-3.371168e+003
0,48,-3.371420e+003
0,49,-3.371572e+003
0,50,-3.371723e+003
0,51,-3.371821e+003
0,52,-3.371974e+003
0,53,-3.372026e+003
0,54,-3.372124e+003
0,55,-3.372205e+003
0,56,-3.372165e+003
0,57,-3.372253e+003
0,58,-3.372266e+003
0,59,-3.372205e+003
0,60,-3.372360e+003
0,61,-3.372368e+003
0,62,-3.372446e+003
0,63,-3.372450e+003
0,64,-3.372453e+003
0,65,-3.372457e+003
0,66,-3.372460e+003
0,67,-3.372535e+003
0,68,-3.372536e+003
0,69,-3.372538e+003
0,70,-3.372541e+003
0,71,-3.372544e+003
0,72,-3.372548e+003
0,73,-3.372551e+003
0,74,-3.372554e+003
0,75,-3.372557e+003
0,76,-3.372560e+003
0,77,-3.372563e+003
0,78,-3.372566e+003
0,79,-3.372496e+003
0,80,-3.372499e+003
0,81,-3.372502e+003
0,82,-3.372504e+003
0,83,-3.372507e+003
0,84,-3.372581e+003
0,85,-3.372583e+003
0,86,-3.372585e+003
0,87,-3.372588e+003
0,88,-3.372590e+003
0,89,-3.372519e+003
0,90,-3.372521e+003
0,91,-3.372524e+003
0,92,-3.372527e+003
0,93,-3.372530e+003
0,94,-3.372533e+003
0,95,-3.372536e+003
0,96,-3.372538e+003
0,97,-3.372540e+003
0,98,-3.372471e+003
0,99,-3.372474e+003
0,100,-3.372476e+003
0,101,-3.372550e+003
0,102,-3.372551e+003
0,103,-3.372552e+003
0,104,-3.372626e+003
0,105,-3.372628e+003
0,106,-3.372630e+003
0,107,-3.372631e+003
0,108,-3.372706e+003
0,109,-3.372707e+003
0,110,-3.372709e+003
0,111,-3.372710e+003
0,112,-3.372711e+003
0,113,-3.372712e+003
0,114,-3.372640e+003
0,115,-3.372641e+003
0,116,-3.372642e+003
0,117,-3.372643e+003
0,118,-3.372644e+003
0,119,-3.372645e+003
0,120,-3.372646e+003
0,121,-3.372647e+003
0,122,-3.372648e+003
0,123,-3.372649e+003
0,124,-3.372794e+003
0,125,-3.372795e+003
0,126,-3.372796e+003
0,127,-3.372796e+003
0,128,-3.372797e+003
0,129,-3.372797e+003
0,130,-3.372725e+003
0,131,-3.372726e+003
0,132,-3.372726e+003
0,133,-3.372726e+003
0,134,-3.372727e+003
0,135,-3.372727e+003
0,136,-3.372727e+003
0,137,-3.372727e+003
0,138,-3.372728e+003
0,139,-3.372728e+003
0,140,-3.372728e+003
0,141,-3.372729e+003
0,142,-3.372656e+003
0,143,-3.372657e+003
0,144,-3.372657e+003
0,145,-3.372658e+003
0,146,-3.372659e+003
0,147,-3.372659e+003
0,148,-3.372660e+003
0,149,-3.372587e+003
0,150,-3.372588e+003
0,151,-3.372588e+003
0,152,-3.372588e+003
0,153,-3.372589e+003
0,154,-3.372589e+003
0,155,-3.372589e+003
0,156,-3.372589e+003
0,157,-3.372589e+003
0,158,-3.372590e+003
0,159,-3.372590e+003
0,160,-3.372590e+003
0,161,-3.372590e+003
0,162,-3.372590e+003
0,163,-3.372590e+003
0,164,-3.372591e+003
0,165,-3.372663e+003
0,166,-3.372736e+003
0,167,-3.372736e+003
0,168,-3.372736e+003
0,169,-3.372737e+003
0,170,-3.372809e+003
0,171,-3.372761e+003
0,172,-3.372761e+003
0,173,-3.372761e+003
0,174,-3.372761e+003
0,175,-3.372761e+003
0,176,-3.372761e+003
0,177,-3.372761e+003
0,178,-3.372761e+003
0,179,-3.372761e+003
0,180,-3.372761e+003
0,181,-3.372689e+003
0,182,-3.372689e+003
0,183,-3.372689e+003
0,184,-3.372689e+003
0,185,-3.372689e+003
0,186,-3.372689e+003
0,187,-3.372689e+003
0,188,-3.372689e+003
0,189,-3.372689e+003
0,190,-3.372689e+003
0,191,-3.372689e+003
1,0,-3.372681e+003
1,1,-3.372681e+003
1,2,-3.372681e+003
1,3,-3.372681e+003
1,4,-3.372681e+003
1,5,-3.372681e+003
1,6,-3.372681e+003
1,7,-3.372681e+003
1,8,-3.372681e+003
1,9,-3.372681e+003
1,10,-3.372681e+003
1,11,-3.372681e+003
1,12,-3.372681e+003
1,13,-3.372681e+003
1,14,-3.372681e+003
1,15,-3.372681e+003
1,16,-3.372681e+003
1,17,-3.372681e+003
1,18,-3.372681e+003
1,19,-3.372681e+003
1,20,-3.372681e+003
1,21,-3.372681e+003
2,0,-3.371397e+003
2,1,-3.371397e+003
2,2,-3.371397e+003
2,3,-3.371397e+003
2,4,-3.371397e+003
2,5,-3.371397e+003
2,6,-3.371397e+003
2,7,-3.371397e+003
2,8,-3.371397e+003
2,9,-3.371397e+003
2,10,-3.371397e+003
2,11,-3.371397e+003
2,12,-3.371397e+003
2,13,-3.371397e+003
2,14,-3.371397e+003
2,15,-3.371397e+003
2,16,-3.371397e+003
2,17,-3.371397e+003
2,18,-3.371397e+003
2,19,-3.371397e+003
2,20,-3.371397e+003
2,21,-3.371397e+003
3,0,-3.371441e+003
3,1,-3.371441e+003
3,2,-3.371441e+003
3,3,-3.371441e+003
3,4,-3.371441e+003
3,5,-3.371441e+003
3,6,-3.371441e+003
3,7,-3.371441e+003
3,8,-3.371441e+003
3,9,-3.371441e+003
3,10,-3.371441e+003
3,11,-3.371441e+003
3,12,-3.371441e+003
3,13,-3.371441e+003
3,14,-3.371441e+003
3,15,-3.371441e+003
3,16,-3.371441e+003
3,17,-3.371441e+003
3,18,-3.371441e+003
3,19,-3.371441e+003
3,20,-3.371441e+003
3,21,-3.371441e+003
4,0,-3.371451e+003
4,1,-3.371451e+003
4,2,-3.371451e+003
4,3,-3.371451e+003
4,4,-3.371451e+003
4,5,-3.371451e+003
4,6,-3.371451e+003
4,7,-3.371451e+003
4,8,-3.371523e+003
4,9,-3.371523e+003
4,10,-3.371523e+003
4,11,-3.371523e+003
4,12,-3.371523e+003
4,13,-3.371523e+003
4,14,-3.371523e+003
4,15,-3.371523e+003
4,16,-3.371523e+003
4,17,-3.371523e+003
4,18,-3.371523e+003
4,19,-3.371523e+003
4,20,-3.371523e+003
4,21,-3.371523e+003
5,0,-3.371501e+003
5,1,-3.371501e+003
5,2,-3.371501e+003
5,3,-3.371501e+003
5,4,-3.371501e+003
5,5,-3.371501e+003
5,6,-3.371501e+003
5,7,-3.371501e+003
5,8,-3.371501e+003
5,9,-3.371501e+003
5,10,-3.371501e+003
5,11,-3.371501e+003
5,12,-3.371501e+003
5,13,-3.371501e+003
5,14,-3.371501e+003
5,15,-3.371501e+003
5,16,-3.371501e+003
5,17,-3.371501e+003
5,18,-3.371501e+003
5,19,-3.371501e+003
5,20,-3.371501e+003
5,21,-3.371501e+003
5,22,-3.371501e+003
5,23,-3.371502e+003
5,24,-3.371502e+003
5,25,-3.371502e+003
5,26,-3.371502e+003
5,27,-3.371502e+003
5,28,-3.371502e+003
5,29,-3.371502e+003
5,30,-3.371502e+003
5,31,-3.371502e+003
5,32,-3.371502e+003
5,33,-3.371502e+003
5,34,-3.371502e+003
6,0,-3.371452e+003
6,1,-3.371452e+003
6,2,-3.371452e+003
6,3,-3.371452e+003
6,4,-3.371452e+003
6,5,-3.371452e+003
6,6,-3.371452e+003
6,7,-3.371452e+003
6,8,-3.371452e+003
6,9,-3.371452e+003
6,10,-3.371452e+003
6,11,-3.371452e+003
6,12,-3.371452e+003
6,13,-3.371452e+003
6,14,-3.371452e+003
6,15,-3.371452e+003
6,16,-3.371452e+003
6,17,-3.371452e+003
6,18,-3.371452e+003
6,19,-3.371452e+003
6,20,-3.371452e+003
6,21,-3.371452e+003
7,0,-3.371377e+003
7,1,-3.371377e+003
7,2,-3.371377e+003
7,3,-3.371377e+003
7,4,-3.371377e+003
7,5,-3.371377e+003
7,6,-3.371377e+003
7,7,-3.371377e+003
7,8,-3.371377e+003
7,9,-3.371377e+003
7,10,-3.371377e+003
7,11,-3.371377e+003
7,12,-3.371377e+003
7,13,-3.371377e+003
7,14,-3.371377e+003
7,15,-3.371377e+003
7,16,-3.371377e+003
7,17,-3.371377e+003
7,18,-3.371377e+003
7,19,-3.371377e+003
7,20,-3.371377e+003
7,21,-3.371377e+003
8,0,-3.371251e+003
8,1,-3.371251e+003
8,2,-3.371251e+003
8,3,-3.371251e+003
8,4,-3.371251e+003
8,5,-3.371251e+003
8,6,-3.371251e+003
8,7,-3.371251e+003
8,8,-3.371251e+003
8,9,-3.371251e+003
8,10,-3.371251e+003
8,11,-3.371251e+003
8,12,-3.371251e+003
8,13,-3.371251e+003
8,14,-3.371251e+003
8,15,-3.371251e+003
8,16,-3.371251e+003
8,17,-3.371251e+003
8,18,-3.371251e+003
8,19,-3.371251e+003
8,20,-3.371251e+003
8,21,-3.371251e+003
9,0,-3.371486e+003
9,1,-3.371486e+003
9,2,-3.371486e+003
9,3,-3.371486e+003
9,4,-3.371486e+003
9,5,-3.371486e+003
9,6,-3.371486e+003
9,7,-3.371486e+003
9,8,-3.371486e+003
9,9,-3.371486e+003
9,10,-3.371486e+003
9,11,-3.371486e+003
9,12,-3.371486e+003
9,13,-3.371486e+003
9,14,-3.371486e+003
9,15,-3.371486e+003
9,16,-3.371486e+003
9,17,-3.371486e+003
9,18,-3.371486e+003
9,19,-3.371486e+003
9,20,-3.371486e+003
9,21,-3.371486e+003
9,22,-3.371486e+003
9,23,-3.371486e+003
9,24,-3.371486e+003
9,25,-3.371486e+003
9,26,-3.371486e+003
9,27,-3.371486e+003
9,28,-3.371486e+003
9,29,-3.371486e+003
10,0,-3.371570e+003
10,1,-3.371570e+003
10,2,-3.371570e+003
10,3,-3.371570e+003
10,4,-3.371570e+003
10,5,-3.371570e+003
10,6,-3.371570e+003
10,7,-3.371570e+003
10,8,-3.371570e+003
10,9,-3.371570e+003
10,10,-3.371570e+003
10,11,-3.371570e+003
10,12,-3.371570e+003
10,13,-3.371570e+003
10,14,-3.371570e+003
10,15,-3.371570e+003
10,16,-3.371570e+003
10,17,-3.371570e+003
10,18,-3.371570e+003
10,19,-3.371570e+003
10,20,-3.371570e+003
10,21,-3.371570e+003
11,0,-3.371623e+003
11,1,-3.371623e+003
11,2,-3.371623e+003
11,3,-3.371623e+003
11,4,-3.371623e+003
11,5,-3.371623e+003
11,6,-3.371623e+003
11,7,-3.371623e+003
11,8,-3.371623e+003
11,9,-3.371623e+003
11,10,-3.371623e+003
11,11,-3.371623e+003
11,12,-3.371623e+003
11,13,-3.371623e+003
11,14,-3.371623e+003
11,15,-3.371623e+003
11,16,-3.371623e+003
11,17,-3.371623e+003
11,18,-3.371623e+003
11,19,-3.371623e+003
11,20,-3.371623e+003
11,21,-3.371623e+003
12,0,-3.371643e+003
12,1,-3.371643e+003
12,2,-3.371643e+003
12,3,-3.371643e+003
12,4,-3.371643e+003
12,5,-3.371643e+003
12,6,-3.371643e+003
12,7,-3.371643e+003
12,8,-3.371643e+003
12,9,-3.371643e+003
12,10,-3.371643e+003
12,11,-3.371643e+003
12,12,-3.371643e+003
12,13,-3.371643e+003
12,14,-3.371643e+003
12,15,-3.371643e+003
12,16,-3.371643e+003
12,17,-3.371643e+003
12,18,-3.371643e+003
12,19,-3.371643e+003
12,20,-3.371643e+003
12,21,-3.371643e+003
13,0,-3.371624e+003
13,1,-3.371624e+003
13,2,-3.371624e+003
13,3,-3.371624e+003
13,4,-3.371624e+003
13,5,-3.371624e+003
13,6,-3.371624e+003
13,7,-3.371624e+003
13,8,-3.371624e+003
13,9,-3.371624e+003
13,10,-3.371624e+003
13,11,-3.371624e+003
13,12,-3.371624e+003
13,13,-3.371624e+003
13,14,-3.371624e+003
13,15,-3.371624e+003
13,16,-3.371624e+003
13,17,-3.371624e+003
13,18,-3.371624e+003
13,19,-3.371624e+003
13,20,-3.371624e+003
13,21,-3.371624e+003
14,0,-3.372394e+003
14,1,-3.372394e+003
14,2,-3.372394e+003
14,3,-3.372394e+003
14,4,-3.372394e+003
14,5,-3.372394e+003
14,6,-3.372394e+003
14,7,-3.372394e+003
14,8,-3.372394e+003
14,9,-3.372394e+003
14,10,-3.372394e+003
14,11,-3.372394e+003
14,12,-3.372394e+003
14,13,-3.372394e+003
14,14,-3.372394e+003
14,15,-3.372394e+003
14,16,-3.372394e+003
14,17,-3.372394e+003
14,18,-3.372394e+003
14,19,-3.372394e+003
14,20,-3.372394e+003
14,21,-3.372394e+003
15,0,-3.373031e+003
15,1,-3.373031e+003
15,2,-3.373031e+003
15,3,-3.373031e+003
15,4,-3.373031e+003
15,5,-3.373031e+003
15,6,-3.373031e+003
15,7,-3.373031e+003
15,8,-3.373031e+003
15,9,-3.373031e+003
15,10,-3.373031e+003
15,11,-3.373031e+003
15,12,-3.373031e+003
15,13,-3.373031e+003
15,14,-3.373031e+003
15,15,-3.373031e+003
15,16,-3.373031e+003
15,17,-3.373031e+003
15,18,-3.373031e+003
15,19,-3.373031e+003
15,20,-3.373031e+003
15,21,-3.373031e+003
16,0,-3.373484e+003
16,1,-3.373484e+003
16,2,-3.373484e+003
16,3,-3.373484e+003
16,4,-3.373484e+003
16,5,-3.373484e+003
16,6,-3.373484e+003
16,7,-3.373484e+003
16,8,-3.373484e+003
16,9,-3.373484e+003
16,10,-3.373484e+003
16,11,-3.373484e+003
16,12,-3.373484e+003
16,13,-3.373484e+003
16,14,-3.373484e+003
16,15,-3.373484e+003
16,16,-3.373484e+003
16,17,-3.373484e+003
16,18,-3.373484e+003
16,19,-3.373484e+003
16,20,-3.373484e+003
16,21,-3.373484e+003
17,0,-3.373497e+003
17,1,-3.373497e+003
17,2,-3.373497e+003
17,3,-3.373497e+003
17,4,-3.373497e+003
17,5,-3.373497e+003
17,6,-3.373497e+003
17,7,-3.373497e+003
17,8,-3.373497e+003
17,9,-3.373497e+003
17,10,-3.373497e+003
17,11,-3.373497e+003
17,12,-3.373497e+003
17,13,-3.373497e+003
17,14,-3.373497e+003
17,15,-3.373497e+003
17,16,-3.373497e+003
17,17,-3.373497e+003
17,18,-3.373497e+003
17,19,-3.373497e+003
17,20,-3.373497e+003
17,21,-3.373497e+003
18,0,-3.373232e+003
18,1,-3.373232e+003
18,2,-3.373232e+003
18,3,-3.373232e+003
18,4,-3.373232e+003
18,5,-3.373232e+003
18,6,-3.373232e+003
18,7,-3.373232e+003
18,8,-3.373232e+003
18,9,-3.373232e+003
18,10,-3.373232e+003
18,11,-3.373232e+003
18,12,-3.373232e+003
18,13,-3.373232e+003
18,14,-3.373232e+003
18,15,-3.373232e+003
18,16,-3.373232e+003
18,17,-3.373232e+003
18,18,-3.373232e+003
18,19,-3.373232e+003
18,20,-3.373232e+003
18,21,-3.373232e+003
18,22,-3.373232e+003
18,23,-3.373232e+003
18,24,-3.373232e+003
18,25,-3.373232e+003
18,26,-3.373232e+003
18,27,-3.373232e+003
18,28,-3.373232e+003
19,0,-3.372299e+003
19,1,-3.372299e+003
19,2,-3.372299e+003
19,3,-3.372299e+003
19,4,-3.372299e+003
19,5,-3.372299e+003
19,6,-3.372299e+003
19,7,-3.372299e+003
19,8,-3.372299e+003
19,9,-3.372299e+003
19,10,-3.372299e+003
19,11,-3.372299e+003
19,12,-3.372299e+003
19,13,-3.372299e+003
19,14,-3.372299e+003
19,15,-3.372299e+003
19,16,-3.372299e+003
19,17,-3.372299e+003
19,18,-3.372299e+003
19,19,-3.372299e+003
19,20,-3.372299e+003
19,21,-3.372299e+003
20,0,-3.372355e+003
20,1,-3.372355e+003
20,2,-3.372355e+003
20,3,-3.372355e+003
20,4,-3.372355e+003
20,5,-3.372355e+003
20,6,-3.372355e+003
20,7,-3.372355e+003
20,8,-3.372355e+003
20,9,-3.372355e+003
20,10,-3.372355e+003
20,11,-3.372355e+003
20,12,-3.372355e+003
20,13,-3.372355e+003
20,14,-3.372355e+003
20,15,-3.372355e+003
20,16,-3.372355e+003
20,17,-3.372355e+003
20,18,-3.372355e+003
20,19,-3.372355e+003
20,20,-3.372355e+003
20,21,-3.372355e+003
21,0,-3.372391e+003
21,1,-3.372391e+003
21,2,-3.372391e+003
21,3,-3.372391e+003
21,4,-3.372391e+003
21,5,-3.372391e+003
21,6,-3.372391e+003
21,7,-3.372391e+003
21,8,-3.372391e+003
21,9,-3.372391e+003
21,10,-3.372391e+003
21,11,-3.372391e+003
21,12,-3.372391e+003
21,13,-3.372391e+003
21,14,-3.372391e+003
21,15,-3.372391e+003
21,16,-3.372391e+003
21,17,-3.372391e+003
21,18,-3.372391e+003
21,19,-3.372391e+003
21,20,-3.372391e+003
21,21,-3.372391e+003
22,0,-3.372415e+003
22,1,-3.372415e+003
22,2,-3.372415e+003
22,3,-3.372415e+003
22,4,-3.372415e+003
22,5,-3.372415e+003
22,6,-3.372415e+003
22,7,-3.372415e+003
22,8,-3.372415e+003
22,9,-3.372415e+003
22,10,-3.372415e+003
22,11,-3.372415e+003
22,12,-3.372415e+003
22,13,-3.372415e+003
22,14,-3.372415e+003
22,15,-3.372415e+003
22,16,-3.372415e+003
22,17,-3.372415e+003
22,18,-3.372415e+003
22,19,-3.372415e+003
22,20,-3.372415e+003
22,21,-3.372415e+003
22,22,-3.372415e+003
22,23,-3.372415e+003
22,24,-3.372415e+003
22,25,-3.372415e+003
22,26,-3.372415e+003
22,27,-3.372415e+003
22,28,-3.372415e+003
23,0,-3.372432e+003
23,1,-3.372432e+003
23,2,-3.372432e+003
23,3,-3.372432e+003
23,4,-3.372432e+003
23,5,-3.372432e+003
23,6,-3.372432e+003
23,7,-3.372432e+003
23,8,-3.372432e+003
23,9,-3.372432e+003
23,10,-3.372432e+003
23,11,-3.372432e+003
23,12,-3.372432e+003
23,13,-3.372432e+003
23,14,-3.372432e+003
23,15,-3.372432e+003
23,16,-3.372432e+003
23,17,-3.372432e+003
23,18,-3.372432e+003
23,19,-3.372432e+003
23,20,-3.372432e+003
23,21,-3.372432e+003
24,0,-3.371243e+003
24,1,-3.371243e+003
24,2,-3.371243e+003
24,3,-3.371243e+003
24,4,-3.371243e+003
24,5,-3.371243e+003
24,6,-3.371243e+003
24,7,-3.371243e+003
24,8,-3.371243e+003
24,9,-3.371243e+003
24,10,-3.371243e+003
24,11,-3.371243e+003
24,12,-3.371243e+003
24,13,-3.371243e+003
24,14,-3.371243e+003
24,15,-3.371243e+003
24,16,-3.371243e+003
24,17,-3.371243e+003
24,18,-3.371243e+003
24,19,-3.371243e+003
24,20,-3.371243e+003
24,21,-3.371243e+003
25,0,-3.371363e+003
25,1,-3.371363e+003
25,2,-3.371363e+003
25,3,-3.371363e+003
25,4,-3.371363e+003
25,5,-3.371363e+003
25,6,-3.371363e+003
25,7,-3.371363e+003
25,8,-3.371363e+003
25,9,-3.371363e+003
25,10,-3.371363e+003
25,11,-3.371363e+003
25,12,-3.371363e+003
25,13,-3.371363e+003
25,14,-3.371363e+003
25,15,-3.371363e+003
25,16,-3.371363e+003
25,17,-3.371363e+003
25,18,-3.371363e+003
25,19,-3.371363e+003
25,20,-3.371363e+003
25,21,-3.371363e+003
26,0,-3.371467e+003
26,1,-3.371467e+003
26,2,-3.371467e+003
26,3,-3.371467e+003
26,4,-3.371467e+003
26,5,-3.371467e+003
26,6,-3.371467e+003
26,7,-3.371467e+003
26,8,-3.371467e+003
26,9,-3.371467e+003
26,10,-3.371467e+003
26,11,-3.371467e+003
26,12,-3.371467e+003
26,13,-3.371467e+003
26,14,-3.371467e+003
26,15,-3.371467e+003
26,16,-3.371467e+003
26,17,-3.371467e+003
26,18,-3.371467e+003
26,19,-3.371467e+003
26,20,-3.371467e+003
26,21,-3.371467e+003
27,0,-3.372891e+003
27,1,-3.372891e+003
27,2,-3.372891e+003
27,3,-3.372891e+003
27,4,-3.372891e+003
27,5,-3.372891e+003
27,6,-3.372891e+003
27,7,-3.372891e+003
27,8,-3.372891e+003
27,9,-3.372891e+003
27,10,-3.372891e+003
27,11,-3.372891e+003
27,12,-3.372891e+003
27,13,-3.372891e+003
27,14,-3.372891e+003
27,15,-3.372891e+003
27,16,-3.372891e+003
27,17,-3.372891e+003
27,18,-3.372891e+003
27,19,-3.372891e+003
27,20,-3.372891e+003
27,21,-3.372891e+003
28,0,-3.373081e+003
28,1,-3.373081e+003
28,2,-3.373081e+003
28,3,-3.373081e+003
28,4,-3.373081e+003
28,5,-3.373081e+003
28,6,-3.373081e+003
28,7,-3.373081e+003
28,8,-3.373081e+003
28,9,-3.373081e+003
28,10,-3.373081e+003
28,11,-3.373081e+003
28,12,-3.373081e+003
28,13,-3.373081e+003
28,14,-3.373081e+003
28,15,-3.373081e+003
28,16,-3.373081e+003
28,17,-3.373081e+003
28,18,-3.373081e+003
28,19,-3.373081e+003
28,20,-3.373081e+003
28,21,-3.373081e+003
29,0,-3.373235e+003
29,1,-3.373235e+003
29,2,-3.373235e+003
29,3,-3.373235e+003
29,4,-3.373235e+003
29,5,-3.373235e+003
29,6,-3.373235e+003
29,7,-3.373235e+003
29,8,-3.373235e+003
29,9,-3.373235e+003
29,10,-3.373235e+003
29,11,-3.373235e+003
29,12,-3.373235e+003
29,13,-3.373235e+003
29,14,-3.373235e+003
29,15,-3.373235e+003
29,16,-3.373235e+003
29,17,-3.373235e+003
29,18,-3.373235e+003
29,19,-3.373235e+003
29,20,-3.373235e+003
29,21,-3.373235e+003
30,0,-3.373391e+003
30,1,-3.373391e+003
30,2,-3.373391e+003
30,3,-3.373391e+003
30,4,-3.373391e+003
30,5,-3.373391e+003
30,6,-3.373391e+003
30,7,-3.373391e+003
30,8,-3.373391e+003
30,9,-3.373391e+003
30,10,-3.373391e+003
30,11,-3.373391e+003
30,12,-3.373391e+003
30,13,-3.373391e+003
30,14,-3.373391e+003
30,15,-3.373391e+003
30,16,-3.373391e+003
30,17,-3.373391e+003
30,18,-3.373391e+003
30,19,-3.373391e+003
30,20,-3.373391e+003
30,21,-3.373391e+003
31,0,-3.373402e+003
31,1,-3.373402e+003
31,2,-3.373402e+003
31,3,-3.373402e+003
31,4,-3.373402e+003
31,5,-3.373402e+003
31,6,-3.373402e+003
31,7,-3.373402e+003
31,8,-3.373402e+003
31,9,-3.373402e+003
31,10,-3.373402e+003
31,11,-3.373402e+003
31,12,-3.373402e+003
31,13,-3.373402e+003
31,14,-3.373402e+003
31,15,-3.373402e+003
31,16,-3.373402e+003
31,17,-3.373402e+003
31,18,-3.373402e+003
31,19,-3.373402e+003
31,20,-3.373402e+003
31,21,-3.373402e+003
31,22,-3.373402e+003
31,23,-3.373402e+003
31,24,-3.373402e+003
31,25,-3.373402e+003
31,26,-3.373402e+003
31,27,-3.373402e+003
32,0,-3.373274e+003
32,1,-3.373274e+003
32,2,-3.373274e+003
32,3,-3.373274e+003
32,4,-3.373274e+003
32,5,-3.373274e+003
32,6,-3.373274e+003
32,7,-3.373274e+003
32,8,-3.373274e+003
32,9,-3.373274e+003
32,10,-3.373274e+003
32,11,-3.373274e+003
32,12,-3.373274e+003
32,13,-3.373274e+003
32,14,-3.373274e+003
32,15,-3.373274e+003
32,16,-3.373274e+003
32,17,-3.373274e+003
32,18,-3.373274e+003
32,19,-3.373274e+003
32,20,-3.373274e+003
32,21,-3.373274e+003
33,0,-3.374229e+003
33,1,-3.374229e+003
33,2,-3.374229e+003
33,3,-3.374229e+003
33,4,-3.374229e+003
33,5,-3.374229e+003
33,6,-3.374229e+003
33,7,-3.374229e+003
33,8,-3.374229e+003
33,9,-3.374229e+003
33,10,-3.374229e+003
33,11,-3.374229e+003
33,12,-3.374229e+003
33,13,-3.374229e+003
33,14,-3.374229e+003
33,15,-3.374229e+003
33,16,-3.374229e+003
33,17,-3.374229e+003
33,18,-3.374229e+003
33,19,-3.374229e+003
33,20,-3.374229e+003
33,21,-3.374229e+003
33,22,-3.374229e+003
33,23,-3.374229e+003
33,24,-3.374229e+003
33,25,-3.374229e+003
33,26,-3.374229e+003
33,27,-3.374229e+003
33,28,-3.374229e+003
33,29,-3.374229e+003
33,30,-3.374229e+003
33,31,-3.374229e+003
33,32,-3.374229e+003
33,33,-3.374229e+003
33,34,-3.374229e+003
33,35,-3.374229e+003
33,36,-3.374229e+003
33,37,-3.374229e+003
33,38,-3.374229e+003
33,39,-3.374229e+003
33,40,-3.374229e+003
33,41,-3.374229e+003
33,42,-3.374229e+003
33,43,-3.374229e+003
33,44,-3.374229e+003
33,45,-3.374229e+003
33,46,-3.374229e+003
33,47,-3.374229e+003
33,48,-3.374229e+003
33,49,-3.374229e+003
33,50,-3.374229e+003
33,51,-3.374229e+003
33,52,-3.374229e+003
33,53,-3.374229e+003
33,54,-3.374229e+003
33,55,-3.374229e+003
33,56,-3.374229e+003
33,57,-3.374229e+003
33,58,-3.374229e+003
33,59,-3.374229e+003
33,60,-3.374229e+003
33,61,-3.374229e+003
33,62,-3.374229e+003
33,63,-3.374229e+003
33,64,-3.374230e+003
33,65,-3.374230e+003
33,66,-3.374230e+003
33,67,-3.374230e+003
33,68,-3.374230e+003
33,69,-3.374230e+003
33,70,-3.374230e+003
33,71,-3.374230e+003
33,72,-3.374230e+003
33,73,-3.374230e+003
33,74,-3.374230e+003
33,75,-3.374230e+003
33,76,-3.374230e+003
33,77,-3.374230e+003
33,78,-3.374230e+003
33,79,-3.374230e+003
33,80,-3.374230e+003
33,81,-3.374230e+003
33,82,-3.374230e+003
33,83,-3.374230e+003
33,84,-3.374230e+003
33,85,-3.374230e+003
33,86,-3.374230e+003
33,87,-3.374230e+003
33,88,-3.374230e+003
33,89,-3.374230e+003
33,90,-3.374230e+003
33,91,-3.374230e+003
33,92,-3.374230e+003
33,93,-3.374230e+003
33,94,-3.374230e+003
33,95,-3.374230e+003
34,0,-3.373712e+003
34,1,-3.373712e+003
34,2,-3.373712e+003
34,3,-3.373712e+003
34,4,-3.373712e+003
34,5,-3.373712e+003
34,6,-3.373712e+003
34,7,-3.373712e+003
34,8,-3.373712e+003
34,9,-3.373712e+003
34,10,-3.373712e+003
34,11,-3.373712e+003
34,12,-3.373712e+003
34,13,-3.373712e+003
34,14,-3.373712e+003
34,15,-3.373712e+003
34,16,-3.373712e+003
34,17,-3.373712e+003
34,18,-3.373712e+003
34,19,-3.373712e+003
34,20,-3.373712e+003
34,21,-3.373712e+003
34,22,-3.373712e+003
34,23,-3.373712e+003
34,24,-3.373712e+003
34,25,-3.373712e+003
34,26,-3.373712e+003
34,27,-3.373712e+003
34,28,-3.373712e+003
34,29,-3.373712e+003
34,30,-3.373712e+003
34,31,-3.373712e+003
34,32,-3.373712e+003
34,33,-3.373712e+003
34,34,-3.373712e+003
34,35,-3.373712e+003
34,36,-3.373712e+003
34,37,-3.373712e+003
34,38,-3.373712e+003
34,39,-3.373712e+003
34,40,-3.373712e+003
34,41,-3.373712e+003
34,42,-3.373712e+003
34,43,-3.373712e+003
34,44,-3.373712e+003
34,45,-3.373712e+003
34,46,-3.373712e+003
34,47,-3.373712e+003
34,48,-3.373712e+003
34,49,-3.373712e+003
34,50,-3.373712e+003
34,51,-3.373712e+003
34,52,-3.373712e+003
34,53,-3.373712e+003
34,54,-3.373712e+003
34,55,-3.373712e+003
34,56,-3.373712e+003
34,57,-3.373712e+003
34,58,-3.373712e+003
34,59,-3.373712e+003
34,60,-3.373712e+003
34,61,-3.373712e+003
34,62,-3.373712e+003
34,63,-3.373712e+003
34,64,-3.373712e+003
34,65,-3.373712e+003
34,66,-3.373712e+003
34,67,-3.373712e+003
34,68,-3.373713e+003
34,69,-3.373713e+003
34,70,-3.373713e+003
34,71,-3.373713e+003
34,72,-3.373713e+003
34,73,-3.373713e+003
34,74,-3.373714e+003
34,75,-3.373714e+003
34,76,-3.373714e+003
34,77,-3.373714e+003
34,78,-3.373714e+003
34,79,-3.373714e+003
34,80,-3.373714e+003
34,81,-3.373714e+003
34,82,-3.373714e+003
34,83,-3.373714e+003
34,84,-3.373714e+003
34,85,-3.373714e+003
34,86,-3.373714e+003
34,87,-3.373714e+003
34,88,-3.373714e+003
34,89,-3.373714e+003
34,90,-3.373714e+003
34,91,-3.373714e+003
34,92,-3.373714e+003
34,93,-3.373714e+003
34,94,-3.373714e+003
34,95,-3.373714e+003
34,96,-3.373714e+003
34,97,-3.373714e+003
34,98,-3.373714e+003
34,99,-3.373714e+003
34,100,-3.373714e+003
35,0,-3.371576e+003
35,1,-3.371576e+003
35,2,-3.371576e+003
35,3,-3.371576e+003
35,4,-3.371576e+003
35,5,-3.371576e+003
35,6,-3.371576e+003
35,7,-3.371576e+003
35,8,-3.371576e+003
35,9,-3.371576e+003
35,10,-3.371576e+003
35,11,-3.371576e+003
35,12,-3.371576e+003
35,13,-3.371576e+003
35,14,-3.371576e+003
35,15,-3.371576e+003
35,16,-3.371576e+003
35,17,-3.371576e+003
35,18,-3.371576e+003
35,19,-3.371576e+003
35,20,-3.371576e+003
35,21,-3.371576e+003
35,22,-3.371576e+003
35,23,-3.371576e+003
35,24,-3.371576e+003
35,25,-3.371576e+003
35,26,-3.371576e+003
35,27,-3.371576e+003
35,28,-3.371576e+003
35,29,-3.371576e+003
35,30,-3.371576e+003
35,31,-3.371576e+003
35,32,-3.371576e+003
35,33,-3.371576e+003
35,34,-3.371576e+003
35,35,-3.371576e+003
35,36,-3.371576e+003
35,37,-3.371576e+003
35,38,-3.371576e+003
35,39,-3.371576e+003
35,40,-3.371576e+003
35,41,-3.371576e+003
35,42,-3.371576e+003
35,43,-3.371576e+003
35,44,-3.371576e+003
35,45,-3.371576e+003
35,46,-3.371576e+003
35,47,-3.371576e+003
35,48,-3.371576e+003
35,49,-3.371576e+003
35,50,-3.371576e+003
35,51,-3.371576e+003
35,52,-3.371576e+003
35,53,-3.371576e+003
35,54,-3.371576e+003
35,55,-3.371576e+003
35,56,-3.371576e+003
35,57,-3.371576e+003
35,58,-3.371576e+003
35,59,-3.371576e+003
35,60,-3.371576e+003
35,61,-3.371576e+003
35,62,-3.371576e+003
35,63,-3.371576e+003
35,64,-3.371576e+003
35,65,-3.371576e+003
35,66,-3.371577e+003
35,67,-3.371578e+003
35,68,-3.371627e+003
35,69,-3.371628e+003
35,70,-3.371628e+003
35,71,-3.371629e+003
35,72,-3.371629e+003
35,73,-3.371630e+003
35,74,-3.371630e+003
35,75,-3.371630e+003
35,76,-3.371630e+003
35,77,-3.371630e+003
35,78,-3.371630e+003
35,79,-3.371630e+003
35,80,-3.371630e+003
35,81,-3.371630e+003
35,82,-3.371630e+003
35,83,-3.371630e+003
35,84,-3.371630e+003
35,85,-3.371630e+003
35,86,-3.371630e+003
35,87,-3.371630e+003
35,88,-3.371630e+003
35,89,-3.371630e+003
35,90,-3.371630e+003
35,91,-3.371630e+003
35,92,-3.371630e+003
35,93,-3.371630e+003
35,94,-3.371630e+003
35,95,-3.371630e+003
35,96,-3.371630e+003
35,97,-3.371630e+003
35,98,-3.371630e+003
35,99,-3.371630e+003
35,100,-3.371630e+003
36,0,-3.370143e+003
36,1,-3.370143e+003
36,2,-3.370143e+003
36,3,-3.370143e+003
36,4,-3.370143e+003
36,5,-3.370143e+003
36,6,-3.370143e+003
36,7,-3.370143e+003
36,8,-3.370143e+003
36,9,-3.370143e+003
36,10,-3.370143e+003
36,11,-3.370143e+003
36,12,-3.370143e+003
36,13,-3.370143e+003
36,14,-3.370143e+003
36,15,-3.370143e+003
36,16,-3.370143e+003
36,17,-3.370143e+003
36,18,-3.370143e+003
36,19,-3.370143e+003
36,20,-3.370143e+003
36,21,-3.370143e+003
36,22,-3.370143e+003
36,23,-3.370143e+003
36,24,-3.370143e+003
36,25,-3.370143e+003
36,26,-3.370143e+003
36,27,-3.370143e+003
36,28,-3.370143e+003
36,29,-3.370143e+003
36,30,-3.370143e+003
36,31,-3.370143e+003
36,32,-3.370143e+003
36,33,-3.370143e+003
36,34,-3.370143e+003
36,35,-3.370143e+003
36,36,-3.370143e+003
36,37,-3.370143e+003
36,38,-3.370143e+003
36,39,-3.370143e+003
36,40,-3.370143e+003
36,41,-3.370143e+003
36,42,-3.370143e+003
36,43,-3.370143e+003
36,44,-3.370143e+003
36,45,-3.370143e+003
36,46,-3.370143e+003
36,47,-3.370143e+003
36,48,-3.370143e+003
36,49,-3.370143e+003
36,50,-3.370143e+003
36,51,-3.370143e+003
36,52,-3.370143e+003
36,53,-3.370143e+003
36,54,-3.370143e+003
36,55,-3.370143e+003
36,56,-3.370143e+003
36,57,-3.370143e+003
36,58,-3.370143e+003
36,59,-3.370143e+003
36,60,-3.370143e+003
36,61,-3.370143e+003
36,62,-3.370143e+003
36,63,-3.370143e+003
36,64,-3.370143e+003
36,65,-3.370146e+003
36,66,-3.370147e+003
36,67,-3.370149e+003
36,68,-3.370151e+003
36,69,-3.370153e+003
36,70,-3.370154e+003
36,71,-3.370155e+003
36,72,-3.370156e+003
36,73,-3.370156e+003
36,74,-3.370157e+003
36,75,-3.370157e+003
36,76,-3.370157e+003
36,77,-3.370157e+003
36,78,-3.370157e+003
36,79,-3.370157e+003
36,80,-3.370157e+003
36,81,-3.370157e+003
36,82,-3.370157e+003
36,83,-3.370157e+003
36,84,-3.370157e+003
36,85,-3.370157e+003
36,86,-3.370157e+003
36,87,-3.370157e+003
36,88,-3.370157e+003
36,89,-3.370157e+003
36,90,-3.370157e+003
36,91,-3.370157e+003
36,92,-3.370157e+003
36,93,-3.370157e+003
36,94,-3.370157e+003
36,95,-3.370157e+003
36,96,-3.370157e+003
36,97,-3.370157e+003
36,98,-3.370157e+003
36,99,-3.370157e+003
36,100,-3.370157e+003
37,0,-3.367766e+003
37,1,-3.367766e+003
37,2,-3.367766e+003
37,3,-3.367766e+003
37,4,-3.367766e+003
37,5,-3.367766e+003
37,6,-3.367766e+003
37,7,-3.367766e+003
37,8,-3.367766e+003
37,9,-3.367766e+003
37,10,-3.367766e+003
37,11,-3.367766e+003
37,12,-3.367766e+003
37,13,-3.367766e+003
37,14,-3.367766e+003
37,15,-3.367766e+003
37,16,-3.367766e+003
37,17,-3.367766e+003
37,18,-3.367766e+003
37,19,-3.367766e+003
37,20,-3.367766e+003
37,21,-3.367766e+003
38,0,-3.364058e+003
38,1,-3.364058e+003
38,2,-3.364058e+003
38,3,-3.364058e+003
38,4,-3.364058e+003
38,5,-3.364058e+003
38,6,-3.364058e+003
38,7,-3.364058e+003
38,8,-3.364058e+003
38,9,-3.364058e+003
38,10,-3.364058e+003
38,11,-3.364058e+003
38,12,-3.364058e+003
38,13,-3.364058e+003
38,14,-3.364058e+003
38,15,-3.364058e+003
38,16,-3.364058e+003
38,17,-3.364058e+003
38,18,-3.364058e+003
38,19,-3.364058e+003
38,20,-3.364058e+003
38,21,-3.364058e+003
38,22,-3.364058e+003
38,23,-3.364058e+003
38,24,-3.364058e+003
38,25,-3.364058e+003
38,26,-3.364058e+003
38,27,-3.364058e+003
38,28,-3.364058e+003
38,29,-3.364058e+003
38,30,-3.364058e+003
38,31,-3.364058e+003
38,32,-3.364058e+003
38,33,-3.364058e+003
38,34,-3.364058e+003
38,35,-3.364058e+003
38,36,-3.364058e+003
38,37,-3.364058e+003
38,38,-3.364058e+003
38,39,-3.364058e+003
38,40,-3.364058e+003
38,41,-3.364058e+003
38,42,-3.364076e+003
38,43,-3.364107e+003
38,44,-3.364134e+003
38,45,-3.364163e+003
38,46,-3.364193e+003
38,47,-3.364209e+003
38,48,-3.364220e+003
38,49,-3.364230e+003
38,50,-3.364237e+003
38,51,-3.364239e+003
38,52,-3.364241e+003
38,53,-3.364243e+003
38,54,-3.364244e+003
38,55,-3.364244e+003
38,56,-3.364244e+003
38,57,-3.364244e+003
38,58,-3.364244e+003
38,59,-3.364245e+003
38,60,-3.364245e+003
38,61,-3.364245e+003
38,62,-3.364245e+003
38,63,-3.364245e+003
38,64,-3.364245e+003
38,65,-3.364245e+003
38,66,-3.364245e+003
38,67,-3.364245e+003
38,68,-3.364245e+003
38,69,-3.364245e+003
38,70,-3.364245e+003
38,71,-3.364245e+003
38,72,-3.364245e+003
38,73,-3.364245e+003
38,74,-3.364245e+003
38,75,-3.364245e+003
38,76,-3.364245e+003
38,77,-3.364245e+003
38,78,-3.364245e+003
38,79,-3.364245e+003
38,80,-3.364245e+003
38,81,-3.364245e+003
38,82,-3.364245e+003
38,83,-3.364245e+003
38,84,-3.364245e+003
38,85,-3.364245e+003
38,86,-3.364245e+003
38,87,-3.364245e+003
38,88,-3.364245e+003
38,89,-3.364245e+003
38,90,-3.364245e+003
38,91,-3.364245e+003
38,92,-3.364245e+003
38,93,-3.364245e+003
38,94,-3.364245e+003
38,95,-3.364245e+003
38,96,-3.364245e+003
38,97,-3.364245e+003
38,98,-3.364245e+003
38,99,-3.364245e+003
38,100,-3.364245e+003
38,101,-3.364245e+003
38,102,-3.364245e+003
38,103,-3.364245e+003
38,104,-3.364245e+003
38,105,-3.364245e+003
38,106,-3.364245e+003
38,107,-3.364245e+003
38,108,-3.364245e+003
38,109,-3.364245e+003
38,110,-3.364245e+003
38,111,-3.364245e+003
38,112,-3.364245e+003
38,113,-3.364245e+003
38,114,-3.364245e+003
38,115,-3.364245e+003
38,116,-3.364245e+003
38,117,-3.364245e+003
39,0,-3.359030e+003
39,1,-3.359030e+003
39,2,-3.359030e+003
39,3,-3.359030e+003
39,4,-3.359030e+003
39,5,-3.359030e+003
39,6,-3.359030e+003
39,7,-3.359030e+003
39,8,-3.359030e+003
39,9,-3.359030e+003
39,10,-3.359030e+003
39,11,-3.359030e+003
39,12,-3.359030e+003
39,13,-3.359030e+003
39,14,-3.359030e+003
39,15,-3.359030e+003
39,16,-3.359030e+003
39,17,-3.359030e+003
39,18,-3.359030e+003
39,19,-3.359030e+003
39,20,-3.359030e+003
39,21,-3.359030e+003
40,0,-3.350235e+003
40,1,-3.350235e+003
40,2,-3.350333e+003
40,3,-3.350509e+003
40,4,-3.350583e+003
40,5,-3.350734e+003
40,6,-3.350919e+003
40,7,-3.350976e+003
40,8,-3.351004e+003
40,9,-3.351048e+003
40,10,-3.351058e+003
40,11,-3.351064e+003
40,12,-3.351070e+003
40,13,-3.351147e+003
40,14,-3.351148e+003
40,15,-3.351150e+003
40,16,-3.351150e+003
40,17,-3.351150e+003
40,18,-3.351151e+003
40,19,-3.351151e+003
40,20,-3.351151e+003
40,21,-3.351151e+003
40,22,-3.351151e+003
40,23,-3.351151e+003
40,24,-3.351151e+003
40,25,-3.351151e+003
40,26,-3.351151e+003
40,27,-3.351151e+003
40,28,-3.351151e+003
40,29,-3.351151e+003
40,30,-3.351151e+003
40,31,-3.351151e+003
40,32,-3.351151e+003
40,33,-3.351151e+003
40,34,-3.351151e+003
40,35,-3.351151e+003
40,36,-3.351151e+003
40,37,-3.351151e+003
40,38,-3.351151e+003
40,39,-3.351079e+003
40,40,-3.351079e+003
40,41,-3.351079e+003
40,42,-3.351079e+003
40,43,-3.351079e+003
40,44,-3.351079e+003
40,45,-3.351079e+003
40,46,-3.351079e+003
40,47,-3.351079e+003
40,48,-3.351079e+003
40,49,-3.351079e+003
40,50,-3.351079e+003
40,51,-3.351079e+003
40,52,-3.351079e+003
40,53,-3.351079e+003
40,54,-3.351079e+003
40,55,-3.351079e+003
40,56,-3.351079e+003
40,57,-3.351079e+003
40,58,-3.351079e+003
40,59,-3.351079e+003
40,60,-3.351079e+003
40,61,-3.351151e+003
40,62,-3.351151e+003
40,63,-3.351151e+003
40,64,-3.351151e+003
40,65,-3.351151e+003
40,66,-3.351151e+003
40,67,-3.351151e+003
40,68,-3.351152e+003
40,69,-3.351152e+003
40,70,-3.351152e+003
40,71,-3.351152e+003
40,72,-3.351152e+003
40,73,-3.351152e+003
40,74,-3.351152e+003
40,75,-3.351152e+003
40,76,-3.351152e+003
40,77,-3.351152e+003
40,78,-3.351152e+003
40,79,-3.351152e+003
40,80,-3.351152e+003
40,81,-3.351152e+003
40,82,-3.351152e+003
40,83,-3.351152e+003
40,84,-3.351152e+003
40,85,-3.351152e+003
40,86,-3.351152e+003
40,87,-3.351152e+003
40,88,-3.351152e+003
40,89,-3.351152e+003
40,90,-3.351152e+003
40,91,-3.351152e+003
40,92,-3.351152e+003
40,93,-3.351152e+003
40,94,-3.351152e+003
40,95,-3.351152e+003
40,96,-3.351152e+003
40,97,-3.351152e+003
40,98,-3.351152e+003
40,99,-3.351152e+003
40,100,-3.351152e+003
40,101,-3.351152e+003
40,102,-3.351152e+003
40,103,-3.351152e+003
40,104,-3.351152e+003
40,105,-3.351152e+003
40,106,-3.351152e+003
40,107,-3.351152e+003
40,108,-3.351152e+003
41,0,-3.341772e+003
41,1,-3.341772e+003
41,2,-3.341772e+003
41,3,-3.341772e+003
41,4,-3.341772e+003
41,5,-3.341772e+003
41,6,-3.341772e+003
41,7,-3.341772e+003
41,8,-3.341772e+003
41,9,-3.341772e+003
41,10,-3.341772e+003
41,11,-3.341772e+003
41,12,-3.341772e+003
41,13,-3.341772e+003
41,14,-3.341772e+003
41,15,-3.341772e+003
41,16,-3.341772e+003
41,17,-3.341772e+003
41,18,-3.341772e+003
41,19,-3.341772e+003
41,20,-3.341772e+003
41,21,-3.341772e+003
42,0,-3.328883e+003
42,1,-3.328883e+003
42,2,-3.328883e+003
42,3,-3.328883e+003
42,4,-3.328883e+003
42,5,-3.328883e+003
42,6,-3.328883e+003
42,7,-3.328883e+003
42,8,-3.328883e+003
42,9,-3.328883e+003
42,10,-3.328883e+003
42,11,-3.328883e+003
42,12,-3.328883e+003
42,13,-3.328883e+003
42,14,-3.328883e+003
42,15,-3.328883e+003
42,16,-3.328883e+003
42,17,-3.328883e+003
42,18,-3.328883e+003
42,19,-3.328883e+003
42,20,-3.328883e+003
42,21,-3.328883e+003
43,0,-3.311711e+003
43,1,-3.311711e+003
43,2,-3.311711e+003
43,3,-3.311711e+003
43,4,-3.311711e+003
43,5,-3.311711e+003
43,6,-3.311711e+003
43,7,-3.311711e+003
43,8,-3.311711e+003
43,9,-3.311711e+003
43,10,-3.311711e+003
43,11,-3.311711e+003
43,12,-3.311711e+003
43,13,-3.311711e+003
43,14,-3.311711e+003
43,15,-3.311711e+003
43,16,-3.311711e+003
43,17,-3.311711e+003
43,18,-3.311711e+003
43,19,-3.311711e+003
43,20,-3.311711e+003
43,21,-3.311711e+003
44,0,-3.289583e+003
44,1,-3.289583e+003
44,2,-3.289583e+003
44,3,-3.289583e+003
44,4,-3.289583e+003
44,5,-3.289583e+003
44,6,-3.289583e+003
44,7,-3.289583e+003
44,8,-3.289583e+003
44,9,-3.289583e+003
44,10,-3.289583e+003
44,11,-3.289583e+003
44,12,-3.289583e+003
44,13,-3.289583e+003
44,14,-3.289583e+003
44,15,-3.289583e+003
44,16,-3.289583e+003
44,17,-3.289583e+003
44,18,-3.289583e+003
44,19,-3.289583e+003
44,20,-3.289583e+003
44,21,-3.289583e+003
45,0,-3.263476e+003
45,1,-3.263476e+003
45,2,-3.263476e+003
45,3,-3.263476e+003
45,4,-3.263476e+003
45,5,-3.267923e+003
45,6,-3.272479e+003
45,7,-3.274962e+003
45,8,-3.280786e+003
45,9,-3.283705e+003
45,10,-3.284633e+003
45,11,-3.284974e+003
45,12,-3.285447e+003
45,13,-3.285587e+003
45,14,-3.285663e+003
45,15,-3.285738e+003
45,16,-3.285783e+003
45,17,-3.285809e+003
45,18,-3.285826e+003
45,19,-3.285834e+003
45,20,-3.285838e+003
45,21,-3.285841e+003
45,22,-3.285844e+003
45,23,-3.285847e+003
45,24,-3.285849e+003
45,25,-3.285852e+003
45,26,-3.285855e+003
45,27,-3.285856e+003
45,28,-3.285857e+003
45,29,-3.285858e+003
45,30,-3.285859e+003
45,31,-3.285860e+003
45,32,-3.285861e+003
45,33,-3.285862e+003
45,34,-3.285862e+003
45,35,-3.285864e+003
45,36,-3.285864e+003
45,37,-3.285865e+003
45,38,-3.285865e+003
45,39,-3.285866e+003
45,40,-3.285866e+003
45,41,-3.285867e+003
45,42,-3.285867e+003
45,43,-3.285867e+003
45,44,-3.285867e+003
45,45,-3.285868e+003
45,46,-3.285868e+003
45,47,-3.285868e+003
45,48,-3.285868e+003
45,49,-3.285868e+003
45,50,-3.285868e+003
45,51,-3.285869e+003
45,52,-3.285869e+003
45,53,-3.285869e+003
45,54,-3.285869e+003
45,55,-3.285869e+003
45,56,-3.285870e+003
45,57,-3.285870e+003
45,58,-3.285871e+003
45,59,-3.285872e+003
45,60,-3.285872e+003
45,61,-3.285873e+003
45,62,-3.285874e+003
45,63,-3.285875e+003
45,64,-3.285876e+003
45,65,-3.285876e+003
45,66,-3.285877e+003
45,67,-3.285877e+003
45,68,-3.285878e+003
45,69,-3.285878e+003
45,70,-3.285878e+003
45,71,-3.285878e+003
45,72,-3.285878e+003
45,73,-3.285878e+003
45,74,-3.285879e+003
45,75,-3.285879e+003
45,76,-3.285879e+003
45,77,-3.285879e+003
45,78,-3.285879e+003
45,79,-3.285879e+003
45,80,-3.285879e+003
45,81,-3.285879e+003
45,82,-3.285879e+003
45,83,-3.285879e+003
45,84,-3.285879e+003
45,85,-3.285879e+003
45,86,-3.285879e+003
45,87,-3.285879e+003
45,88,-3.285879e+003
45,89,-3.285879e+003
45,90,-3.285879e+003
45,91,-3.285879e+003
45,92,-3.285879e+003
45,93,-3.285879e+003
45,94,-3.285879e+003
45,95,-3.285879e+003
45,96,-3.285879e+003
45,97,-3.285879e+003
45,98,-3.285879e+003
45,99,-3.285879e+003
45,100,-3.285879e+003
45,101,-3.285879e+003
45,102,-3.285879e+003
45,103,-3.285879e+003
45,104,-3.285879e+003
45,105,-3.285879e+003
45,106,-3.285879e+003
45,107,-3.285879e+003
45,108,-3.285879e+003
45,109,-3.285879e+003
45,110,-3.285879e+003
45,111,-3.285879e+003
45,112,-3.285879e+003
45,113,-3.285879e+003
45,114,-3.285879e+003
45,115,-3.285879e+003
45,116,-3.285879e+003
45,117,-3.285879e+003
45,118,-3.285879e+003
45,119,-3.285879e+003
45,120,-3.285879e+003
45,121,-3.285879e+003
45,122,-3.285879e+003
45,123,-3.285879e+003
45,124,-3.285879e+003
45,125,-3.285879e+003
45,126,-3.285879e+003
45,127,-3.285879e+003
45,128,-3.285879e+003
45,129,-3.285879e+003
45,130,-3.285879e+003
45,131,-3.285879e+003
45,132,-3.285879e+003
45,133,-3.285879e+003
45,134,-3.285879e+003
45,135,-3.285879e+003
45,136,-3.285879e+003
45,137,-3.285879e+003
45,138,-3.285879e+003
45,139,-3.285879e+003
45,140,-3.285879e+003
45,141,-3.285879e+003
45,142,-3.285879e+003
45,143,-3.285879e+003
45,144,-3.285879e+003
45,145,-3.285879e+003
45,146,-3.285879e+003
45,147,-3.285879e+003
45,148,-3.285879e+003
45,149,-3.285879e+003
45,150,-3.285879e+003
45,151,-3.285879e+003
45,152,-3.285879e+003
45,153,-3.285879e+003
45,154,-3.285879e+003
45,155,-3.285879e+003
45,156,-3.285879e+003
46,0,-3.267170e+003
46,1,-3.267170e+003
46,2,-3.267170e+003
46,3,-3.267170e+003
46,4,-3.267170e+003
46,5,-3.267170e+003
46,6,-3.267170e+003
46,7,-3.267170e+003
46,8,-3.267170e+003
46,9,-3.267170e+003
46,10,-3.267170e+003
46,11,-3.267170e+003
46,12,-3.267170e+003
46,13,-3.267170e+003
46,14,-3.267170e+003
46,15,-3.267170e+003
46,16,-3.267170e+003
46,17,-3.267170e+003
46,18,-3.267170e+003
46,19,-3.267170e+003
46,20,-3.267170e+003
46,21,-3.267170e+003
47,0,-3.245968e+003
47,1,-3.245968e+003
47,2,-3.245968e+003
47,3,-3.245968e+003
47,4,-3.245968e+003
47,5,-3.245968e+003
47,6,-3.245968e+003
47,7,-3.245968e+003
47,8,-3.245968e+003
47,9,-3.245968e+003
47,10,-3.245968e+003
47,11,-3.245968e+003
47,12,-3.245968e+003
47,13,-3.245968e+003
47,14,-3.245968e+003
47,15,-3.245968e+003
47,16,-3.245968e+003
47,17,-3.245968e+003
47,18,-3.245968e+003
47,19,-3.245968e+003
47,20,-3.245968e+003
47,21,-3.245968e+003
48,0,-3.223181e+003
48,1,-3.223181e+003
48,2,-3.223181e+003
48,3,-3.223181e+003
48,4,-3.225600e+003
48,5,-3.227947e+003
48,6,-3.229276e+003
48,7,-3.231972e+003
48,8,-3.233366e+003
48,9,-3.233832e+003
48,10,-3.233967e+003
48,11,-3.234256e+003
48,12,-3.234321e+003
48,13,-3.234355e+003
48,14,-3.234313e+003
48,15,-3.234328e+003
48,16,-3.234335e+003
48,17,-3.234340e+003
48,18,-3.234342e+003
48,19,-3.234343e+003
48,20,-3.234344e+003
48,21,-3.234345e+003
48,22,-3.234346e+003
48,23,-3.234346e+003
48,24,-3.234347e+003
48,25,-3.234348e+003
48,26,-3.234348e+003
48,27,-3.234349e+003
48,28,-3.234350e+003
48,29,-3.234350e+003
48,30,-3.234351e+003
48,31,-3.234352e+003
48,32,-3.234352e+003
48,33,-3.234280e+003
48,34,-3.234281e+003
48,35,-3.234281e+003
48,36,-3.234281e+003
48,37,-3.234282e+003
48,38,-3.234282e+003
48,39,-3.234283e+003
48,40,-3.234283e+003
48,41,-3.234283e+003
48,42,-3.234283e+003
48,43,-3.234284e+003
48,44,-3.234284e+003
48,45,-3.234284e+003
48,46,-3.234284e+003
48,47,-3.234285e+003
48,48,-3.234285e+003
48,49,-3.234285e+003
48,50,-3.234286e+003
48,51,-3.234286e+003
48,52,-3.234287e+003
48,53,-3.234288e+003
48,54,-3.234290e+003
48,55,-3.234291e+003
48,56,-3.234291e+003
48,57,-3.234365e+003
48,58,-3.234366e+003
48,59,-3.234366e+003
48,60,-3.234367e+003
48,61,-3.234367e+003
48,62,-3.234367e+003
48,63,-3.234368e+003
48,64,-3.234368e+003
48,65,-3.234368e+003
48,66,-3.234368e+003
48,67,-3.234368e+003
48,68,-3.234368e+003
48,69,-3.234368e+003
48,70,-3.234368e+003
48,71,-3.234368e+003
48,72,-3.234368e+003
48,73,-3.234368e+003
48,74,-3.234368e+003
48,75,-3.234368e+003
48,76,-3.234369e+003
48,77,-3.234369e+003
48,78,-3.234369e+003
48,79,-3.234369e+003
48,80,-3.234369e+003
48,81,-3.234369e+003
48,82,-3.234369e+003
48,83,-3.234369e+003
48,84,-3.234369e+003
48,85,-3.234369e+003
48,86,-3.234369e+003
48,87,-3.234369e+003
48,88,-3.234369e+003
48,89,-3.234369e+003
48,90,-3.234369e+003
48,91,-3.234369e+003
48,92,-3.234369e+003
48,93,-3.234369e+003
48,94,-3.234369e+003
48,95,-3.234369e+003
48,96,-3.234369e+003
48,97,-3.234369e+003
48,98,-3.234369e+003
48,99,-3.234369e+003
49,0,-3.218622e+003
49,1,-3.218622e+003
49,2,-3.218622e+003
49,3,-3.218622e+003
49,4,-3.218804e+003
49,5,-3.218978e+003
49,6,-3.219050e+003
49,7,-3.219339e+003
49,8,-3.219429e+003
49,9,-3.219460e+003
49,10,-3.219475e+003
49,11,-3.219423e+003
49,12,-3.219429e+003
49,13,-3.219433e+003
49,14,-3.219436e+003
49,15,-3.219437e+003
49,16,-3.219438e+003
49,17,-3.219439e+003
49,18,-3.219439e+003
49,19,-3.219439e+003
49,20,-3.219439e+003
49,21,-3.219440e+003
49,22,-3.219440e+003
49,23,-3.219440e+003
49,24,-3.219441e+003
49,25,-3.219441e+003
49,26,-3.219315e+003
49,27,-3.219315e+003
49,28,-3.219316e+003
49,29,-3.219316e+003
49,30,-3.219317e+003
49,31,-3.219317e+003
49,32,-3.219318e+003
49,33,-3.219246e+003
49,34,-3.219247e+003
49,35,-3.219247e+003
49,36,-3.219248e+003
49,37,-3.219249e+003
49,38,-3.219250e+003
49,39,-3.219250e+003
49,40,-3.219251e+003
49,41,-3.219324e+003
49,42,-3.219324e+003
49,43,-3.219325e+003
49,44,-3.219325e+003
49,45,-3.219326e+003
49,46,-3.219326e+003
49,47,-3.219327e+003
49,48,-3.219327e+003
49,49,-3.219255e+003
49,50,-3.219256e+003
49,51,-3.219257e+003
49,52,-3.219257e+003
49,53,-3.219258e+003
49,54,-3.219258e+003
49,55,-3.219259e+003
49,56,-3.219332e+003
49,57,-3.219332e+003
49,58,-3.219332e+003
49,59,-3.219332e+003
49,60,-3.219333e+003
49,61,-3.219333e+003
49,62,-3.219333e+003
49,63,-3.219333e+003
49,64,-3.219333e+003
49,65,-3.219333e+003
49,66,-3.219333e+003
49,67,-3.219333e+003
49,68,-3.219333e+003
49,69,-3.219333e+003
49,70,-3.219333e+003
49,71,-3.219333e+003
49,72,-3.219333e+003
49,73,-3.219333e+003
49,74,-3.219333e+003
49,75,-3.219333e+003
49,76,-3.219333e+003
49,77,-3.219333e+003
49,78,-3.219333e+003
49,79,-3.219333e+003
49,80,-3.219333e+003
49,81,-3.219333e+003
49,82,-3.219333e+003
49,83,-3.219333e+003
49,84,-3.219333e+003
49,85,-3.219333e+003
49,86,-3.219333e+003
49,87,-3.219333e+003
49,88,-3.219333e+003
49,89,-3.219333e+003
49,90,-3.219333e+003
49,91,-3.219333e+003
49,92,-3.219333e+003
50,0,-3.207350e+003
50,1,-3.207350e+003
50,2,-3.207350e+003
50,3,-3.207350e+003
50,4,-3.207350e+003
50,5,-3.207350e+003
50,6,-3.207350e+003
50,7,-3.207350e+003
50,8,-3.207350e+003
50,9,-3.207350e+003
50,10,-3.207350e+003
50,11,-3.207506e+003
50,12,-3.207638e+003
50,13,-3.207721e+003
50,14,-3.207908e+003
50,15,-3.207954e+003
50,16,-3.207976e+003
50,17,-3.207918e+003
50,18,-3.207933e+003
50,19,-3.207936e+003
50,20,-3.207939e+003
50,21,-3.207942e+003
50,22,-3.207943e+003
50,23,-3.207944e+003
50,24,-3.207944e+003
50,25,-3.207945e+003
50,26,-3.207945e+003
50,27,-3.207945e+003
50,28,-3.207946e+003
50,29,-3.207946e+003
50,30,-3.207947e+003
50,31,-3.207947e+003
50,32,-3.207947e+003
50,33,-3.207948e+003
50,34,-3.207948e+003
50,35,-3.207948e+003
50,36,-3.207949e+003
50,37,-3.207950e+003
50,38,-3.207878e+003
50,39,-3.207879e+003
50,40,-3.207880e+003
50,41,-3.207881e+003
50,42,-3.207882e+003
50,43,-3.207883e+003
50,44,-3.207884e+003
50,45,-3.207885e+003
50,46,-3.207886e+003
50,47,-3.207886e+003
50,48,-3.207887e+003
50,49,-3.207887e+003
50,50,-3.207888e+003
50,51,-3.207888e+003
50,52,-3.207889e+003
50,53,-3.207890e+003
50,54,-3.207890e+003
50,55,-3.207891e+003
50,56,-3.207892e+003
50,57,-3.207892e+003
50,58,-3.207893e+003
50,59,-3.207894e+003
50,60,-3.207894e+003
50,61,-3.207894e+003
50,62,-3.207895e+003
50,63,-3.207895e+003
50,64,-3.207896e+003
50,65,-3.207896e+003
50,66,-3.207896e+003
50,67,-3.207896e+003
50,68,-3.207896e+003
50,69,-3.207896e+003
50,70,-3.207896e+003
50,71,-3.207896e+003
50,72,-3.207896e+003
50,73,-3.207896e+003
50,74,-3.207896e+003
50,75,-3.207896e+003
50,76,-3.207897e+003
50,77,-3.207897e+003
50,78,-3.207897e+003
50,79,-3.207897e+003
50,80,-3.207897e+003
50,81,-3.207897e+003
50,82,-3.207897e+003
50,83,-3.207897e+003
50,84,-3.207897e+003
50,85,-3.207897e+003
50,86,-3.207897e+003
50,87,-3.207897e+003
50,88,-3.207897e+003
50,89,-3.207897e+003
50,90,-3.207897e+003
50,91,-3.207897e+003
50,92,-3.207897e+003
50,93,-3.207897e+003
50,94,-3.207897e+003
50,95,-3.207897e+003
50,96,-3.207897e+003
50,97,-3.207897e+003
51,0,-3.196660e+003
51,1,-3.196660e+003
51,2,-3.196660e+003
51,3,-3.196660e+003
51,4,-3.196660e+003
51,5,-3.196660e+003
51,6,-3.196660e+003
51,7,-3.196660e+003
51,8,-3.196660e+003
51,9,-3.196660e+003
51,10,-3.196660e+003
51,11,-3.196660e+003
51,12,-3.196660e+003
51,13,-3.196779e+003
51,14,-3.196869e+003
51,15,-3.196931e+003
51,16,-3.196992e+003
51,17,-3.197017e+003
51,18,-3.197033e+003
51,19,-3.197048e+003
51,20,-3.197055e+003
51,21,-3.197058e+003
51,22,-3.197060e+003
51,23,-3.197062e+003
51,24,-3.197064e+003
51,25,-3.197064e+003
51,26,-3.197065e+003
51,27,-3.197065e+003
51,28,-3.197066e+003
51,29,-3.197066e+003
51,30,-3.197067e+003
51,31,-3.197067e+003
51,32,-3.197068e+003
51,33,-3.197068e+003
51,34,-3.197068e+003
51,35,-3.197069e+003
51,36,-3.197069e+003
51,37,-3.197070e+003
51,38,-3.197071e+003
51,39,-3.197071e+003
51,40,-3.197073e+003
51,41,-3.197074e+003
51,42,-3.197075e+003
51,43,-3.197076e+003
51,44,-3.197077e+003
51,45,-3.197079e+003
51,46,-3.197080e+003
51,47,-3.197081e+003
51,48,-3.197082e+003
51,49,-3.197082e+003
51,50,-3.197083e+003
51,51,-3.197084e+003
51,52,-3.197084e+003
51,53,-3.197085e+003
51,54,-3.197085e+003
51,55,-3.197086e+003
51,56,-3.197087e+003
51,57,-3.197087e+003
51,58,-3.197088e+003
51,59,-3.197088e+003
51,60,-3.197089e+003
51,61,-3.197162e+003
51,62,-3.197163e+003
51,63,-3.197163e+003
51,64,-3.197163e+003
51,65,-3.197164e+003
51,66,-3.197164e+003
51,67,-3.197164e+003
51,68,-3.197165e+003
51,69,-3.197165e+003
51,70,-3.197165e+003
51,71,-3.197165e+003
51,72,-3.197165e+003
51,73,-3.197165e+003
51,74,-3.197165e+003
51,75,-3.197165e+003
51,76,-3.197165e+003
51,77,-3.197165e+003
51,78,-3.197165e+003
51,79,-3.197165e+003
51,80,-3.197165e+003
51,81,-3.197165e+003
51,82,-3.197165e+003
51,83,-3.197165e+003
51,84,-3.197165e+003
52,0,-3.190942e+003
52,1,-3.190942e+003
52,2,-3.190942e+003
52,3,-3.190942e+003
52,4,-3.190942e+003
52,5,-3.190942e+003
52,6,-3.190942e+003
52,7,-3.190942e+003
52,8,-3.190942e+003
52,9,-3.190942e+003
52,10,-3.190942e+003
52,11,-3.190942e+003
52,12,-3.190942e+003
52,13,-3.190942e+003
52,14,-3.190942e+003
52,15,-3.190942e+003
52,16,-3.190942e+003
52,17,-3.190942e+003
52,18,-3.190942e+003
52,19,-3.190942e+003
52,20,-3.190942e+003
52,21,-3.190942e+003
53,0,-3.188475e+003
53,1,-3.188475e+003
53,2,-3.188475e+003
53,3,-3.188475e+003
53,4,-3.188475e+003
53,5,-3.188475e+003
53,6,-3.188742e+003
53,7,-3.188872e+003
53,8,-3.188956e+003
53,9,-3.188985e+003
53,10,-3.189024e+003
53,11,-3.189058e+003
53,12,-3.189092e+003
53,13,-3.189108e+003
53,14,-3.189117e+003
53,15,-3.189127e+003
53,16,-3.189135e+003
53,17,-3.189139e+003
53,18,-3.189141e+003
53,19,-3.189143e+003
53,20,-3.189144e+003
53,21,-3.189144e+003
53,22,-3.189145e+003
53,23,-3.189146e+003
53,24,-3.189147e+003
53,25,-3.189147e+003
53,26,-3.189147e+003
53,27,-3.189148e+003
53,28,-3.189148e+003
53,29,-3.189149e+003
53,30,-3.189150e+003
53,31,-3.189150e+003
53,32,-3.189152e+003
53,33,-3.189153e+003
53,34,-3.189154e+003
53,35,-3.189155e+003
53,36,-3.189156e+003
53,37,-3.189157e+003
53,38,-3.189159e+003
53,39,-3.189160e+003
53,40,-3.189161e+003
53,41,-3.189161e+003
53,42,-3.189162e+003
53,43,-3.189163e+003
53,44,-3.189164e+003
53,45,-3.189165e+003
53,46,-3.189166e+003
53,47,-3.189166e+003
53,48,-3.189168e+003
53,49,-3.189168e+003
53,50,-3.189169e+003
53,51,-3.189169e+003
53,52,-3.189170e+003
53,53,-3.189171e+003
53,54,-3.189172e+003
53,55,-3.189173e+003
53,56,-3.189174e+003
53,57,-3.189174e+003
53,58,-3.189175e+003
53,59,-3.189176e+003
53,60,-3.189176e+003
53,61,-3.189177e+003
53,62,-3.189177e+003
53,63,-3.189250e+003
53,64,-3.189250e+003
53,65,-3.189250e+003
53,66,-3.189250e+003
53,67,-3.189250e+003
53,68,-3.189250e+003
53,69,-3.189250e+003
53,70,-3.189250e+003
53,71,-3.189250e+003
53,72,-3.189250e+003
53,73,-3.189250e+003
53,74,-3.189250e+003
53,75,-3.189250e+003
53,76,-3.189250e+003
53,77,-3.189250e+003
53,78,-3.189250e+003
54,0,-3.191126e+003
54,1,-3.191126e+003
54,2,-3.191126e+003
54,3,-3.191126e+003
54,4,-3.191126e+003
54,5,-3.191126e+003
54,6,-3.191126e+003
54,7,-3.191126e+003
54,8,-3.191126e+003
54,9,-3.191126e+003
54,10,-3.191126e+003
54,11,-3.191126e+003
54,12,-3.191126e+003
54,13,-3.191126e+003
54,14,-3.191126e+003
54,15,-3.191126e+003
54,16,-3.191126e+003
54,17,-3.191126e+003
54,18,-3.191126e+003
54,19,-3.191126e+003
54,20,-3.191126e+003
54,21,-3.191126e+003
55,0,-3.196684e+003
55,1,-3.196684e+003
55,2,-3.196684e+003
55,3,-3.196684e+003
55,4,-3.196684e+003
55,5,-3.196811e+003
55,6,-3.196948e+003
55,7,-3.197059e+003
55,8,-3.197154e+003
55,9,-3.197270e+003
55,10,-3.197357e+003
55,11,-3.197404e+003
55,12,-3.197365e+003
55,13,-3.197306e+003
55,14,-3.197171e+003
55,15,-3.197036e+003
55,16,-3.197041e+003
55,17,-3.197044e+003
55,18,-3.197047e+003
55,19,-3.197048e+003
55,20,-3.197049e+003
55,21,-3.197050e+003
55,22,-3.197050e+003
55,23,-3.197051e+003
55,24,-3.197051e+003
55,25,-3.197052e+003
55,26,-3.197052e+003
55,27,-3.197053e+003
55,28,-3.197053e+003
55,29,-3.197054e+003
55,30,-3.197054e+003
55,31,-3.197055e+003
55,32,-3.197057e+003
55,33,-3.197058e+003
55,34,-3.197132e+003
55,35,-3.197062e+003
55,36,-3.196991e+003
55,37,-3.196993e+003
55,38,-3.196994e+003
55,39,-3.196995e+003
55,40,-3.196996e+003
55,41,-3.196997e+003
55,42,-3.197071e+003
55,43,-3.197145e+003
55,44,-3.197147e+003
55,45,-3.197148e+003
55,46,-3.197149e+003
55,47,-3.197150e+003
55,48,-3.197150e+003
55,49,-3.197151e+003
55,50,-3.197151e+003
55,51,-3.197151e+003
55,52,-3.197152e+003
55,53,-3.197152e+003
55,54,-3.197153e+003
55,55,-3.197153e+003
55,56,-3.197153e+003
55,57,-3.197154e+003
55,58,-3.197154e+003
55,59,-3.197155e+003
55,60,-3.197155e+003
55,61,-3.197155e+003
55,62,-3.197155e+003
55,63,-3.197155e+003
55,64,-3.197156e+003
55,65,-3.197156e+003
55,66,-3.197156e+003
55,67,-3.197156e+003
55,68,-3.197156e+003
55,69,-3.197083e+003
55,70,-3.197083e+003
55,71,-3.197083e+003
55,72,-3.197083e+003
55,73,-3.197083e+003
55,74,-3.197083e+003
55,75,-3.197083e+003
55,76,-3.197083e+003
55,77,-3.197083e+003
55,78,-3.197083e+003
55,79,-3.197083e+003
56,0,-3.205896e+003
56,1,-3.205896e+003
56,2,-3.205896e+003
56,3,-3.205896e+003
56,4,-3.205896e+003
56,5,-3.205896e+003
56,6,-3.205896e+003
56,7,-3.205896e+003
56,8,-3.205896e+003
56,9,-3.205896e+003
56,10,-3.205896e+003
56,11,-3.205896e+003
56,12,-3.205896e+003
56,13,-3.205896e+003
56,14,-3.205896e+003
56,15,-3.205896e+003
56,16,-3.205896e+003
56,17,-3.205896e+003
56,18,-3.205896e+003
56,19,-3.205896e+003
56,20,-3.205896e+003
56,21,-3.205896e+003
57,0,-3.217231e+003
57,1,-3.217231e+003
57,2,-3.217231e+003
57,3,-3.217583e+003
57,4,-3.217905e+003
57,5,-3.218219e+003
57,6,-3.218793e+003
57,7,-3.219097e+003
57,8,-3.219226e+003
57,9,-3.219280e+003
57,10,-3.219347e+003
57,11,-3.219371e+003
57,12,-3.219389e+003
57,13,-3.219409e+003
57,14,-3.219345e+003
57,15,-3.219350e+003
57,16,-3.219355e+003
57,17,-3.219286e+003
57,18,-3.219215e+003
57,19,-3.219145e+003
57,20,-3.219146e+003
57,21,-3.219147e+003
57,22,-3.219147e+003
57,23,-3.219148e+003
57,24,-3.219148e+003
57,25,-3.219148e+003
57,26,-3.219148e+003
57,27,-3.219149e+003
57,28,-3.219149e+003
57,29,-3.219149e+003
57,30,-3.219150e+003
57,31,-3.219151e+003
57,32,-3.219152e+003
57,33,-3.219226e+003
57,34,-3.219228e+003
57,35,-3.219230e+003
57,36,-3.219232e+003
57,37,-3.219234e+003
57,38,-3.219235e+003
57,39,-3.219164e+003
57,40,-3.219165e+003
57,41,-3.219167e+003
57,42,-3.219169e+003
57,43,-3.219170e+003
57,44,-3.219172e+003
57,45,-3.219173e+003
57,46,-3.219173e+003
57,47,-3.219174e+003
57,48,-3.219174e+003
57,49,-3.219174e+003
57,50,-3.219175e+003
57,51,-3.219175e+003
57,52,-3.219175e+003
57,53,-3.219175e+003
57,54,-3.219175e+003
57,55,-3.219175e+003
57,56,-3.219175e+003
57,57,-3.219175e+003
57,58,-3.219175e+003
57,59,-3.219175e+003
57,60,-3.219175e+003
57,61,-3.219175e+003
57,62,-3.219175e+003
57,63,-3.219175e+003
57,64,-3.219175e+003
57,65,-3.219175e+003
57,66,-3.219175e+003
57,67,-3.219175e+003
57,68,-3.219175e+003
57,69,-3.219175e+003
57,70,-3.219175e+003
57,71,-3.219175e+003
57,72,-3.219175e+003
57,73,-3.219175e+003
57,74,-3.219175e+003
57,75,-3.219175e+003
57,76,-3.219175e+003
57,77,-3.219175e+003
57,78,-3.219175e+003
57,79,-3.219175e+003
58,0,-3.234436e+003
58,1,-3.234436e+003
58,2,-3.234436e+003
58,3,-3.234436e+003
58,4,-3.234436e+003
58,5,-3.234436e+003
58,6,-3.234436e+003
58,7,-3.234436e+003
58,8,-3.234436e+003
58,9,-3.234436e+003
58,10,-3.234436e+003
58,11,-3.234436e+003
58,12,-3.234436e+003
58,13,-3.234436e+003
58,14,-3.234436e+003
58,15,-3.234436e+003
58,16,-3.234436e+003
58,17,-3.234436e+003
58,18,-3.234436e+003
58,19,-3.234436e+003
58,20,-3.234436e+003
58,21,-3.234436e+003
59,0,-3.249560e+003
59,1,-3.250198e+003
59,2,-3.250793e+003
59,3,-3.251150e+003
59,4,-3.252071e+003
59,5,-3.252514e+003
59,6,-3.252695e+003
59,7,-3.252805e+003
59,8,-3.253255e+003
59,9,-3.253299e+003
59,10,-3.253334e+003
59,11,-3.253363e+003
59,12,-3.253306e+003
59,13,-3.253242e+003
59,14,-3.253250e+003
59,15,-3.253328e+003
59,16,-3.253333e+003
59,17,-3.253265e+003
59,18,-3.253195e+003
59,19,-3.253197e+003
59,20,-3.253198e+003
59,21,-3.253198e+003
59,22,-3.253198e+003
59,23,-3.253199e+003
59,24,-3.253199e+003
59,25,-3.253199e+003
59,26,-3.253127e+003
59,27,-3.253127e+003
59,28,-3.253127e+003
59,29,-3.253128e+003
59,30,-3.253128e+003
59,31,-3.253128e+003
59,32,-3.253129e+003
59,33,-3.253129e+003
59,34,-3.253130e+003
59,35,-3.253130e+003
59,36,-3.253131e+003
59,37,-3.253131e+003
59,38,-3.253131e+003
59,39,-3.253132e+003
59,40,-3.253132e+003
59,41,-3.253133e+003
59,42,-3.253206e+003
59,43,-3.253207e+003
59,44,-3.253207e+003
59,45,-3.253207e+003
59,46,-3.253208e+003
59,47,-3.253281e+003
59,48,-3.253281e+003
59,49,-3.253281e+003
59,50,-3.253282e+003
59,51,-3.253282e+003
59,52,-3.253210e+003
59,53,-3.253210e+003
59,54,-3.253211e+003
59,55,-3.253211e+003
59,56,-3.253211e+003
59,57,-3.253212e+003
59,58,-3.253212e+003
59,59,-3.253213e+003
59,60,-3.253213e+003
59,61,-3.253213e+003
59,62,-3.253213e+003
59,63,-3.253214e+003
59,64,-3.253214e+003
59,65,-3.253214e+003
59,66,-3.253214e+003
59,67,-3.253214e+003
59,68,-3.253214e+003
59,69,-3.253214e+003
59,70,-3.253214e+003
59,71,-3.253214e+003
59,72,-3.253214e+003
59,73,-3.253214e+003
59,74,-3.253214e+003
59,75,-3.253214e+003
59,76,-3.253214e+003
59,77,-3.253214e+003
59,78,-3.253214e+003
59,79,-3.253214e+003
59,80,-3.253214e+003
59,81,-3.253214e+003
59,82,-3.253214e+003
59,83,-3.253214e+003
59,84,-3.253214e+003
59,85,-3.253214e+003
59,86,-3.253214e+003
59,87,-3.253214e+003
59,88,-3.253214e+003
59,89,-3.253214e+003
59,90,-3.253214e+003
59,91,-3.253214e+003
59,92,-3.253214e+003
59,93,-3.253214e+003
60,0,-3.271913e+003
60,1,-3.271913e+003
60,2,-3.271913e+003
60,3,-3.271913e+003
60,4,-3.271913e+003
60,5,-3.271913e+003
60,6,-3.271913e+003
60,7,-3.272157e+003
60,8,-3.272409e+003
60,9,-3.272662e+003
60,10,-3.272917e+003
60,11,-3.273088e+003
60,12,-3.273218e+003
60,13,-3.273424e+003
60,14,-3.273457e+003
60,15,-3.273542e+003
60,16,-3.273555e+003
60,17,-3.273637e+003
60,18,-3.273569e+003
60,19,-3.273572e+003
60,20,-3.273574e+003
60,21,-3.273575e+003
60,22,-3.273577e+003
60,23,-3.273578e+003
60,24,-3.273579e+003
60,25,-3.273580e+003
60,26,-3.273580e+003
60,27,-3.273580e+003
60,28,-3.273580e+003
60,29,-3.273580e+003
60,30,-3.273581e+003
60,31,-3.273581e+003
60,32,-3.273581e+003
60,33,-3.273581e+003
60,34,-3.273581e+003
60,35,-3.273582e+003
60,36,-3.273582e+003
60,37,-3.273582e+003
60,38,-3.273582e+003
60,39,-3.273583e+003
60,40,-3.273583e+003
60,41,-3.273583e+003
60,42,-3.273583e+003
60,43,-3.273583e+003
60,44,-3.273583e+003
60,45,-3.273584e+003
60,46,-3.273584e+003
60,47,-3.273584e+003
60,48,-3.273584e+003
60,49,-3.273585e+003
60,50,-3.273585e+003
60,51,-3.273585e+003
60,52,-3.273585e+003
60,53,-3.273586e+003
60,54,-3.273586e+003
60,55,-3.273586e+003
60,56,-3.273586e+003
60,57,-3.273586e+003
60,58,-3.273587e+003
60,59,-3.273587e+003
60,60,-3.273588e+003
60,61,-3.273588e+003
60,62,-3.273588e+003
60,63,-3.273589e+003
60,64,-3.273589e+003
60,65,-3.273589e+003
60,66,-3.273589e+003
60,67,-3.273589e+003
60,68,-3.273590e+003
60,69,-3.273590e+003
60,70,-3.273590e+003
60,71,-3.273590e+003
60,72,-3.273590e+003
60,73,-3.273590e+003
60,74,-3.273590e+003
60,75,-3.273590e+003
60,76,-3.273590e+003
60,77,-3.273590e+003
60,78,-3.273590e+003
60,79,-3.273590e+003
60,80,-3.273590e+003
61,0,-3.290781e+003
61,1,-3.290781e+003
61,2,-3.290781e+003
61,3,-3.290781e+003
61,4,-3.290781e+003
61,5,-3.290781e+003
61,6,-3.290781e+003
61,7,-3.290781e+003
61,8,-3.290781e+003
61,9,-3.290781e+003
61,10,-3.290781e+003
61,11,-3.290781e+003
61,12,-3.290781e+003
61,13,-3.290781e+003
61,14,-3.290781e+003
61,15,-3.290781e+003
61,16,-3.290781e+003
61,17,-3.290781e+003
61,18,-3.290781e+003
61,19,-3.290781e+003
61,20,-3.290781e+003
61,21,-3.290781e+003
62,0,-3.305096e+003
62,1,-3.305096e+003
62,2,-3.305096e+003
62,3,-3.305096e+003
62,4,-3.305944e+003
62,5,-3.306541e+003
62,6,-3.306823e+003
62,7,-3.307784e+003
62,8,-3.308045e+003
62,9,-3.308321e+003
62,10,-3.308514e+003
62,11,-3.308707e+003
62,12,-3.308754e+003
62,13,-3.308807e+003
62,14,-3.308845e+003
62,15,-3.308865e+003
62,16,-3.308876e+003
62,17,-3.308883e+003
62,18,-3.308816e+003
62,19,-3.308820e+003
62,20,-3.308825e+003
62,21,-3.308829e+003
62,22,-3.308832e+003
62,23,-3.308833e+003
62,24,-3.308834e+003
62,25,-3.308834e+003
62,26,-3.308835e+003
62,27,-3.308835e+003
62,28,-3.308835e+003
62,29,-3.308836e+003
62,30,-3.308836e+003
62,31,-3.308837e+003
62,32,-3.308837e+003
62,33,-3.308837e+003
62,34,-3.308838e+003
62,35,-3.308838e+003
62,36,-3.308838e+003
62,37,-3.308839e+003
62,38,-3.308839e+003
62,39,-3.308839e+003
62,40,-3.308839e+003
62,41,-3.308839e+003
62,42,-3.308839e+003
62,43,-3.308839e+003
62,44,-3.308839e+003
62,45,-3.308839e+003
62,46,-3.308839e+003
62,47,-3.308839e+003
62,48,-3.308840e+003
62,49,-3.308840e+003
62,50,-3.308840e+003
62,51,-3.308840e+003
62,52,-3.308840e+003
62,53,-3.308840e+003
62,54,-3.308840e+003
62,55,-3.308840e+003
62,56,-3.308840e+003
62,57,-3.308840e+003
62,58,-3.308840e+003
62,59,-3.308840e+003
62,60,-3.308840e+003
62,61,-3.308840e+003
62,62,-3.308840e+003
62,63,-3.308841e+003
62,64,-3.308841e+003
62,65,-3.308841e+003
62,66,-3.308841e+003
62,67,-3.308841e+003
62,68,-3.308842e+003
62,69,-3.308842e+003
62,70,-3.308842e+003
62,71,-3.308842e+003
62,72,-3.308842e+003
62,73,-3.308842e+003
62,74,-3.308842e+003
62,75,-3.308842e+003
62,76,-3.308842e+003
62,77,-3.308842e+003
62,78,-3.308842e+003
62,79,-3.308842e+003
62,80,-3.308842e+003
62,81,-3.308842e+003
62,82,-3.308842e+003
62,83,-3.308842e+003
63,0,-3.323164e+003
63,1,-3.323164e+003
63,2,-3.323164e+003
63,3,-3.323164e+003
63,4,-3.323164e+003
63,5,-3.323164e+003
63,6,-3.323165e+003
63,7,-3.323165e+003
63,8,-3.323165e+003
63,9,-3.323165e+003
63,10,-3.323165e+003
63,11,-3.323165e+003
63,12,-3.323165e+003
63,13,-3.323165e+003
63,14,-3.323165e+003
63,15,-3.323165e+003
63,16,-3.323165e+003
63,17,-3.323165e+003
63,18,-3.323165e+003
63,19,-3.323165e+003
63,20,-3.323338e+003
63,21,-3.323409e+003
63,22,-3.323472e+003
63,23,-3.323625e+003
63,24,-3.323690e+003
63,25,-3.323731e+003
63,26,-3.323776e+003
63,27,-3.323888e+003
63,28,-3.323900e+003
63,29,-3.323911e+003
63,30,-3.323921e+003
63,31,-3.323926e+003
63,32,-3.323928e+003
63,33,-3.323930e+003
63,34,-3.323931e+003
63,35,-3.323932e+003
63,36,-3.323933e+003
63,37,-3.323934e+003
63,38,-3.323934e+003
63,39,-3.323935e+003
63,40,-3.323935e+003
63,41,-3.323935e+003
63,42,-3.323935e+003
63,43,-3.323935e+003
63,44,-3.323935e+003
63,45,-3.323935e+003
63,46,-3.323935e+003
63,47,-3.323935e+003
63,48,-3.323935e+003
63,49,-3.323935e+003
63,50,-3.323935e+003
63,51,-3.323936e+003
63,52,-3.323936e+003
63,53,-3.323936e+003
63,54,-3.323936e+003
63,55,-3.323936e+003
63,56,-3.323936e+003
63,57,-3.323936e+003
63,58,-3.323936e+003
63,59,-3.323936e+003
63,60,-3.323936e+003
63,61,-3.323936e+003
63,62,-3.323936e+003
63,63,-3.323936e+003
63,64,-3.323936e+003
63,65,-3.323936e+003
63,66,-3.323936e+003
63,67,-3.323936e+003
63,68,-3.323936e+003
63,69,-3.323936e+003
63,70,-3.323936e+003
63,71,-3.323936e+003
63,72,-3.323936e+003
63,73,-3.323936e+003
63,74,-3.323937e+003
63,75,-3.323937e+003
63,76,-3.323937e+003
63,77,-3.323937e+003
63,78,-3.323937e+003
63,79,-3.323937e+003
63,80,-3.323937e+003
63,81,-3.323937e+003
63,82,-3.323937e+003
63,83,-3.323937e+003
63,84,-3.323937e+003
63,85,-3.323937e+003
63,86,-3.323938e+003
63,87,-3.323938e+003
63,88,-3.323938e+003
63,89,-3.323938e+003
63,90,-3.323938e+003
63,91,-3.323938e+003
63,92,-3.323938e+003
63,93,-3.323938e+003
63,94,-3.323938e+003
63,95,-3.323938e+003
63,96,-3.323938e+003
63,97,-3.323938e+003
64,0,-3.336146e+003
64,1,-3.336146e+003
64,2,-3.336146e+003
64,3,-3.336146e+003
64,4,-3.336146e+003
64,5,-3.336146e+003
64,6,-3.336146e+003
64,7,-3.336146e+003
64,8,-3.336146e+003
64,9,-3.336146e+003
64,10,-3.336146e+003
64,11,-3.336146e+003
64,12,-3.336146e+003
64,13,-3.336146e+003
64,14,-3.336146e+003
64,15,-3.336146e+003
64,16,-3.336146e+003
64,17,-3.336146e+003
64,18,-3.336146e+003
64,19,-3.336146e+003
64,20,-3.336146e+003
64,21,-3.336146e+003
65,0,-3.346169e+003
65,1,-3.346463e+003
65,2,-3.346651e+003
65,3,-3.346989e+003
65,4,-3.347136e+003
65,5,-3.347238e+003
65,6,-3.347510e+003
65,7,-3.347541e+003
65,8,-3.347569e+003
65,9,-3.347603e+003
65,10,-3.347702e+003
65,11,-3.347785e+003
65,12,-3.347718e+003
65,13,-3.347649e+003
65,14,-3.347652e+003
65,15,-3.347654e+003
65,16,-3.347583e+003
65,17,-3.347585e+003
65,18,-3.347587e+003
65,19,-3.347587e+003
65,20,-3.347588e+003
65,21,-3.347588e+003
65,22,-3.347589e+003
65,23,-3.347589e+003
65,24,-3.347589e+003
65,25,-3.347589e+003
65,26,-3.347589e+003
65,27,-3.347589e+003
65,28,-3.347589e+003
65,29,-3.347590e+003
65,30,-3.347590e+003
65,31,-3.347590e+003
65,32,-3.347590e+003
65,33,-3.347590e+003
65,34,-3.347590e+003
65,35,-3.347590e+003
65,36,-3.347591e+003
65,37,-3.347591e+003
65,38,-3.347591e+003
65,39,-3.347591e+003
65,40,-3.347591e+003
65,41,-3.347591e+003
65,42,-3.347591e+003
65,43,-3.347591e+003
65,44,-3.347591e+003
65,45,-3.347591e+003
65,46,-3.347591e+003
65,47,-3.347591e+003
65,48,-3.347591e+003
65,49,-3.347591e+003
65,50,-3.347591e+003
65,51,-3.347591e+003
65,52,-3.347591e+003
65,53,-3.347591e+003
65,54,-3.347591e+003
65,55,-3.347591e+003
65,56,-3.347591e+003
65,57,-3.347591e+003
65,58,-3.347664e+003
65,59,-3.347664e+003
65,60,-3.347664e+003
65,61,-3.347664e+003
65,62,-3.347664e+003
65,63,-3.347664e+003
65,64,-3.347664e+003
65,65,-3.347664e+003
65,66,-3.347664e+003
65,67,-3.347664e+003
65,68,-3.347664e+003
65,69,-3.347664e+003
65,70,-3.347664e+003
65,71,-3.347664e+003
65,72,-3.347664e+003
65,73,-3.347664e+003
65,74,-3.347664e+003
65,75,-3.347664e+003
65,76,-3.347664e+003
65,77,-3.347664e+003
65,78,-3.347664e+003
66,0,-3.355530e+003
66,1,-3.355530e+003
66,2,-3.355530e+003
66,3,-3.355530e+003
66,4,-3.355530e+003
66,5,-3.355530e+003
66,6,-3.355530e+003
66,7,-3.355530e+003
66,8,-3.355530e+003
66,9,-3.355530e+003
66,10,-3.355530e+003
66,11,-3.355530e+003
66,12,-3.355530e+003
66,13,-3.355530e+003
66,14,-3.355530e+003
66,15,-3.355530e+003
66,16,-3.355530e+003
66,17,-3.355530e+003
66,18,-3.355530e+003
66,19,-3.355530e+003
66,20,-3.355530e+003
66,21,-3.355575e+003
66,22,-3.355634e+003
66,23,-3.355658e+003
66,24,-3.355773e+003
66,25,-3.355797e+003
66,26,-3.355813e+003
66,27,-3.355829e+003
66,28,-3.355842e+003
66,29,-3.355847e+003
66,30,-3.355852e+003
66,31,-3.355855e+003
66,32,-3.355786e+003
66,33,-3.355787e+003
66,34,-3.355787e+003
66,35,-3.355788e+003
66,36,-3.355788e+003
66,37,-3.355788e+003
66,38,-3.355788e+003
66,39,-3.355789e+003
66,40,-3.355789e+003
66,41,-3.355789e+003
66,42,-3.355789e+003
66,43,-3.355789e+003
66,44,-3.355789e+003
66,45,-3.355789e+003
66,46,-3.355789e+003
66,47,-3.355789e+003
66,48,-3.355789e+003
66,49,-3.355789e+003
66,50,-3.355789e+003
66,51,-3.355789e+003
66,52,-3.355789e+003
66,53,-3.355789e+003
66,54,-3.355789e+003
66,55,-3.355789e+003
66,56,-3.355862e+003
66,57,-3.355862e+003
66,58,-3.355862e+003
66,59,-3.355862e+003
66,60,-3.355862e+003
66,61,-3.355862e+003
66,62,-3.355862e+003
66,63,-3.355862e+003
66,64,-3.355862e+003
66,65,-3.355862e+003
66,66,-3.355862e+003
66,67,-3.355862e+003
66,68,-3.355862e+003
66,69,-3.355862e+003
66,70,-3.355862e+003
66,71,-3.355862e+003
66,72,-3.355862e+003
66,73,-3.355862e+003
66,74,-3.355862e+003
66,75,-3.355862e+003
66,76,-3.355862e+003
66,77,-3.355862e+003
66,78,-3.355862e+003
66,79,-3.355862e+003
66,80,-3.355862e+003
66,81,-3.355862e+003
66,82,-3.355862e+003
66,83,-3.355862e+003
66,84,-3.355862e+003
66,85,-3.355862e+003
66,86,-3.355862e+003
66,87,-3.355862e+003
66,88,-3.355862e+003
66,89,-3.355862e+003
66,90,-3.355862e+003
66,91,-3.355862e+003
66,92,-3.355862e+003
66,93,-3.355862e+003
66,94,-3.355862e+003
66,95,-3.355862e+003
66,96,-3.355862e+003
66,97,-3.355862e+003
66,98,-3.355862e+003
66,99,-3.355862e+003
66,100,-3.355862e+003
66,101,-3.355862e+003
67,0,-3.360634e+003
67,1,-3.360634e+003
67,2,-3.360634e+003
67,3,-3.360634e+003
67,4,-3.360634e+003
67,5,-3.360634e+003
67,6,-3.360634e+003
67,7,-3.360634e+003
67,8,-3.360634e+003
67,9,-3.360634e+003
67,10,-3.360634e+003
67,11,-3.360634e+003
67,12,-3.360634e+003
67,13,-3.360634e+003
67,14,-3.360634e+003
67,15,-3.360634e+003
67,16,-3.360634e+003
67,17,-3.360634e+003
67,18,-3.360634e+003
67,19,-3.360671e+003
67,20,-3.360625e+003
67,21,-3.360640e+003
67,22,-3.360665e+003
67,23,-3.360677e+003
67,24,-3.360686e+003
67,25,-3.360695e+003
67,26,-3.360775e+003
67,27,-3.360778e+003
67,28,-3.360781e+003
67,29,-3.360783e+003
67,30,-3.360785e+003
67,31,-3.360785e+003
67,32,-3.360785e+003
67,33,-3.360786e+003
67,34,-3.360786e+003
67,35,-3.360786e+003
67,36,-3.360786e+003
67,37,-3.360786e+003
67,38,-3.360786e+003
67,39,-3.360786e+003
67,40,-3.360786e+003
67,41,-3.360787e+003
67,42,-3.360787e+003
67,43,-3.360787e+003
67,44,-3.360787e+003
67,45,-3.360787e+003
67,46,-3.360787e+003
67,47,-3.360787e+003
67,48,-3.360787e+003
67,49,-3.360787e+003
67,50,-3.360787e+003
67,51,-3.360787e+003
67,52,-3.360787e+003
67,53,-3.360787e+003
67,54,-3.360787e+003
67,55,-3.360787e+003
67,56,-3.360787e+003
67,57,-3.360787e+003
67,58,-3.360787e+003
67,59,-3.360787e+003
67,60,-3.360787e+003
68,0,-3.365177e+003
68,1,-3.365177e+003
68,2,-3.365177e+003
68,3,-3.365177e+003
68,4,-3.365177e+003
68,5,-3.365177e+003
68,6,-3.365177e+003
68,7,-3.365177e+003
68,8,-3.365177e+003
68,9,-3.365177e+003
68,10,-3.365177e+003
68,11,-3.365177e+003
68,12,-3.365177e+003
68,13,-3.365177e+003
68,14,-3.365177e+003
68,15,-3.365177e+003
68,16,-3.365177e+003
68,17,-3.365177e+003
68,18,-3.365177e+003
68,19,-3.365177e+003
68,20,-3.365177e+003
68,21,-3.365177e+003
69,0,-3.368098e+003
69,1,-3.368098e+003
69,2,-3.368098e+003
69,3,-3.368098e+003
69,4,-3.368098e+003
69,5,-3.368098e+003
69,6,-3.368098e+003
69,7,-3.368098e+003
69,8,-3.368098e+003
69,9,-3.368098e+003
69,10,-3.368098e+003
69,11,-3.368098e+003
69,12,-3.368098e+003
69,13,-3.368098e+003
69,14,-3.368098e+003
69,15,-3.368098e+003
69,16,-3.368098e+003
69,17,-3.368098e+003
69,18,-3.368098e+003
69,19,-3.368098e+003
69,20,-3.368098e+003
69,21,-3.368098e+003
70,0,-3.369964e+003
70,1,-3.369964e+003
70,2,-3.369964e+003
70,3,-3.369964e+003
70,4,-3.369964e+003
70,5,-3.369964e+003
70,6,-3.369964e+003
70,7,-3.369964e+003
70,8,-3.369964e+003
70,9,-3.369964e+003
70,10,-3.369964e+003
70,11,-3.369964e+003
70,12,-3.369964e+003
70,13,-3.369964e+003
70,14,-3.370109e+003
70,15,-3.370199e+003
70,16,-3.370240e+003
70,17,-3.370229e+003
70,18,-3.370264e+003
70,19,-3.370360e+003
70,20,-3.370385e+003
70,21,-3.370405e+003
70,22,-3.370414e+003
70,23,-3.370494e+003
70,24,-3.370501e+003
70,25,-3.370577e+003
70,26,-3.370652e+003
70,27,-3.370653e+003
70,28,-3.370654e+003
70,29,-3.370654e+003
70,30,-3.370654e+003
70,31,-3.370582e+003
70,32,-3.370583e+003
70,33,-3.370583e+003
70,34,-3.370583e+003
70,35,-3.370583e+003
70,36,-3.370583e+003
70,37,-3.370583e+003
70,38,-3.370583e+003
70,39,-3.370583e+003
70,40,-3.370583e+003
70,41,-3.370583e+003
70,42,-3.370583e+003
70,43,-3.370583e+003
70,44,-3.370583e+003
70,45,-3.370584e+003
70,46,-3.370584e+003
70,47,-3.370584e+003
70,48,-3.370584e+003
70,49,-3.370511e+003
70,50,-3.370511e+003
70,51,-3.370511e+003
70,52,-3.370511e+003
70,53,-3.370511e+003
70,54,-3.370511e+003
70,55,-3.370511e+003
70,56,-3.370511e+003
70,57,-3.370511e+003
70,58,-3.370511e+003
70,59,-3.370511e+003
70,60,-3.370511e+003
70,61,-3.370511e+003
70,62,-3.370511e+003
70,63,-3.370511e+003
70,64,-3.370511e+003
70,65,-3.370511e+003
70,66,-3.370511e+003
70,67,-3.370511e+003
70,68,-3.370511e+003
70,69,-3.370512e+003
70,70,-3.370512e+003
70,71,-3.370512e+003
70,72,-3.370512e+003
70,73,-3.370512e+003
70,74,-3.370512e+003
70,75,-3.370512e+003
70,76,-3.370512e+003
70,77,-3.370512e+003
70,78,-3.370512e+003
70,79,-3.370512e+003
70,80,-3.370512e+003
70,81,-3.370512e+003
70,82,-3.370512e+003
70,83,-3.370512e+003
70,84,-3.370512e+003
70,85,-3.370512e+003
70,86,-3.370512e+003
70,87,-3.370512e+003
70,88,-3.370512e+003
71,0,-3.371748e+003
71,1,-3.371748e+003
71,2,-3.371748e+003
71,3,-3.371748e+003
71,4,-3.371748e+003
71,5,-3.371748e+003
71,6,-3.371748e+003
71,7,-3.371748e+003
71,8,-3.371748e+003
71,9,-3.371748e+003
71,10,-3.371748e+003
71,11,-3.371748e+003
71,12,-3.371748e+003
71,13,-3.371748e+003
71,14,-3.371748e+003
71,15,-3.371748e+003
71,16,-3.371748e+003
71,17,-3.371748e+003
71,18,-3.371748e+003
71,19,-3.371748e+003
71,20,-3.371748e+003
71,21,-3.371748e+003
72,0,-3.372425e+003
72,1,-3.372425e+003
72,2,-3.372425e+003
72,3,-3.372429e+003
72,4,-3.372387e+003
72,5,-3.372390e+003
72,6,-3.372393e+003
72,7,-3.372395e+003
72,8,-3.372397e+003
72,9,-3.372398e+003
72,10,-3.372400e+003
72,11,-3.372473e+003
72,12,-3.372473e+003
72,13,-3.372474e+003
72,14,-3.372474e+003
72,15,-3.372474e+003
72,16,-3.372474e+003
72,17,-3.372474e+003
72,18,-3.372474e+003
72,19,-3.372474e+003
72,20,-3.372474e+003
72,21,-3.372474e+003
72,22,-3.372474e+003
72,23,-3.372474e+003
72,24,-3.372474e+003
72,25,-3.372474e+003
72,26,-3.372474e+003
72,27,-3.372474e+003
72,28,-3.372474e+003
72,29,-3.372474e+003
72,30,-3.372474e+003
72,31,-3.372474e+003
72,32,-3.372474e+003
72,33,-3.372474e+003
72,34,-3.372474e+003
72,35,-3.372474e+003
72,36,-3.372474e+003
72,37,-3.372474e+003
72,38,-3.372474e+003
72,39,-3.372474e+003
72,40,-3.372474e+003
72,41,-3.372474e+003
72,42,-3.372474e+003
73,0,-3.372784e+003
73,1,-3.372784e+003
73,2,-3.372784e+003
73,3,-3.372784e+003
73,4,-3.372784e+003
73,5,-3.372784e+003
73,6,-3.372784e+003
73,7,-3.372784e+003
73,8,-3.372784e+003
73,9,-3.372784e+003
73,10,-3.372784e+003
73,11,-3.372784e+003
73,12,-3.372784e+003
73,13,-3.372784e+003
73,14,-3.372784e+003
73,15,-3.372784e+003
73,16,-3.372784e+003
73,17,-3.372784e+003
73,18,-3.372784e+003
73,19,-3.372784e+003
73,20,-3.372784e+003
73,21,-3.372784e+003
73,22,-3.372711e+003
73,23,-3.372711e+003
73,24,-3.372711e+003
73,25,-3.372711e+003
73,26,-3.372711e+003
73,27,-3.372711e+003
73,28,-3.372711e+003
73,29,-3.372711e+003
73,30,-3.372711e+003
73,31,-3.372711e+003
73,32,-3.372711e+003
73,33,-3.372711e+003
73,34,-3.372711e+003
73,35,-3.372711e+003
73,36,-3.372711e+003
73,37,-3.372711e+003
73,38,-3.372711e+003
73,39,-3.372711e+003
73,40,-3.372711e+003
73,41,-3.372711e+003
73,42,-3.372711e+003
73,43,-3.372711e+003
73,44,-3.372711e+003
73,45,-3.372711e+003
73,46,-3.372711e+003
73,47,-3.372711e+003
73,48,-3.372711e+003
73,49,-3.372711e+003
73,50,-3.372711e+003
73,51,-3.372711e+003
73,52,-3.372711e+003
73,53,-3.372711e+003
73,54,-3.372711e+003
73,55,-3.372711e+003
73,56,-3.372711e+003
73,57,-3.372711e+003
73,58,-3.372711e+003
73,59,-3.372711e+003
73,60,-3.372711e+003
73,61,-3.372712e+003
73,62,-3.372712e+003
73,63,-3.372712e+003
73,64,-3.372712e+003
73,65,-3.372712e+003
73,66,-3.372712e+003
73,67,-3.372712e+003
73,68,-3.372712e+003
73,69,-3.372712e+003
73,70,-3.372712e+003
73,71,-3.372712e+003
73,72,-3.372712e+003
73,73,-3.372712e+003
73,74,-3.372712e+003
73,75,-3.372713e+003
73,76,-3.372713e+003
73,77,-3.372713e+003
73,78,-3.372713e+003
73,79,-3.372713e+003
73,80,-3.372713e+003
73,81,-3.372713e+003
73,82,-3.372713e+003
73,83,-3.372713e+003
73,84,-3.372713e+003
73,85,-3.372785e+003
73,86,-3.372785e+003
73,87,-3.372785e+003
73,88,-3.372785e+003
73,89,-3.372785e+003
73,90,-3.372785e+003
73,91,-3.372785e+003
74,0,-3.372244e+003
74,1,-3.372244e+003
74,2,-3.372244e+003
74,3,-3.372244e+003
74,4,-3.372244e+003
74,5,-3.372244e+003
74,6,-3.372244e+003
74,7,-3.372244e+003
74,8,-3.372244e+003
74,9,-3.372244e+003
74,10,-3.372244e+003
74,11,-3.372244e+003
74,12,-3.372244e+003
74,13,-3.372244e+003
74,14,-3.372244e+003
74,15,-3.372244e+003
74,16,-3.372244e+003
74,17,-3.372244e+003
74,18,-3.372244e+003
74,19,-3.372244e+003
74,20,-3.372244e+003
74,21,-3.372244e+003
74,22,-3.372244e+003
74,23,-3.372244e+003
74,24,-3.372244e+003
74,25,-3.372244e+003
74,26,-3.372244e+003
74,27,-3.372244e+003
74,28,-3.372244e+003
74,29,-3.372244e+003
74,30,-3.372244e+003
74,31,-3.372244e+003
74,32,-3.372244e+003
74,33,-3.372244e+003
74,34,-3.372244e+003
74,35,-3.372244e+003
74,36,-3.372244e+003
74,37,-3.372244e+003
74,38,-3.372244e+003
74,39,-3.372244e+003
74,40,-3.372244e+003
74,41,-3.372244e+003
74,42,-3.372244e+003
74,43,-3.372244e+003
74,44,-3.372244e+003
74,45,-3.372244e+003
74,46,-3.372244e+003
74,47,-3.372244e+003
74,48,-3.372244e+003
74,49,-3.372244e+003
74,50,-3.372244e+003
75,0,-3.372178e+003
75,1,-3.372178e+003
75,2,-3.372178e+003
75,3,-3.372178e+003
75,4,-3.372178e+003
75,5,-3.372178e+003
75,6,-3.372178e+003
75,7,-3.372178e+003
75,8,-3.372178e+003
75,9,-3.372178e+003
75,10,-3.372178e+003
75,11,-3.372178e+003
75,12,-3.372178e+003
75,13,-3.372178e+003
75,14,-3.372178e+003
75,15,-3.372178e+003
75,16,-3.372178e+003
75,17,-3.372178e+003
75,18,-3.372178e+003
75,19,-3.372178e+003
75,20,-3.372178e+003
75,21,-3.372178e+003
75,22,-3.372178e+003
75,23,-3.372178e+003
75,24,-3.372179e+003
75,25,-3.372179e+003
75,26,-3.372179e+003
75,27,-3.372179e+003
75,28,-3.372179e+003
75,29,-3.372179e+003
75,30,-3.372179e+003
75,31,-3.372179e+003
75,32,-3.372179e+003
75,33,-3.372179e+003
75,34,-3.372179e+003
75,35,-3.372179e+003
75,36,-3.372179e+003
75,37,-3.372179e+003
75,38,-3.372179e+003
75,39,-3.372179e+003
75,40,-3.372179e+003
75,41,-3.372179e+003
75,42,-3.372179e+003
75,43,-3.372179e+003
75,44,-3.372179e+003
75,45,-3.372179e+003
76,0,-3.373329e+003
76,1,-3.373329e+003
76,2,-3.373329e+003
76,3,-3.373329e+003
76,4,-3.373329e+003
76,5,-3.373329e+003
76,6,-3.373329e+003
76,7,-3.373329e+003
76,8,-3.373329e+003
76,9,-3.373329e+003
76,10,-3.373329e+003
76,11,-3.373329e+003
76,12,-3.373329e+003
76,13,-3.373329e+003
76,14,-3.373329e+003
76,15,-3.373329e+003
76,16,-3.373329e+003
76,17,-3.373329e+003
76,18,-3.373329e+003
76,19,-3.373329e+003
76,20,-3.373329e+003
76,21,-3.373329e+003
77,0,-3.373200e+003
77,1,-3.373200e+003
77,2,-3.373200e+003
77,3,-3.373200e+003
77,4,-3.373200e+003
77,5,-3.373200e+003
77,6,-3.373200e+003
77,7,-3.373200e+003
77,8,-3.373200e+003
77,9,-3.373200e+003
77,10,-3.373200e+003
77,11,-3.373200e+003
77,12,-3.373200e+003
77,13,-3.373200e+003
77,14,-3.373200e+003
77,15,-3.373200e+003
77,16,-3.373200e+003
77,17,-3.373200e+003
77,18,-3.373200e+003
77,19,-3.373200e+003
77,20,-3.373200e+003
77,21,-3.373200e+003
78,0,-3.372977e+003
78,1,-3.372977e+003
78,2,-3.372977e+003
78,3,-3.372977e+003
78,4,-3.372977e+003
78,5,-3.372977e+003
78,6,-3.372977e+003
78,7,-3.372977e+003
78,8,-3.372977e+003
78,9,-3.372977e+003
78,10,-3.372977e+003
78,11,-3.372977e+003
78,12,-3.372977e+003
78,13,-3.372977e+003
78,14,-3.372977e+003
78,15,-3.372977e+003
78,16,-3.372977e+003
78,17,-3.372977e+003
78,18,-3.373049e+003
78,19,-3.373049e+003
78,20,-3.373049e+003
78,21,-3.373049e+003
79,0,-3.372853e+003
79,1,-3.372853e+003
79,2,-3.372853e+003
79,3,-3.372853e+003
79,4,-3.372853e+003
79,5,-3.372853e+003
79,6,-3.372853e+003
79,7,-3.372853e+003
79,8,-3.372853e+003
79,9,-3.372853e+003
79,10,-3.372853e+003
79,11,-3.372853e+003
79,12,-3.372853e+003
79,13,-3.372853e+003
79,14,-3.372853e+003
79,15,-3.372853e+003
79,16,-3.372853e+003
79,17,-3.372853e+003
79,18,-3.372853e+003
79,19,-3.372853e+003
79,20,-3.372853e+003
79,21,-3.372853e+003
79,22,-3.372853e+003
79,23,-3.372853e+003
79,24,-3.372853e+003
79,25,-3.372853e+003
79,26,-3.372853e+003
79,27,-3.372853e+003
80,0,-3.372635e+003
80,1,-3.372635e+003
80,2,-3.372635e+003
80,3,-3.372635e+003
80,4,-3.372635e+003
80,5,-3.372635e+003
80,6,-3.372635e+003
80,7,-3.372635e+003
80,8,-3.372635e+003
80,9,-3.372635e+003
80,10,-3.372635e+003
80,11,-3.372635e+003
80,12,-3.372635e+003
80,13,-3.372635e+003
80,14,-3.372635e+003
80,15,-3.372635e+003
80,16,-3.372635e+003
80,17,-3.372635e+003
80,18,-3.372635e+003
80,19,-3.372635e+003
80,20,-3.372635e+003
80,21,-3.372635e+003
81,0,-3.373695e+003
81,1,-3.373695e+003
81,2,-3.373695e+003
81,3,-3.373695e+003
81,4,-3.373695e+003
81,5,-3.373695e+003
81,6,-3.373695e+003
81,7,-3.373695e+003
81,8,-3.373695e+003
81,9,-3.373695e+003
81,10,-3.373622e+003
81,11,-3.373622e+003
81,12,-3.373622e+003
81,13,-3.373622e+003
81,14,-3.373622e+003
81,15,-3.373622e+003
81,16,-3.373622e+003
81,17,-3.373622e+003
81,18,-3.373622e+003
81,19,-3.373622e+003
81,20,-3.373622e+003
81,21,-3.373622e+003
82,0,-3.373495e+003
82,1,-3.373495e+003
82,2,-3.373495e+003
82,3,-3.373495e+003
82,4,-3.373495e+003
82,5,-3.373495e+003
82,6,-3.373495e+003
82,7,-3.373495e+003
82,8,-3.373495e+003
82,9,-3.373495e+003
82,10,-3.373495e+003
82,11,-3.373495e+003
82,12,-3.373495e+003
82,13,-3.373495e+003
82,14,-3.373495e+003
82,15,-3.373495e+003
82,16,-3.373495e+003
82,17,-3.373495e+003
82,18,-3.373495e+003
82,19,-3.373495e+003
82,20,-3.373495e+003
82,21,-3.373495e+003
83,0,-3.373357e+003
83,1,-3.373357e+003
83,2,-3.373357e+003
83,3,-3.373357e+003
83,4,-3.373357e+003
83,5,-3.373357e+003
83,6,-3.373357e+003
83,7,-3.373357e+003
83,8,-3.373357e+003
83,9,-3.373357e+003
83,10,-3.373357e+003
83,11,-3.373357e+003
83,12,-3.373357e+003
83,13,-3.373357e+003
83,14,-3.373357e+003
83,15,-3.373357e+003
83,16,-3.373357e+003
83,17,-3.373357e+003
83,18,-3.373357e+003
83,19,-3.373357e+003
83,20,-3.373357e+003
83,21,-3.373357e+003
83,22,-3.373357e+003
83,23,-3.373357e+003
83,24,-3.373357e+003
83,25,-3.373357e+003
83,26,-3.373357e+003
83,27,-3.373357e+003
83,28,-3.373357e+003
83,29,-3.373357e+003
83,30,-3.373357e+003
83,31,-3.373357e+003
83,32,-3.373357e+003
84,0,-3.373209e+003
84,1,-3.373209e+003
84,2,-3.373209e+003
84,3,-3.373281e+003
84,4,-3.373281e+003
84,5,-3.373281e+003
84,6,-3.373281e+003
84,7,-3.373281e+003
84,8,-3.373281e+003
84,9,-3.373282e+003
84,10,-3.373282e+003
84,11,-3.373282e+003
84,12,-3.373282e+003
84,13,-3.373282e+003
84,14,-3.373282e+003
84,15,-3.373282e+003
84,16,-3.373282e+003
84,17,-3.373282e+003
84,18,-3.373282e+003
84,19,-3.373282e+003
84,20,-3.373282e+003
84,21,-3.373282e+003
85,0,-3.372517e+003
85,1,-3.372517e+003
85,2,-3.372517e+003
85,3,-3.372517e+003
85,4,-3.372517e+003
85,5,-3.372517e+003
85,6,-3.372517e+003
85,7,-3.372517e+003
85,8,-3.372517e+003
85,9,-3.372517e+003
85,10,-3.372517e+003
85,11,-3.372517e+003
85,12,-3.372517e+003
85,13,-3.372517e+003
85,14,-3.372517e+003
85,15,-3.372517e+003
85,16,-3.372517e+003
85,17,-3.372517e+003
85,18,-3.372517e+003
85,19,-3.372517e+003
85,20,-3.372517e+003
85,21,-3.372517e+003
86,0,-3.372400e+003
86,1,-3.372400e+003
86,2,-3.372400e+003
86,3,-3.372400e+003
86,4,-3.372400e+003
86,5,-3.372400e+003
86,6,-3.372400e+003
86,7,-3.372400e+003
86,8,-3.372400e+003
86,9,-3.372400e+003
86,10,-3.372400e+003
86,11,-3.372400e+003
86,12,-3.372400e+003
86,13,-3.372400e+003
86,14,-3.372400e+003
86,15,-3.372400e+003
86,16,-3.372400e+003
86,17,-3.372400e+003
86,18,-3.372400e+003
86,19,-3.372400e+003
86,20,-3.372400e+003
86,21,-3.372400e+003
87,0,-3.372267e+003
87,1,-3.372267e+003
87,2,-3.372267e+003
87,3,-3.372267e+003
87,4,-3.372267e+003
87,5,-3.372267e+003
87,6,-3.372267e+003
87,7,-3.372267e+003
87,8,-3.372267e+003
87,9,-3.372267e+003
87,10,-3.372267e+003
87,11,-3.372267e+003
87,12,-3.372267e+003
87,13,-3.372267e+003
87,14,-3.372267e+003
87,15,-3.372267e+003
87,16,-3.372267e+003
87,17,-3.372267e+003
87,18,-3.372267e+003
87,19,-3.372267e+003
87,20,-3.372267e+003
87,21,-3.372267e+003
87,22,-3.372267e+003
87,23,-3.372267e+003
87,24,-3.372267e+003
87,25,-3.372267e+003
87,26,-3.372267e+003
87,27,-3.372267e+003
87,28,-3.372267e+003
87,29,-3.372267e+003
87,30,-3.372267e+003
87,31,-3.372267e+003
88,0,-3.372120e+003
88,1,-3.372120e+003
88,2,-3.372120e+003
88,3,-3.372120e+003
88,4,-3.372120e+003
88,5,-3.372120e+003
88,6,-3.372120e+003
88,7,-3.372120e+003
88,8,-3.372120e+003
88,9,-3.372120e+003
88,10,-3.372120e+003
88,11,-3.372120e+003
88,12,-3.372120e+003
88,13,-3.372120e+003
88,14,-3.372120e+003
88,15,-3.372120e+003
88,16,-3.372120e+003
88,17,-3.372120e+003
88,18,-3.372120e+003
88,19,-3.372120e+003
88,20,-3.372120e+003
88,21,-3.372120e+003
89,0,-3.371339e+003
89,1,-3.371339e+003
89,2,-3.371339e+003
89,3,-3.371339e+003
89,4,-3.371339e+003
89,5,-3.371339e+003
89,6,-3.371339e+003
89,7,-3.371339e+003
89,8,-3.371339e+003
89,9,-3.371339e+003
89,10,-3.371339e+003
89,11,-3.371339e+003
89,12,-3.371339e+003
89,13,-3.371339e+003
89,14,-3.371339e+003
89,15,-3.371339e+003
89,16,-3.371339e+003
89,17,-3.371339e+003
89,18,-3.371339e+003
89,19,-3.371339e+003
89,20,-3.371339e+003
89,21,-3.371339e+003
90,0,-3.371229e+003
90,1,-3.371229e+003
90,2,-3.371229e+003
90,3,-3.371229e+003
90,4,-3.371229e+003
90,5,-3.371229e+003
90,6,-3.371229e+003
90,7,-3.371229e+003
90,8,-3.371229e+003
90,9,-3.371229e+003
90,10,-3.371229e+003
90,11,-3.371229e+003
90,12,-3.371229e+003
90,13,-3.371229e+003
90,14,-3.371229e+003
90,15,-3.371229e+003
90,16,-3.371229e+003
90,17,-3.371229e+003
90,18,-3.371229e+003
90,19,-3.371229e+003
90,20,-3.371229e+003
90,21,-3.371229e+003
91,0,-3.370716e+003
91,1,-3.370716e+003
91,2,-3.370716e+003
91,3,-3.370716e+003
91,4,-3.370716e+003
91,5,-3.370716e+003
91,6,-3.370716e+003
91,7,-3.370716e+003
91,8,-3.370716e+003
91,9,-3.370716e+003
91,10,-3.370716e+003
91,11,-3.370716e+003
91,12,-3.370716e+003
91,13,-3.370716e+003
91,14,-3.370716e+003
91,15,-3.370716e+003
91,16,-3.370788e+003
91,17,-3.370788e+003
91,18,-3.370789e+003
91,19,-3.370789e+003
91,20,-3.370789e+003
91,21,-3.370789e+003
91,22,-3.370789e+003
91,23,-3.370789e+003
91,24,-3.370789e+003
91,25,-3.370789e+003
91,26,-3.370789e+003
91,27,-3.370789e+003
92,0,-3.370816e+003
92,1,-3.370816e+003
92,2,-3.370816e+003
92,3,-3.370816e+003
92,4,-3.370816e+003
92,5,-3.370816e+003
92,6,-3.370816e+003
92,7,-3.370816e+003
92,8,-3.370816e+003
92,9,-3.370816e+003
92,10,-3.370816e+003
92,11,-3.370816e+003
92,12,-3.370816e+003
92,13,-3.370816e+003
92,14,-3.370816e+003
92,15,-3.370816e+003
92,16,-3.370816e+003
92,17,-3.370816e+003
92,18,-3.370816e+003
92,19,-3.370816e+003
92,20,-3.370816e+003
92,21,-3.370816e+003
93,0,-3.370941e+003
93,1,-3.370941e+003
93,2,-3.370941e+003
93,3,-3.370941e+003
93,4,-3.370941e+003
93,5,-3.370941e+003
93,6,-3.370941e+003
93,7,-3.370941e+003
93,8,-3.370941e+003
93,9,-3.370941e+003
93,10,-3.370941e+003
93,11,-3.370941e+003
93,12,-3.370941e+003
93,13,-3.370941e+003
93,14,-3.370941e+003
93,15,-3.370941e+003
93,16,-3.370941e+003
93,17,-3.370941e+003
93,18,-3.370941e+003
93,19,-3.370941e+003
93,20,-3.370941e+003
93,21,-3.370941e+003
93,22,-3.370941e+003
93,23,-3.370941e+003
94,0,-3.371041e+003
94,1,-3.371041e+003
94,2,-3.371041e+003
94,3,-3.371041e+003
94,4,-3.371041e+003
94,5,-3.371041e+003
94,6,-3.371041e+003
94,7,-3.371041e+003
94,8,-3.371041e+003
94,9,-3.371041e+003
94,10,-3.371041e+003
94,11,-3.371041e+003
94,12,-3.371041e+003
94,13,-3.371041e+003
94,14,-3.371041e+003
94,15,-3.371041e+003
94,16,-3.371041e+003
94,17,-3.371041e+003
94,18,-3.371041e+003
94,19,-3.371041e+003
94,20,-3.371041e+003
94,21,-3.371041e+003
95,0,-3.371111e+003
95,1,-3.371111e+003
95,2,-3.371111e+003
95,3,-3.371111e+003
95,4,-3.371111e+003
95,5,-3.371111e+003
95,6,-3.371111e+003
95,7,-3.371111e+003
95,8,-3.371111e+003
95,9,-3.371111e+003
95,10,-3.371111e+003
95,11,-3.371111e+003
95,12,-3.371111e+003
95,13,-3.371111e+003
95,14,-3.371111e+003
95,15,-3.371111e+003
95,16,-3.371111e+003
95,17,-3.371111e+003
95,18,-3.371111e+003
95,19,-3.371111e+003
95,20,-3.371112e+003
95,21,-3.371112e+003
95,22,-3.371112e+003
95,23,-3.371112e+003
95,24,-3.371112e+003
95,25,-3.371112e+003
95,26,-3.371112e+003
95,27,-3.371112e+003
95,28,-3.371112e+003
95,29,-3.371112e+003
95,30,-3.371112e+003
95,31,-3.371112e+003
95,32,-3.371112e+003
96,0,-3.371149e+003
96,1,-3.371149e+003
96,2,-3.371149e+003
96,3,-3.371149e+003
96,4,-3.371149e+003
96,5,-3.371149e+003
96,6,-3.371149e+003
96,7,-3.371149e+003
96,8,-3.371149e+003
96,9,-3.371149e+003
96,10,-3.371149e+003
96,11,-3.371149e+003
96,12,-3.371149e+003
96,13,-3.371149e+003
96,14,-3.371149e+003
96,15,-3.371149e+003
96,16,-3.371149e+003
96,17,-3.371149e+003
96,18,-3.371149e+003
96,19,-3.371149e+003
96,20,-3.371149e+003
96,21,-3.371149e+003
97,0,-3.372441e+003
97,1,-3.372441e+003
97,2,-3.372441e+003
97,3,-3.372441e+003
97,4,-3.372441e+003
97,5,-3.372441e+003
97,6,-3.372441e+003
97,7,-3.372441e+003
97,8,-3.372441e+003
97,9,-3.372441e+003
97,10,-3.372441e+003
97,11,-3.372441e+003
97,12,-3.372441e+003
97,13,-3.372441e+003
97,14,-3.372441e+003
97,15,-3.372441e+003
97,16,-3.372441e+003
97,17,-3.372441e+003
97,18,-3.372441e+003
97,19,-3.372441e+003
97,20,-3.372441e+003
97,21,-3.372441e+003
98,0,-3.372532e+003
98,1,-3.372532e+003
98,2,-3.372532e+003
98,3,-3.372532e+003
98,4,-3.372532e+003
98,5,-3.372532e+003
98,6,-3.372532e+003
98,7,-3.372532e+003
98,8,-3.372532e+003
98,9,-3.372532e+003
98,10,-3.372532e+003
98,11,-3.372532e+003
98,12,-3.372532e+003
98,13,-3.372532e+003
98,14,-3.372532e+003
98,15,-3.372532e+003
98,16,-3.372532e+003
98,17,-3.372532e+003
98,18,-3.372532e+003
98,19,-3.372532e+003
98,20,-3.372532e+003
98,21,-3.372532e+003
99,0,-3.372591e+003
99,1,-3.372591e+003
99,2,-3.372591e+003
99,3,-3.372591e+003
99,4,-3.372591e+003
99,5,-3.372591e+003
99,6,-3.372591e+003
99,7,-3.372591e+003
99,8,-3.372591e+003
99,9,-3.372591e+003
99,10,-3.372591e+003
99,11,-3.372591e+003
99,12,-3.372591e+003
99,13,-3.372591e+003
99,14,-3.372591e+003
99,15,-3.372591e+003
99,16,-3.372591e+003
99,17,-3.372591e+003
99,18,-3.372591e+003
99,19,-3.372591e+003
99,20,-3.372591e+003
99,21,-3.372591e+003
99,22,-3.372591e+003
99,23,-3.372591e+003
99,24,-3.372591e+003
99,25,-3.372591e+003
99,26,-3.372591e+003
99,27,-3.372591e+003
99,28,-3.372591e+003
99,29,-3.372591e+003
100,0,-3.372616e+003
100,1,-3.372616e+003
100,2,-3.372616e+003
100,3,-3.372616e+003
100,4,-3.372616e+003
100,5,-3.372616e+003
100,6,-3.372616e+003
100,7,-3.372616e+003
100,8,-3.372616e+003
100,9,-3.372616e+003
100,10,-3.372616e+003
100,11,-3.372616e+003
100,12,-3.372616e+003
100,13,-3.372616e+003
100,14,-3.372616e+003
100,15,-3.372616e+003
100,16,-3.372616e+003
100,17,-3.372689e+003
100,18,-3.372689e+003
100,19,-3.372689e+003
100,20,-3.372689e+003
100,21,-3.372689e+003
