0,0,-3.358262e+003
0,1,-3.359252e+003
0,2,-3.359834e+003
0,3,-3.360266e+003
0,4,-3.360570e+003
0,5,-3.360881e+003
0,6,-3.361134e+003
0,7,-3.361177e+003
0,8,-3.361193e+003
0,9,-3.361279e+003
0,10,-3.361356e+003
0,11,-3.361299e+003
0,12,-3.361311e+003
0,13,-3.361346e+003
0,14,-3.361312e+003
0,15,-3.361443e+003
0,16,-3.361588e+003
0,17,-3.361597e+003
0,18,-3.361757e+003
0,19,-3.362014e+003
0,20,-3.362405e+003
0,21,-3.362634e+003
0,22,-3.362875e+003
0,23,-3.362977e+003
0,24,-3.363302e+003
0,25,-3.363869e+003
0,26,-3.363998e+003
0,27,-3.364540e+003
0,28,-3.365166e+003
0,29,-3.365444e+003
0,30,-3.365552e+003
0,31,-3.365718e+003
0,32,-3.365873e+003
0,33,-3.366126e+003
0,34,-3.366469e+003
0,35,-3.366561e+003
0,36,-3.366860e+003
0,37,-3.367236e+003
0,38,-3.367952e+003
0,39,-3.368321e+003
0,40,-3.368863e+003
0,41,-3.369490e+003
0,42,-3.369775e+003
0,43,-3.369947e+003
0,44,-3.370358e+003
0,45,-3.370584e+003
0,46,-3.370934e+003
0,47,-3.371168e+003
0,48,-3.371420e+003
0,49,-3.371572e+003
0,50,-3.371723e+003
0,51,-3.371821e+003
0,52,-3.371974e+003
0,53,-3.372026e+003
0,54,-3.372124e+003
0,55,-3.372205e+003
0,56,-3.372165e+003
0,57,-3.372253e+003
0,58,-3.372266e+003
0,59,-3.372205e+003
0,60,-3.372360e+003
0,61,-3.372368e+003
0,62,-3.372446e+003
0,63,-3.372450e+003
0,64,-3.372453e+003
0,65,-3.372457e+003
0,66,-3.372460e+003
0,67,-3.372535e+003
0,68,-3.372536e+003
0,69,-3.372538e+003
0,70,-3.372541e+003
0,71,-3.372544e+003
0,72,-3.372548e+003
0,73,-3.372551e+003
0,74,-3.372554e+003
0,75,-3.372557e+003
0,76,-3.372560e+003
0,77,-3.372563e+003
0,78,-3.372566e+003
0,79,-3.372496e+003
0,80,-3.372499e+003
0,81,-3.372502e+003
0,82,-3.372504e+003
0,83,-3.372507e+003
0,84,-3.372581e+003
0,85,-3.372583e+003
0,86,-3.372585e+003
0,87,-3.372588e+003
0,88,-3.372590e+003
0,89,-3.372519e+003
0,90,-3.372521e+003
0,91,-3.372524e+003
0,92,-3.372527e+003
0,93,-3.372530e+003
0,94,-3.372533e+003
0,95,-3.372536e+003
0,96,-3.372538e+003
0,97,-3.372540e+003
0,98,-3.372471e+003
0,99,-3.372474e+003
0,100,-3.372476e+003
0,101,-3.372550e+003
0,102,-3.372551e+003
0,103,-3.372552e+003
0,104,-3.372626e+003
0,105,-3.372628e+003
0,106,-3.372630e+003
0,107,-3.372631e+003
0,108,-3.372706e+003
0,109,-3.372707e+003
0,110,-3.372709e+003
0,111,-3.372710e+003
0,112,-3.372711e+003
0,113,-3.372712e+003
0,114,-3.372640e+003
0,115,-3.372641e+003
0,116,-3.372642e+003
0,117,-3.372643e+003
0,118,-3.372644e+003
0,119,-3.372645e+003
0,120,-3.372646e+003
0,121,-3.372647e+003
0,122,-3.372648e+003
0,123,-3.372649e+003
0,124,-3.372794e+003
0,125,-3.372795e+003
0,126,-3.372796e+003
0,127,-3.372796e+003
0,128,-3.372797e+003
0,129,-3.372797e+003
0,130,-3.372725e+003
0,131,-3.372726e+003
0,132,-3.372726e+003
0,133,-3.372726e+003
0,134,-3.372727e+003
0,135,-3.372727e+003
0,136,-3.372727e+003
0,137,-3.372727e+003
0,138,-3.372728e+003
0,139,-3.372728e+003
0,140,-3.372728e+003
0,141,-3.372729e+003
0,142,-3.372656e+003
0,143,-3.372657e+003
0,144,-3.372657e+003
0,145,-3.372658e+003
0,146,-3.372659e+003
0,147,-3.372659e+003
0,148,-3.372660e+003
0,149,-3.372587e+003
0,150,-3.372588e+003
0,151,-3.372588e+003
0,152,-3.372588e+003
0,153,-3.372589e+003
0,154,-3.372589e+003
0,155,-3.372589e+003
0,156,-3.372589e+003
0,157,-3.372589e+003
0,158,-3.372590e+003
0,159,-3.372590e+003
0,160,-3.372590e+003
0,161,-3.372590e+003
0,162,-3.372590e+003
0,163,-3.372590e+003
0,164,-3.372591e+003
0,165,-3.372663e+003
0,166,-3.372736e+003
0,167,-3.372736e+003
0,168,-3.372736e+003
0,169,-3.372737e+003
0,170,-3.372809e+003
0,171,-3.372761e+003
0,172,-3.372761e+003
0,173,-3.372761e+003
0,174,-3.372761e+003
0,175,-3.372761e+003
0,176,-3.372761e+003
0,177,-3.372761e+003
0,178,-3.372761e+003
0,179,-3.372761e+003
0,180,-3.372761e+003
0,181,-3.372689e+003
0,182,-3.372689e+003
0,183,-3.372689e+003
0,184,-3.372689e+003
0,185,-3.372689e+003
0,186,-3.372689e+003
0,187,-3.372689e+003
0,188,-3.372689e+003
0,189,-3.372689e+003
0,190,-3.372689e+003
0,191,-3.372689e+003
1,0,-3.372663e+003
1,1,-3.372663e+003
1,2,-3.372663e+003
1,3,-3.372663e+003
1,4,-3.372663e+003
1,5,-3.372663e+003
1,6,-3.372663e+003
1,7,-3.372663e+003
1,8,-3.372663e+003
1,9,-3.372663e+003
1,10,-3.372663e+003
1,11,-3.372663e+003
1,12,-3.372663e+003
1,13,-3.372663e+003
1,14,-3.372663e+003
1,15,-3.372663e+003
1,16,-3.372663e+003
1,17,-3.372663e+003
1,18,-3.372663e+003
1,19,-3.372663e+003
1,20,-3.372663e+003
1,21,-3.372663e+003
2,0,-3.372605e+003
2,1,-3.372605e+003
2,2,-3.372605e+003
2,3,-3.372605e+003
2,4,-3.372605e+003
2,5,-3.372605e+003
2,6,-3.372605e+003
2,7,-3.372605e+003
2,8,-3.372605e+003
2,9,-3.372605e+003
2,10,-3.372605e+003
2,11,-3.372605e+003
2,12,-3.372605e+003
2,13,-3.372605e+003
2,14,-3.372605e+003
2,15,-3.372605e+003
2,16,-3.372605e+003
2,17,-3.372605e+003
2,18,-3.372605e+003
2,19,-3.372605e+003
2,20,-3.372605e+003
2,21,-3.372605e+003
3,0,-3.372514e+003
3,1,-3.372514e+003
3,2,-3.372514e+003
3,3,-3.372514e+003
3,4,-3.372514e+003
3,5,-3.372514e+003
3,6,-3.372514e+003
3,7,-3.372514e+003
3,8,-3.372514e+003
3,9,-3.372514e+003
3,10,-3.372514e+003
3,11,-3.372514e+003
3,12,-3.372514e+003
3,13,-3.372514e+003
3,14,-3.372514e+003
3,15,-3.372514e+003
3,16,-3.372514e+003
3,17,-3.372514e+003
3,18,-3.372514e+003
3,19,-3.372514e+003
3,20,-3.372514e+003
3,21,-3.372514e+003
4,0,-3.371222e+003
4,1,-3.371222e+003
4,2,-3.371222e+003
4,3,-3.371222e+003
4,4,-3.371222e+003
4,5,-3.371222e+003
4,6,-3.371222e+003
4,7,-3.371222e+003
4,8,-3.371222e+003
4,9,-3.371222e+003
4,10,-3.371222e+003
4,11,-3.371222e+003
4,12,-3.371222e+003
4,13,-3.371222e+003
4,14,-3.371222e+003
4,15,-3.371222e+003
4,16,-3.371222e+003
4,17,-3.371222e+003
4,18,-3.371222e+003
4,19,-3.371222e+003
4,20,-3.371222e+003
4,21,-3.371222e+003
5,0,-3.371184e+003
5,1,-3.371184e+003
5,2,-3.371184e+003
5,3,-3.371184e+003
5,4,-3.371184e+003
5,5,-3.371184e+003
5,6,-3.371184e+003
5,7,-3.371184e+003
5,8,-3.371184e+003
5,9,-3.371184e+003
5,10,-3.371184e+003
5,11,-3.371184e+003
5,12,-3.371184e+003
5,13,-3.371184e+003
5,14,-3.371184e+003
5,15,-3.371184e+003
5,16,-3.371184e+003
5,17,-3.371184e+003
5,18,-3.371184e+003
5,19,-3.371184e+003
5,20,-3.371111e+003
5,21,-3.371112e+003
5,22,-3.371112e+003
5,23,-3.371112e+003
5,24,-3.371112e+003
5,25,-3.371112e+003
5,26,-3.371112e+003
5,27,-3.371112e+003
5,28,-3.371112e+003
5,29,-3.371112e+003
5,30,-3.371112e+003
5,31,-3.371112e+003
5,32,-3.371112e+003
5,33,-3.371112e+003
5,34,-3.371112e+003
6,0,-3.371041e+003
6,1,-3.371041e+003
6,2,-3.371041e+003
6,3,-3.371041e+003
6,4,-3.371041e+003
6,5,-3.371041e+003
6,6,-3.371041e+003
6,7,-3.371041e+003
6,8,-3.371041e+003
6,9,-3.371041e+003
6,10,-3.371041e+003
6,11,-3.371041e+003
6,12,-3.371041e+003
6,13,-3.371041e+003
6,14,-3.371041e+003
6,15,-3.371041e+003
6,16,-3.371041e+003
6,17,-3.371041e+003
6,18,-3.371041e+003
6,19,-3.371041e+003
6,20,-3.371041e+003
6,21,-3.371041e+003
7,0,-3.370942e+003
7,1,-3.370942e+003
7,2,-3.370942e+003
7,3,-3.370942e+003
7,4,-3.370942e+003
7,5,-3.370942e+003
7,6,-3.370942e+003
7,7,-3.370942e+003
7,8,-3.370942e+003
7,9,-3.370942e+003
7,10,-3.370942e+003
7,11,-3.370942e+003
7,12,-3.370942e+003
7,13,-3.370942e+003
7,14,-3.370942e+003
7,15,-3.370942e+003
7,16,-3.370942e+003
7,17,-3.370942e+003
7,18,-3.370942e+003
7,19,-3.370942e+003
7,20,-3.370942e+003
7,21,-3.370942e+003
8,0,-3.370816e+003
8,1,-3.370816e+003
8,2,-3.370816e+003
8,3,-3.370816e+003
8,4,-3.370816e+003
8,5,-3.370816e+003
8,6,-3.370816e+003
8,7,-3.370816e+003
8,8,-3.370816e+003
8,9,-3.370816e+003
8,10,-3.370816e+003
8,11,-3.370816e+003
8,12,-3.370816e+003
8,13,-3.370816e+003
8,14,-3.370816e+003
8,15,-3.370816e+003
8,16,-3.370816e+003
8,17,-3.370816e+003
8,18,-3.370816e+003
8,19,-3.370816e+003
8,20,-3.370816e+003
8,21,-3.370816e+003
9,0,-3.370788e+003
9,1,-3.370788e+003
9,2,-3.370788e+003
9,3,-3.370788e+003
9,4,-3.370788e+003
9,5,-3.370788e+003
9,6,-3.370788e+003
9,7,-3.370788e+003
9,8,-3.370788e+003
9,9,-3.370788e+003
9,10,-3.370788e+003
9,11,-3.370788e+003
9,12,-3.370788e+003
9,13,-3.370788e+003
9,14,-3.370788e+003
9,15,-3.370788e+003
9,16,-3.370788e+003
9,17,-3.370788e+003
9,18,-3.370788e+003
9,19,-3.370788e+003
9,20,-3.370788e+003
9,21,-3.370788e+003
9,22,-3.370788e+003
9,23,-3.370789e+003
9,24,-3.370789e+003
9,25,-3.370789e+003
9,26,-3.370789e+003
9,27,-3.370789e+003
9,28,-3.370789e+003
9,29,-3.370789e+003
9,30,-3.370789e+003
9,31,-3.370789e+003
9,32,-3.370789e+003
10,0,-3.371301e+003
10,1,-3.371301e+003
10,2,-3.371301e+003
10,3,-3.371301e+003
10,4,-3.371301e+003
10,5,-3.371301e+003
10,6,-3.371301e+003
10,7,-3.371301e+003
10,8,-3.371301e+003
10,9,-3.371301e+003
10,10,-3.371301e+003
10,11,-3.371301e+003
10,12,-3.371301e+003
10,13,-3.371301e+003
10,14,-3.371301e+003
10,15,-3.371301e+003
10,16,-3.371301e+003
10,17,-3.371301e+003
10,18,-3.371301e+003
10,19,-3.371301e+003
10,20,-3.371301e+003
10,21,-3.371301e+003
11,0,-3.371412e+003
11,1,-3.371412e+003
11,2,-3.371412e+003
11,3,-3.371412e+003
11,4,-3.371412e+003
11,5,-3.371412e+003
11,6,-3.371412e+003
11,7,-3.371412e+003
11,8,-3.371412e+003
11,9,-3.371412e+003
11,10,-3.371412e+003
11,11,-3.371412e+003
11,12,-3.371412e+003
11,13,-3.371412e+003
11,14,-3.371412e+003
11,15,-3.371412e+003
11,16,-3.371412e+003
11,17,-3.371412e+003
11,18,-3.371412e+003
11,19,-3.371412e+003
11,20,-3.371412e+003
11,21,-3.371412e+003
12,0,-3.372193e+003
12,1,-3.372193e+003
12,2,-3.372193e+003
12,3,-3.372193e+003
12,4,-3.372193e+003
12,5,-3.372193e+003
12,6,-3.372193e+003
12,7,-3.372193e+003
12,8,-3.372193e+003
12,9,-3.372193e+003
12,10,-3.372193e+003
12,11,-3.372193e+003
12,12,-3.372193e+003
12,13,-3.372193e+003
12,14,-3.372193e+003
12,15,-3.372193e+003
12,16,-3.372193e+003
12,17,-3.372193e+003
12,18,-3.372193e+003
12,19,-3.372193e+003
12,20,-3.372193e+003
12,21,-3.372193e+003
13,0,-3.372340e+003
13,1,-3.372340e+003
13,2,-3.372340e+003
13,3,-3.372340e+003
13,4,-3.372340e+003
13,5,-3.372340e+003
13,6,-3.372340e+003
13,7,-3.372340e+003
13,8,-3.372340e+003
13,9,-3.372340e+003
13,10,-3.372340e+003
13,11,-3.372340e+003
13,12,-3.372340e+003
13,13,-3.372340e+003
13,14,-3.372340e+003
13,15,-3.372340e+003
13,16,-3.372340e+003
13,17,-3.372340e+003
13,18,-3.372340e+003
13,19,-3.372340e+003
13,20,-3.372340e+003
13,21,-3.372340e+003
13,22,-3.372340e+003
13,23,-3.372340e+003
13,24,-3.372340e+003
13,25,-3.372340e+003
13,26,-3.372340e+003
13,27,-3.372340e+003
13,28,-3.372340e+003
13,29,-3.372340e+003
13,30,-3.372340e+003
14,0,-3.372472e+003
14,1,-3.372472e+003
14,2,-3.372472e+003
14,3,-3.372472e+003
14,4,-3.372472e+003
14,5,-3.372472e+003
14,6,-3.372472e+003
14,7,-3.372472e+003
14,8,-3.372472e+003
14,9,-3.372472e+003
14,10,-3.372472e+003
14,11,-3.372472e+003
14,12,-3.372472e+003
14,13,-3.372472e+003
14,14,-3.372472e+003
14,15,-3.372472e+003
14,16,-3.372472e+003
14,17,-3.372472e+003
14,18,-3.372472e+003
14,19,-3.372472e+003
14,20,-3.372472e+003
14,21,-3.372472e+003
15,0,-3.372589e+003
15,1,-3.372589e+003
15,2,-3.372589e+003
15,3,-3.372589e+003
15,4,-3.372589e+003
15,5,-3.372589e+003
15,6,-3.372589e+003
15,7,-3.372589e+003
15,8,-3.372589e+003
15,9,-3.372589e+003
15,10,-3.372589e+003
15,11,-3.372589e+003
15,12,-3.372589e+003
15,13,-3.372589e+003
15,14,-3.372589e+003
15,15,-3.372589e+003
15,16,-3.372589e+003
15,17,-3.372589e+003
15,18,-3.372589e+003
15,19,-3.372589e+003
15,20,-3.372589e+003
15,21,-3.372589e+003
16,0,-3.373354e+003
16,1,-3.373354e+003
16,2,-3.373281e+003
16,3,-3.373281e+003
16,4,-3.373281e+003
16,5,-3.373281e+003
16,6,-3.373281e+003
16,7,-3.373281e+003
16,8,-3.373281e+003
16,9,-3.373281e+003
16,10,-3.373281e+003
16,11,-3.373281e+003
16,12,-3.373281e+003
16,13,-3.373281e+003
16,14,-3.373281e+003
16,15,-3.373281e+003
16,16,-3.373281e+003
16,17,-3.373281e+003
16,18,-3.373281e+003
16,19,-3.373281e+003
16,20,-3.373281e+003
16,21,-3.373281e+003
17,0,-3.373430e+003
17,1,-3.373430e+003
17,2,-3.373430e+003
17,3,-3.373430e+003
17,4,-3.373430e+003
17,5,-3.373430e+003
17,6,-3.373430e+003
17,7,-3.373430e+003
17,8,-3.373430e+003
17,9,-3.373430e+003
17,10,-3.373430e+003
17,11,-3.373430e+003
17,12,-3.373430e+003
17,13,-3.373430e+003
17,14,-3.373430e+003
17,15,-3.373430e+003
17,16,-3.373430e+003
17,17,-3.373430e+003
17,18,-3.373430e+003
17,19,-3.373430e+003
17,20,-3.373430e+003
17,21,-3.373430e+003
18,0,-3.373567e+003
18,1,-3.373567e+003
18,2,-3.373567e+003
18,3,-3.373567e+003
18,4,-3.373567e+003
18,5,-3.373567e+003
18,6,-3.373567e+003
18,7,-3.373567e+003
18,8,-3.373567e+003
18,9,-3.373567e+003
18,10,-3.373567e+003
18,11,-3.373567e+003
18,12,-3.373567e+003
18,13,-3.373567e+003
18,14,-3.373567e+003
18,15,-3.373567e+003
18,16,-3.373567e+003
18,17,-3.373567e+003
18,18,-3.373567e+003
18,19,-3.373567e+003
18,20,-3.373567e+003
18,21,-3.373567e+003
19,0,-3.373695e+003
19,1,-3.373695e+003
19,2,-3.373695e+003
19,3,-3.373695e+003
19,4,-3.373695e+003
19,5,-3.373695e+003
19,6,-3.373695e+003
19,7,-3.373695e+003
19,8,-3.373695e+003
19,9,-3.373695e+003
19,10,-3.373695e+003
19,11,-3.373695e+003
19,12,-3.373695e+003
19,13,-3.373695e+003
19,14,-3.373695e+003
19,15,-3.373695e+003
19,16,-3.373695e+003
19,17,-3.373695e+003
19,18,-3.373695e+003
19,19,-3.373695e+003
19,20,-3.373695e+003
19,21,-3.373695e+003
20,0,-3.372634e+003
20,1,-3.372634e+003
20,2,-3.372634e+003
20,3,-3.372634e+003
20,4,-3.372634e+003
20,5,-3.372634e+003
20,6,-3.372634e+003
20,7,-3.372634e+003
20,8,-3.372634e+003
20,9,-3.372634e+003
20,10,-3.372634e+003
20,11,-3.372634e+003
20,12,-3.372634e+003
20,13,-3.372634e+003
20,14,-3.372634e+003
20,15,-3.372634e+003
20,16,-3.372634e+003
20,17,-3.372634e+003
20,18,-3.372634e+003
20,19,-3.372634e+003
20,20,-3.372634e+003
20,21,-3.372634e+003
21,0,-3.372853e+003
21,1,-3.372853e+003
21,2,-3.372853e+003
21,3,-3.372853e+003
21,4,-3.372853e+003
21,5,-3.372853e+003
21,6,-3.372853e+003
21,7,-3.372853e+003
21,8,-3.372853e+003
21,9,-3.372853e+003
21,10,-3.372853e+003
21,11,-3.372853e+003
21,12,-3.372853e+003
21,13,-3.372853e+003
21,14,-3.372853e+003
21,15,-3.372853e+003
21,16,-3.372853e+003
21,17,-3.372853e+003
21,18,-3.372853e+003
21,19,-3.372853e+003
21,20,-3.372853e+003
21,21,-3.372853e+003
22,0,-3.373049e+003
22,1,-3.373049e+003
22,2,-3.373049e+003
22,3,-3.373049e+003
22,4,-3.373049e+003
22,5,-3.373049e+003
22,6,-3.373049e+003
22,7,-3.373049e+003
22,8,-3.373049e+003
22,9,-3.373049e+003
22,10,-3.373049e+003
22,11,-3.373049e+003
22,12,-3.373049e+003
22,13,-3.373049e+003
22,14,-3.373049e+003
22,15,-3.373049e+003
22,16,-3.373049e+003
22,17,-3.373049e+003
22,18,-3.373049e+003
22,19,-3.373049e+003
22,20,-3.373049e+003
22,21,-3.373049e+003
22,22,-3.373049e+003
22,23,-3.373049e+003
22,24,-3.373049e+003
22,25,-3.373049e+003
22,26,-3.373049e+003
22,27,-3.373049e+003
22,28,-3.373049e+003
22,29,-3.373049e+003
22,30,-3.373049e+003
23,0,-3.373273e+003
23,1,-3.373273e+003
23,2,-3.373273e+003
23,3,-3.373273e+003
23,4,-3.373273e+003
23,5,-3.373273e+003
23,6,-3.373273e+003
23,7,-3.373273e+003
23,8,-3.373273e+003
23,9,-3.373273e+003
23,10,-3.373273e+003
23,11,-3.373273e+003
23,12,-3.373273e+003
23,13,-3.373273e+003
23,14,-3.373273e+003
23,15,-3.373273e+003
23,16,-3.373273e+003
23,17,-3.373273e+003
23,18,-3.373273e+003
23,19,-3.373273e+003
23,20,-3.373273e+003
23,21,-3.373273e+003
24,0,-3.373402e+003
24,1,-3.373402e+003
24,2,-3.373402e+003
24,3,-3.373402e+003
24,4,-3.373402e+003
24,5,-3.373402e+003
24,6,-3.373402e+003
24,7,-3.373402e+003
24,8,-3.373402e+003
24,9,-3.373402e+003
24,10,-3.373329e+003
24,11,-3.373329e+003
24,12,-3.373329e+003
24,13,-3.373329e+003
24,14,-3.373329e+003
24,15,-3.373329e+003
24,16,-3.373329e+003
24,17,-3.373329e+003
24,18,-3.373329e+003
24,19,-3.373329e+003
24,20,-3.373329e+003
24,21,-3.373329e+003
25,0,-3.372179e+003
25,1,-3.372179e+003
25,2,-3.372179e+003
25,3,-3.372179e+003
25,4,-3.372179e+003
25,5,-3.372179e+003
25,6,-3.372179e+003
25,7,-3.372179e+003
25,8,-3.372179e+003
25,9,-3.372179e+003
25,10,-3.372179e+003
25,11,-3.372179e+003
25,12,-3.372179e+003
25,13,-3.372179e+003
25,14,-3.372179e+003
25,15,-3.372179e+003
25,16,-3.372179e+003
25,17,-3.372179e+003
25,18,-3.372179e+003
25,19,-3.372179e+003
25,20,-3.372179e+003
25,21,-3.372179e+003
26,0,-3.372244e+003
26,1,-3.372244e+003
26,2,-3.372244e+003
26,3,-3.372244e+003
26,4,-3.372244e+003
26,5,-3.372244e+003
26,6,-3.372244e+003
26,7,-3.372244e+003
26,8,-3.372244e+003
26,9,-3.372244e+003
26,10,-3.372244e+003
26,11,-3.372244e+003
26,12,-3.372244e+003
26,13,-3.372244e+003
26,14,-3.372244e+003
26,15,-3.372244e+003
26,16,-3.372244e+003
26,17,-3.372244e+003
26,18,-3.372244e+003
26,19,-3.372244e+003
26,20,-3.372244e+003
26,21,-3.372244e+003
26,22,-3.372244e+003
26,23,-3.372244e+003
26,24,-3.372244e+003
26,25,-3.372244e+003
26,26,-3.372244e+003
26,27,-3.372244e+003
26,28,-3.372244e+003
26,29,-3.372244e+003
26,30,-3.372244e+003
27,0,-3.372785e+003
27,1,-3.372785e+003
27,2,-3.372785e+003
27,3,-3.372785e+003
27,4,-3.372785e+003
27,5,-3.372785e+003
27,6,-3.372785e+003
27,7,-3.372785e+003
27,8,-3.372785e+003
27,9,-3.372785e+003
27,10,-3.372785e+003
27,11,-3.372785e+003
27,12,-3.372785e+003
27,13,-3.372785e+003
27,14,-3.372785e+003
27,15,-3.372785e+003
27,16,-3.372785e+003
27,17,-3.372785e+003
27,18,-3.372785e+003
27,19,-3.372785e+003
27,20,-3.372785e+003
27,21,-3.372785e+003
27,22,-3.372785e+003
27,23,-3.372785e+003
27,24,-3.372785e+003
27,25,-3.372785e+003
27,26,-3.372785e+003
27,27,-3.372785e+003
27,28,-3.372785e+003
27,29,-3.372785e+003
27,30,-3.372785e+003
27,31,-3.372785e+003
27,32,-3.372785e+003
27,33,-3.372785e+003
27,34,-3.372785e+003
27,35,-3.372785e+003
27,36,-3.372785e+003
27,37,-3.372785e+003
27,38,-3.372785e+003
27,39,-3.372785e+003
27,40,-3.372785e+003
27,41,-3.372785e+003
27,42,-3.372785e+003
27,43,-3.372785e+003
27,44,-3.372785e+003
27,45,-3.372785e+003
27,46,-3.372785e+003
27,47,-3.372785e+003
27,48,-3.372785e+003
27,49,-3.372785e+003
27,50,-3.372785e+003
27,51,-3.372712e+003
27,52,-3.372712e+003
27,53,-3.372712e+003
27,54,-3.372712e+003
27,55,-3.372712e+003
27,56,-3.372712e+003
27,57,-3.372712e+003
27,58,-3.372712e+003
27,59,-3.372712e+003
27,60,-3.372712e+003
27,61,-3.372712e+003
27,62,-3.372712e+003
27,63,-3.372712e+003
27,64,-3.372712e+003
27,65,-3.372712e+003
27,66,-3.372712e+003
27,67,-3.372712e+003
27,68,-3.372712e+003
27,69,-3.372712e+003
27,70,-3.372712e+003
27,71,-3.372712e+003
28,0,-3.372401e+003
28,1,-3.372401e+003
28,2,-3.372401e+003
28,3,-3.372401e+003
28,4,-3.372401e+003
28,5,-3.372401e+003
28,6,-3.372401e+003
28,7,-3.372401e+003
28,8,-3.372401e+003
28,9,-3.372401e+003
28,10,-3.372401e+003
28,11,-3.372401e+003
28,12,-3.372401e+003
28,13,-3.372401e+003
28,14,-3.372401e+003
28,15,-3.372402e+003
28,16,-3.372402e+003
28,17,-3.372402e+003
28,18,-3.372402e+003
28,19,-3.372402e+003
28,20,-3.372402e+003
28,21,-3.372402e+003
28,22,-3.372402e+003
28,23,-3.372402e+003
28,24,-3.372402e+003
28,25,-3.372402e+003
28,26,-3.372402e+003
28,27,-3.372402e+003
28,28,-3.372402e+003
28,29,-3.372402e+003
28,30,-3.372402e+003
28,31,-3.372402e+003
28,32,-3.372402e+003
28,33,-3.372402e+003
28,34,-3.372402e+003
28,35,-3.372402e+003
28,36,-3.372402e+003
28,37,-3.372402e+003
29,0,-3.371705e+003
29,1,-3.371705e+003
29,2,-3.371705e+003
29,3,-3.371777e+003
29,4,-3.371777e+003
29,5,-3.371777e+003
29,6,-3.371777e+003
29,7,-3.371777e+003
29,8,-3.371777e+003
29,9,-3.371777e+003
29,10,-3.371777e+003
29,11,-3.371777e+003
29,12,-3.371777e+003
29,13,-3.371777e+003
29,14,-3.371777e+003
29,15,-3.371777e+003
29,16,-3.371777e+003
29,17,-3.371777e+003
29,18,-3.371777e+003
29,19,-3.371777e+003
29,20,-3.371777e+003
29,21,-3.371777e+003
29,22,-3.371777e+003
29,23,-3.371777e+003
29,24,-3.371777e+003
29,25,-3.371777e+003
29,26,-3.371777e+003
29,27,-3.371777e+003
29,28,-3.371777e+003
29,29,-3.371777e+003
29,30,-3.371777e+003
29,31,-3.371777e+003
29,32,-3.371777e+003
29,33,-3.371777e+003
29,34,-3.371777e+003
29,35,-3.371777e+003
29,36,-3.371777e+003
29,37,-3.371777e+003
29,38,-3.371777e+003
29,39,-3.371777e+003
29,40,-3.371777e+003
29,41,-3.371777e+003
29,42,-3.371777e+003
29,43,-3.371777e+003
29,44,-3.371777e+003
29,45,-3.371777e+003
29,46,-3.371777e+003
29,47,-3.371777e+003
29,48,-3.371777e+003
29,49,-3.371777e+003
29,50,-3.371777e+003
29,51,-3.371777e+003
29,52,-3.371777e+003
29,53,-3.371777e+003
29,54,-3.371777e+003
29,55,-3.371777e+003
29,56,-3.371777e+003
29,57,-3.371777e+003
29,58,-3.371777e+003
29,59,-3.371777e+003
29,60,-3.371777e+003
29,61,-3.371777e+003
29,62,-3.371777e+003
29,63,-3.371777e+003
29,64,-3.371777e+003
29,65,-3.371777e+003
29,66,-3.371777e+003
29,67,-3.371777e+003
29,68,-3.371777e+003
29,69,-3.371777e+003
29,70,-3.371777e+003
29,71,-3.371777e+003
29,72,-3.371777e+003
29,73,-3.371777e+003
29,74,-3.371777e+003
29,75,-3.371778e+003
29,76,-3.371779e+003
29,77,-3.371779e+003
29,78,-3.371779e+003
29,79,-3.371780e+003
29,80,-3.371780e+003
29,81,-3.371781e+003
29,82,-3.371781e+003
29,83,-3.371781e+003
29,84,-3.371781e+003
29,85,-3.371781e+003
29,86,-3.371781e+003
29,87,-3.371781e+003
29,88,-3.371781e+003
29,89,-3.371781e+003
29,90,-3.371781e+003
29,91,-3.371781e+003
29,92,-3.371781e+003
29,93,-3.371781e+003
29,94,-3.371781e+003
29,95,-3.371781e+003
29,96,-3.371781e+003
29,97,-3.371781e+003
29,98,-3.371781e+003
29,99,-3.371781e+003
29,100,-3.371781e+003
29,101,-3.371781e+003
29,102,-3.371781e+003
29,103,-3.371781e+003
29,104,-3.371781e+003
29,105,-3.371781e+003
29,106,-3.371781e+003
29,107,-3.371781e+003
29,108,-3.371781e+003
29,109,-3.371781e+003
30,0,-3.370526e+003
30,1,-3.370526e+003
30,2,-3.370526e+003
30,3,-3.370526e+003
30,4,-3.370526e+003
30,5,-3.370526e+003
30,6,-3.370526e+003
30,7,-3.370526e+003
30,8,-3.370526e+003
30,9,-3.370526e+003
30,10,-3.370526e+003
30,11,-3.370526e+003
30,12,-3.370526e+003
30,13,-3.370526e+003
30,14,-3.370526e+003
30,15,-3.370526e+003
30,16,-3.370454e+003
30,17,-3.370454e+003
30,18,-3.370454e+003
30,19,-3.370454e+003
30,20,-3.370454e+003
30,21,-3.370454e+003
30,22,-3.370454e+003
30,23,-3.370454e+003
30,24,-3.370454e+003
30,25,-3.370454e+003
30,26,-3.370454e+003
30,27,-3.370454e+003
30,28,-3.370454e+003
30,29,-3.370454e+003
30,30,-3.370454e+003
30,31,-3.370454e+003
30,32,-3.370454e+003
30,33,-3.370454e+003
30,34,-3.370454e+003
30,35,-3.370454e+003
30,36,-3.370454e+003
30,37,-3.370454e+003
30,38,-3.370454e+003
30,39,-3.370454e+003
30,40,-3.370454e+003
30,41,-3.370454e+003
30,42,-3.370454e+003
30,43,-3.370454e+003
30,44,-3.370454e+003
30,45,-3.370454e+003
30,46,-3.370454e+003
30,47,-3.370454e+003
30,48,-3.370454e+003
30,49,-3.370454e+003
30,50,-3.370454e+003
30,51,-3.370454e+003
30,52,-3.370454e+003
30,53,-3.370454e+003
30,54,-3.370454e+003
30,55,-3.370454e+003
30,56,-3.370454e+003
30,57,-3.370454e+003
30,58,-3.370454e+003
30,59,-3.370454e+003
30,60,-3.370454e+003
30,61,-3.370454e+003
30,62,-3.370526e+003
30,63,-3.370526e+003
30,64,-3.370526e+003
30,65,-3.370456e+003
30,66,-3.370458e+003
30,67,-3.370459e+003
30,68,-3.370460e+003
30,69,-3.370460e+003
30,70,-3.370461e+003
30,71,-3.370462e+003
30,72,-3.370462e+003
30,73,-3.370463e+003
30,74,-3.370511e+003
30,75,-3.370511e+003
30,76,-3.370512e+003
30,77,-3.370512e+003
30,78,-3.370512e+003
30,79,-3.370512e+003
30,80,-3.370512e+003
30,81,-3.370512e+003
30,82,-3.370512e+003
30,83,-3.370512e+003
30,84,-3.370512e+003
30,85,-3.370512e+003
30,86,-3.370512e+003
30,87,-3.370512e+003
30,88,-3.370512e+003
30,89,-3.370512e+003
30,90,-3.370512e+003
30,91,-3.370512e+003
30,92,-3.370512e+003
30,93,-3.370512e+003
30,94,-3.370512e+003
30,95,-3.370512e+003
30,96,-3.370512e+003
30,97,-3.370512e+003
30,98,-3.370512e+003
30,99,-3.370512e+003
30,100,-3.370512e+003
30,101,-3.370512e+003
31,0,-3.368468e+003
31,1,-3.368468e+003
31,2,-3.368468e+003
31,3,-3.368468e+003
31,4,-3.368468e+003
31,5,-3.368468e+003
31,6,-3.368468e+003
31,7,-3.368468e+003
31,8,-3.368468e+003
31,9,-3.368469e+003
31,10,-3.368469e+003
31,11,-3.368420e+003
31,12,-3.368420e+003
31,13,-3.368420e+003
31,14,-3.368420e+003
31,15,-3.368420e+003
31,16,-3.368420e+003
31,17,-3.368420e+003
31,18,-3.368420e+003
31,19,-3.368420e+003
31,20,-3.368420e+003
31,21,-3.368420e+003
31,22,-3.368420e+003
31,23,-3.368420e+003
31,24,-3.368420e+003
31,25,-3.368420e+003
31,26,-3.368420e+003
31,27,-3.368420e+003
31,28,-3.368420e+003
31,29,-3.368420e+003
31,30,-3.368420e+003
31,31,-3.368420e+003
31,32,-3.368420e+003
31,33,-3.368420e+003
31,34,-3.368420e+003
31,35,-3.368420e+003
31,36,-3.368420e+003
31,37,-3.368420e+003
31,38,-3.368420e+003
31,39,-3.368420e+003
31,40,-3.368420e+003
31,41,-3.368420e+003
31,42,-3.368420e+003
31,43,-3.368420e+003
31,44,-3.368420e+003
31,45,-3.368420e+003
31,46,-3.368420e+003
31,47,-3.368420e+003
31,48,-3.368493e+003
31,49,-3.368493e+003
31,50,-3.368493e+003
31,51,-3.368493e+003
31,52,-3.368493e+003
31,53,-3.368493e+003
31,54,-3.368493e+003
31,55,-3.368493e+003
31,56,-3.368493e+003
31,57,-3.368493e+003
31,58,-3.368493e+003
31,59,-3.368493e+003
31,60,-3.368493e+003
31,61,-3.368493e+003
31,62,-3.368493e+003
31,63,-3.368498e+003
31,64,-3.368500e+003
31,65,-3.368503e+003
31,66,-3.368506e+003
31,67,-3.368484e+003
31,68,-3.368485e+003
31,69,-3.368486e+003
31,70,-3.368487e+003
31,71,-3.368416e+003
31,72,-3.368416e+003
31,73,-3.368417e+003
31,74,-3.368417e+003
31,75,-3.368417e+003
31,76,-3.368417e+003
31,77,-3.368417e+003
31,78,-3.368417e+003
31,79,-3.368417e+003
31,80,-3.368417e+003
31,81,-3.368417e+003
31,82,-3.368417e+003
31,83,-3.368417e+003
31,84,-3.368417e+003
31,85,-3.368417e+003
31,86,-3.368417e+003
31,87,-3.368417e+003
31,88,-3.368417e+003
31,89,-3.368417e+003
31,90,-3.368417e+003
31,91,-3.368417e+003
31,92,-3.368417e+003
31,93,-3.368417e+003
31,94,-3.368417e+003
31,95,-3.368417e+003
31,96,-3.368417e+003
31,97,-3.368417e+003
31,98,-3.368417e+003
31,99,-3.368417e+003
31,100,-3.368417e+003
31,101,-3.368417e+003
31,102,-3.368417e+003
31,103,-3.368417e+003
32,0,-3.365290e+003
32,1,-3.365290e+003
32,2,-3.365290e+003
32,3,-3.365290e+003
32,4,-3.365290e+003
32,5,-3.365290e+003
32,6,-3.365290e+003
32,7,-3.365290e+003
32,8,-3.365290e+003
32,9,-3.365290e+003
32,10,-3.365290e+003
32,11,-3.365290e+003
32,12,-3.365290e+003
32,13,-3.365290e+003
32,14,-3.365290e+003
32,15,-3.365290e+003
32,16,-3.365290e+003
32,17,-3.365290e+003
32,18,-3.365290e+003
32,19,-3.365290e+003
32,20,-3.365290e+003
32,21,-3.365290e+003
33,0,-3.360596e+003
33,1,-3.360596e+003
33,2,-3.360596e+003
33,3,-3.360596e+003
33,4,-3.360596e+003
33,5,-3.360596e+003
33,6,-3.360596e+003
33,7,-3.360596e+003
33,8,-3.360596e+003
33,9,-3.360596e+003
33,10,-3.360596e+003
33,11,-3.360596e+003
33,12,-3.360596e+003
33,13,-3.360596e+003
33,14,-3.360596e+003
33,15,-3.360596e+003
33,16,-3.360596e+003
33,17,-3.360596e+003
33,18,-3.360596e+003
33,19,-3.360596e+003
33,20,-3.360596e+003
33,21,-3.360596e+003
34,0,-3.355152e+003
34,1,-3.355152e+003
34,2,-3.355152e+003
34,3,-3.355152e+003
34,4,-3.355152e+003
34,5,-3.355152e+003
34,6,-3.355152e+003
34,7,-3.355152e+003
34,8,-3.355152e+003
34,9,-3.355152e+003
34,10,-3.355152e+003
34,11,-3.355152e+003
34,12,-3.355152e+003
34,13,-3.355152e+003
34,14,-3.355152e+003
34,15,-3.355322e+003
34,16,-3.355519e+003
34,17,-3.355533e+003
34,18,-3.355646e+003
34,19,-3.355799e+003
34,20,-3.355772e+003
34,21,-3.355825e+003
34,22,-3.355867e+003
34,23,-3.355958e+003
34,24,-3.355970e+003
34,25,-3.355912e+003
34,26,-3.355920e+003
34,27,-3.355923e+003
34,28,-3.355926e+003
34,29,-3.355927e+003
34,30,-3.355928e+003
34,31,-3.355929e+003
34,32,-3.355930e+003
34,33,-3.355930e+003
34,34,-3.355931e+003
34,35,-3.355931e+003
34,36,-3.355932e+003
34,37,-3.355932e+003
34,38,-3.355932e+003
34,39,-3.355932e+003
34,40,-3.355932e+003
34,41,-3.355932e+003
34,42,-3.355932e+003
34,43,-3.355933e+003
34,44,-3.355933e+003
34,45,-3.355933e+003
34,46,-3.355933e+003
34,47,-3.355861e+003
34,48,-3.355861e+003
34,49,-3.355861e+003
34,50,-3.355861e+003
34,51,-3.355861e+003
34,52,-3.355861e+003
34,53,-3.355861e+003
34,54,-3.355861e+003
34,55,-3.355861e+003
34,56,-3.355861e+003
34,57,-3.355861e+003
34,58,-3.355861e+003
34,59,-3.355861e+003
34,60,-3.355861e+003
34,61,-3.355861e+003
34,62,-3.355861e+003
34,63,-3.355861e+003
34,64,-3.355861e+003
34,65,-3.355861e+003
34,66,-3.355861e+003
34,67,-3.355862e+003
34,68,-3.355862e+003
34,69,-3.355862e+003
34,70,-3.355862e+003
34,71,-3.355862e+003
34,72,-3.355862e+003
34,73,-3.355862e+003
34,74,-3.355862e+003
34,75,-3.355862e+003
34,76,-3.355862e+003
34,77,-3.355862e+003
34,78,-3.355862e+003
34,79,-3.355862e+003
34,80,-3.355862e+003
34,81,-3.355862e+003
34,82,-3.355862e+003
34,83,-3.355862e+003
34,84,-3.355862e+003
34,85,-3.355862e+003
34,86,-3.355862e+003
34,87,-3.355862e+003
34,88,-3.355862e+003
34,89,-3.355862e+003
34,90,-3.355862e+003
34,91,-3.355862e+003
34,92,-3.355862e+003
34,93,-3.355862e+003
34,94,-3.355862e+003
34,95,-3.355862e+003
34,96,-3.355862e+003
34,97,-3.355862e+003
34,98,-3.355862e+003
34,99,-3.355862e+003
34,100,-3.355862e+003
34,101,-3.355862e+003
34,102,-3.355862e+003
34,103,-3.355862e+003
34,104,-3.355862e+003
34,105,-3.355862e+003
34,106,-3.355862e+003
34,107,-3.355862e+003
34,108,-3.355862e+003
34,109,-3.355862e+003
34,110,-3.355862e+003
34,111,-3.355862e+003
34,112,-3.355862e+003
34,113,-3.355862e+003
34,114,-3.355862e+003
34,115,-3.355862e+003
35,0,-3.347384e+003
35,1,-3.347384e+003
35,2,-3.347384e+003
35,3,-3.347384e+003
35,4,-3.347384e+003
35,5,-3.347384e+003
35,6,-3.347384e+003
35,7,-3.347384e+003
35,8,-3.347384e+003
35,9,-3.347384e+003
35,10,-3.347384e+003
35,11,-3.347384e+003
35,12,-3.347384e+003
35,13,-3.347384e+003
35,14,-3.347384e+003
35,15,-3.347384e+003
35,16,-3.347384e+003
35,17,-3.347384e+003
35,18,-3.347384e+003
35,19,-3.347384e+003
35,20,-3.347384e+003
35,21,-3.347384e+003
36,0,-3.335354e+003
36,1,-3.335354e+003
36,2,-3.335354e+003
36,3,-3.335354e+003
36,4,-3.335354e+003
36,5,-3.335354e+003
36,6,-3.335354e+003
36,7,-3.335354e+003
36,8,-3.335354e+003
36,9,-3.335354e+003
36,10,-3.335354e+003
36,11,-3.335354e+003
36,12,-3.335354e+003
36,13,-3.335354e+003
36,14,-3.335354e+003
36,15,-3.335354e+003
36,16,-3.335354e+003
36,17,-3.335354e+003
36,18,-3.335354e+003
36,19,-3.335354e+003
36,20,-3.335354e+003
36,21,-3.335354e+003
37,0,-3.319760e+003
37,1,-3.319760e+003
37,2,-3.319760e+003
37,3,-3.319760e+003
37,4,-3.319760e+003
37,5,-3.319760e+003
37,6,-3.319760e+003
37,7,-3.319760e+003
37,8,-3.319760e+003
37,9,-3.319760e+003
37,10,-3.319760e+003
37,11,-3.319760e+003
37,12,-3.319760e+003
37,13,-3.319760e+003
37,14,-3.319760e+003
37,15,-3.319760e+003
37,16,-3.319760e+003
37,17,-3.319760e+003
37,18,-3.319760e+003
37,19,-3.319760e+003
37,20,-3.319760e+003
37,21,-3.319760e+003
38,0,-3.299427e+003
38,1,-3.299427e+003
38,2,-3.299427e+003
38,3,-3.299427e+003
38,4,-3.299427e+003
38,5,-3.299427e+003
38,6,-3.299427e+003
38,7,-3.299427e+003
38,8,-3.299427e+003
38,9,-3.299427e+003
38,10,-3.299427e+003
38,11,-3.299427e+003
38,12,-3.299427e+003
38,13,-3.299427e+003
38,14,-3.299427e+003
38,15,-3.299427e+003
38,16,-3.299427e+003
38,17,-3.299427e+003
38,18,-3.299427e+003
38,19,-3.299427e+003
38,20,-3.299427e+003
38,21,-3.299427e+003
39,0,-3.273563e+003
39,1,-3.273563e+003
39,2,-3.273563e+003
39,3,-3.273563e+003
39,4,-3.273563e+003
39,5,-3.273563e+003
39,6,-3.273563e+003
39,7,-3.273563e+003
39,8,-3.273563e+003
39,9,-3.273563e+003
39,10,-3.273563e+003
39,11,-3.279005e+003
39,12,-3.282567e+003
39,13,-3.283936e+003
39,14,-3.287444e+003
39,15,-3.288747e+003
39,16,-3.289517e+003
39,17,-3.290281e+003
39,18,-3.290957e+003
39,19,-3.291144e+003
39,20,-3.291392e+003
39,21,-3.291570e+003
39,22,-3.291655e+003
39,23,-3.291700e+003
39,24,-3.291731e+003
39,25,-3.291752e+003
39,26,-3.291839e+003
39,27,-3.291857e+003
39,28,-3.291873e+003
39,29,-3.291883e+003
39,30,-3.291889e+003
39,31,-3.291894e+003
39,32,-3.291896e+003
39,33,-3.291897e+003
39,34,-3.291899e+003
39,35,-3.291900e+003
39,36,-3.291901e+003
39,37,-3.291902e+003
39,38,-3.291903e+003
39,39,-3.291904e+003
39,40,-3.291905e+003
39,41,-3.291907e+003
39,42,-3.291908e+003
39,43,-3.291909e+003
39,44,-3.291837e+003
39,45,-3.291839e+003
39,46,-3.291840e+003
39,47,-3.291840e+003
39,48,-3.291840e+003
39,49,-3.291841e+003
39,50,-3.291841e+003
39,51,-3.291841e+003
39,52,-3.291841e+003
39,53,-3.291841e+003
39,54,-3.291841e+003
39,55,-3.291841e+003
39,56,-3.291841e+003
39,57,-3.291842e+003
39,58,-3.291842e+003
39,59,-3.291842e+003
39,60,-3.291842e+003
39,61,-3.291842e+003
39,62,-3.291842e+003
39,63,-3.291842e+003
39,64,-3.291843e+003
39,65,-3.291843e+003
39,66,-3.291843e+003
39,67,-3.291844e+003
39,68,-3.291844e+003
39,69,-3.291845e+003
39,70,-3.291845e+003
39,71,-3.291846e+003
39,72,-3.291846e+003
39,73,-3.291847e+003
39,74,-3.291847e+003
39,75,-3.291848e+003
39,76,-3.291848e+003
39,77,-3.291848e+003
39,78,-3.291848e+003
39,79,-3.291848e+003
39,80,-3.291848e+003
39,81,-3.291848e+003
39,82,-3.291849e+003
39,83,-3.291849e+003
39,84,-3.291849e+003
39,85,-3.291849e+003
39,86,-3.291849e+003
39,87,-3.291849e+003
39,88,-3.291849e+003
39,89,-3.291849e+003
39,90,-3.291849e+003
39,91,-3.291849e+003
39,92,-3.291849e+003
39,93,-3.291849e+003
39,94,-3.291849e+003
39,95,-3.291849e+003
39,96,-3.291849e+003
39,97,-3.291849e+003
39,98,-3.291849e+003
39,99,-3.291849e+003
39,100,-3.291849e+003
39,101,-3.291849e+003
39,102,-3.291849e+003
39,103,-3.291849e+003
39,104,-3.291849e+003
39,105,-3.291849e+003
39,106,-3.291849e+003
39,107,-3.291849e+003
39,108,-3.291849e+003
39,109,-3.291849e+003
39,110,-3.291849e+003
39,111,-3.291849e+003
40,0,-3.272440e+003
40,1,-3.272440e+003
40,2,-3.272440e+003
40,3,-3.272440e+003
40,4,-3.272440e+003
40,5,-3.272440e+003
40,6,-3.272440e+003
40,7,-3.272440e+003
40,8,-3.272440e+003
40,9,-3.272440e+003
40,10,-3.272440e+003
40,11,-3.272440e+003
40,12,-3.272440e+003
40,13,-3.272440e+003
40,14,-3.272440e+003
40,15,-3.272440e+003
40,16,-3.272440e+003
40,17,-3.272440e+003
40,18,-3.272440e+003
40,19,-3.272440e+003
40,20,-3.272440e+003
40,21,-3.272440e+003
41,0,-3.248836e+003
41,1,-3.248836e+003
41,2,-3.248836e+003
41,3,-3.248836e+003
41,4,-3.248836e+003
41,5,-3.248836e+003
41,6,-3.248836e+003
41,7,-3.248836e+003
41,8,-3.248836e+003
41,9,-3.248836e+003
41,10,-3.248836e+003
41,11,-3.248836e+003
41,12,-3.248836e+003
41,13,-3.248836e+003
41,14,-3.248836e+003
41,15,-3.248836e+003
41,16,-3.248836e+003
41,17,-3.248836e+003
41,18,-3.248836e+003
41,19,-3.248836e+003
41,20,-3.248836e+003
41,21,-3.248836e+003
42,0,-3.224317e+003
42,1,-3.224317e+003
42,2,-3.224317e+003
42,3,-3.224317e+003
42,4,-3.224317e+003
42,5,-3.224317e+003
42,6,-3.224317e+003
42,7,-3.224317e+003
42,8,-3.224317e+003
42,9,-3.224317e+003
42,10,-3.224317e+003
42,11,-3.224317e+003
42,12,-3.224317e+003
42,13,-3.224317e+003
42,14,-3.224317e+003
42,15,-3.224317e+003
42,16,-3.224317e+003
42,17,-3.224317e+003
42,18,-3.224317e+003
42,19,-3.224317e+003
42,20,-3.224317e+003
42,21,-3.224317e+003
43,0,-3.198937e+003
43,1,-3.198937e+003
43,2,-3.198937e+003
43,3,-3.198937e+003
43,4,-3.198937e+003
43,5,-3.198937e+003
43,6,-3.198937e+003
43,7,-3.198937e+003
43,8,-3.198937e+003
43,9,-3.198937e+003
43,10,-3.198937e+003
43,11,-3.198937e+003
43,12,-3.198937e+003
43,13,-3.198937e+003
43,14,-3.198937e+003
43,15,-3.198937e+003
43,16,-3.198937e+003
43,17,-3.198937e+003
43,18,-3.198937e+003
43,19,-3.198937e+003
43,20,-3.198937e+003
43,21,-3.198937e+003
44,0,-3.175070e+003
44,1,-3.175070e+003
44,2,-3.175070e+003
44,3,-3.175070e+003
44,4,-3.175070e+003
44,5,-3.175070e+003
44,6,-3.175070e+003
44,7,-3.175070e+003
44,8,-3.175070e+003
44,9,-3.175070e+003
44,10,-3.175070e+003
44,11,-3.183868e+003
44,12,-3.189601e+003
44,13,-3.191957e+003
44,14,-3.198888e+003
44,15,-3.201763e+003
44,16,-3.202939e+003
44,17,-3.203726e+003
44,18,-3.204799e+003
44,19,-3.205207e+003
44,20,-3.205469e+003
44,21,-3.205746e+003
44,22,-3.205859e+003
44,23,-3.205920e+003
44,24,-3.205973e+003
44,25,-3.206007e+003
44,26,-3.206036e+003
44,27,-3.206071e+003
44,28,-3.206166e+003
44,29,-3.206176e+003
44,30,-3.206180e+003
44,31,-3.206256e+003
44,32,-3.206259e+003
44,33,-3.206260e+003
44,34,-3.206262e+003
44,35,-3.206262e+003
44,36,-3.206263e+003
44,37,-3.206264e+003
44,38,-3.206266e+003
44,39,-3.206267e+003
44,40,-3.206268e+003
44,41,-3.206269e+003
44,42,-3.206270e+003
44,43,-3.206272e+003
44,44,-3.206274e+003
44,45,-3.206347e+003
44,46,-3.206358e+003
44,47,-3.206359e+003
44,48,-3.206359e+003
44,49,-3.206360e+003
44,50,-3.206360e+003
44,51,-3.206361e+003
44,52,-3.206361e+003
44,53,-3.206362e+003
44,54,-3.206290e+003
44,55,-3.206218e+003
44,56,-3.206219e+003
44,57,-3.206219e+003
44,58,-3.206220e+003
44,59,-3.206220e+003
44,60,-3.206221e+003
44,61,-3.206221e+003
44,62,-3.206222e+003
44,63,-3.206223e+003
44,64,-3.206225e+003
44,65,-3.206227e+003
44,66,-3.206228e+003
44,67,-3.206229e+003
44,68,-3.206357e+003
44,69,-3.206485e+003
44,70,-3.206486e+003
44,71,-3.206487e+003
44,72,-3.206487e+003
44,73,-3.206488e+003
44,74,-3.206488e+003
44,75,-3.206488e+003
44,76,-3.206489e+003
44,77,-3.206489e+003
44,78,-3.206489e+003
44,79,-3.206489e+003
44,80,-3.206489e+003
44,81,-3.206489e+003
44,82,-3.206489e+003
44,83,-3.206490e+003
44,84,-3.206490e+003
44,85,-3.206490e+003
44,86,-3.206490e+003
44,87,-3.206490e+003
44,88,-3.206490e+003
44,89,-3.206490e+003
44,90,-3.206490e+003
44,91,-3.206490e+003
44,92,-3.206490e+003
44,93,-3.206490e+003
44,94,-3.206490e+003
44,95,-3.206490e+003
44,96,-3.206562e+003
44,97,-3.206562e+003
44,98,-3.206562e+003
44,99,-3.206562e+003
44,100,-3.206562e+003
44,101,-3.206562e+003
44,102,-3.206562e+003
44,103,-3.206562e+003
44,104,-3.206562e+003
44,105,-3.206562e+003
44,106,-3.206562e+003
45,0,-3.196332e+003
45,1,-3.196332e+003
45,2,-3.196332e+003
45,3,-3.196332e+003
45,4,-3.196435e+003
45,5,-3.196536e+003
45,6,-3.196594e+003
45,7,-3.196815e+003
45,8,-3.196818e+003
45,9,-3.196850e+003
45,10,-3.196867e+003
45,11,-3.196884e+003
45,12,-3.196891e+003
45,13,-3.196969e+003
45,14,-3.197046e+003
45,15,-3.197049e+003
45,16,-3.197051e+003
45,17,-3.197052e+003
45,18,-3.197053e+003
45,19,-3.197054e+003
45,20,-3.197055e+003
45,21,-3.197055e+003
45,22,-3.197128e+003
45,23,-3.197129e+003
45,24,-3.197129e+003
45,25,-3.197129e+003
45,26,-3.197129e+003
45,27,-3.197130e+003
45,28,-3.197131e+003
45,29,-3.197131e+003
45,30,-3.197133e+003
45,31,-3.197134e+003
45,32,-3.197136e+003
45,33,-3.197138e+003
45,34,-3.197141e+003
45,35,-3.197143e+003
45,36,-3.197144e+003
45,37,-3.197146e+003
45,38,-3.197148e+003
45,39,-3.197149e+003
45,40,-3.197150e+003
45,41,-3.197151e+003
45,42,-3.197152e+003
45,43,-3.197153e+003
45,44,-3.197153e+003
45,45,-3.197154e+003
45,46,-3.197154e+003
45,47,-3.197155e+003
45,48,-3.197155e+003
45,49,-3.197155e+003
45,50,-3.197155e+003
45,51,-3.197155e+003
45,52,-3.197155e+003
45,53,-3.197155e+003
45,54,-3.197155e+003
45,55,-3.197155e+003
45,56,-3.197155e+003
45,57,-3.197155e+003
45,58,-3.197155e+003
45,59,-3.197156e+003
45,60,-3.197156e+003
45,61,-3.197156e+003
45,62,-3.197156e+003
45,63,-3.197156e+003
45,64,-3.197156e+003
45,65,-3.197156e+003
45,66,-3.197156e+003
45,67,-3.197156e+003
45,68,-3.197156e+003
45,69,-3.197156e+003
45,70,-3.197156e+003
45,71,-3.197156e+003
45,72,-3.197083e+003
45,73,-3.197083e+003
45,74,-3.197083e+003
45,75,-3.197083e+003
45,76,-3.197083e+003
45,77,-3.197083e+003
45,78,-3.197083e+003
45,79,-3.197083e+003
46,0,-3.190413e+003
46,1,-3.190413e+003
46,2,-3.190413e+003
46,3,-3.190413e+003
46,4,-3.190413e+003
46,5,-3.190413e+003
46,6,-3.190413e+003
46,7,-3.190413e+003
46,8,-3.190413e+003
46,9,-3.190413e+003
46,10,-3.190413e+003
46,11,-3.190413e+003
46,12,-3.190413e+003
46,13,-3.190413e+003
46,14,-3.190413e+003
46,15,-3.190413e+003
46,16,-3.190413e+003
46,17,-3.190413e+003
46,18,-3.190413e+003
46,19,-3.190413e+003
46,20,-3.190413e+003
46,21,-3.190413e+003
47,0,-3.187586e+003
47,1,-3.187586e+003
47,2,-3.187746e+003
47,3,-3.187998e+003
47,4,-3.188122e+003
47,5,-3.188387e+003
47,6,-3.188502e+003
47,7,-3.188660e+003
47,8,-3.188700e+003
47,9,-3.188737e+003
47,10,-3.188746e+003
47,11,-3.188900e+003
47,12,-3.188982e+003
47,13,-3.188987e+003
47,14,-3.188991e+003
47,15,-3.188994e+003
47,16,-3.188995e+003
47,17,-3.188996e+003
47,18,-3.188997e+003
47,19,-3.188997e+003
47,20,-3.188998e+003
47,21,-3.188998e+003
47,22,-3.188999e+003
47,23,-3.188999e+003
47,24,-3.188999e+003
47,25,-3.189000e+003
47,26,-3.189001e+003
47,27,-3.189002e+003
47,28,-3.189003e+003
47,29,-3.189005e+003
47,30,-3.189007e+003
47,31,-3.189082e+003
47,32,-3.189084e+003
47,33,-3.189086e+003
47,34,-3.189088e+003
47,35,-3.189090e+003
47,36,-3.189091e+003
47,37,-3.189093e+003
47,38,-3.189095e+003
47,39,-3.189096e+003
47,40,-3.189243e+003
47,41,-3.189245e+003
47,42,-3.189246e+003
47,43,-3.189246e+003
47,44,-3.189247e+003
47,45,-3.189247e+003
47,46,-3.189248e+003
47,47,-3.189248e+003
47,48,-3.189248e+003
47,49,-3.189248e+003
47,50,-3.189249e+003
47,51,-3.189249e+003
47,52,-3.189249e+003
47,53,-3.189249e+003
47,54,-3.189249e+003
47,55,-3.189250e+003
47,56,-3.189250e+003
47,57,-3.189250e+003
47,58,-3.189250e+003
47,59,-3.189250e+003
47,60,-3.189250e+003
47,61,-3.189250e+003
47,62,-3.189250e+003
47,63,-3.189250e+003
47,64,-3.189250e+003
47,65,-3.189250e+003
47,66,-3.189250e+003
47,67,-3.189250e+003
47,68,-3.189250e+003
47,69,-3.189250e+003
47,70,-3.189250e+003
47,71,-3.189250e+003
47,72,-3.189251e+003
47,73,-3.189251e+003
47,74,-3.189251e+003
48,0,-3.191000e+003
48,1,-3.191000e+003
48,2,-3.191000e+003
48,3,-3.191000e+003
48,4,-3.191000e+003
48,5,-3.191000e+003
48,6,-3.191000e+003
48,7,-3.191000e+003
48,8,-3.191000e+003
48,9,-3.191000e+003
48,10,-3.191000e+003
48,11,-3.191000e+003
48,12,-3.191000e+003
48,13,-3.191000e+003
48,14,-3.191000e+003
48,15,-3.191000e+003
48,16,-3.191000e+003
48,17,-3.191000e+003
48,18,-3.191000e+003
48,19,-3.191000e+003
48,20,-3.191000e+003
48,21,-3.191000e+003
49,0,-3.196434e+003
49,1,-3.196434e+003
49,2,-3.196434e+003
49,3,-3.196434e+003
49,4,-3.196434e+003
49,5,-3.196699e+003
49,6,-3.196735e+003
49,7,-3.196840e+003
49,8,-3.196908e+003
49,9,-3.196951e+003
49,10,-3.196986e+003
49,11,-3.197014e+003
49,12,-3.197028e+003
49,13,-3.197037e+003
49,14,-3.197046e+003
49,15,-3.197052e+003
49,16,-3.197055e+003
49,17,-3.197057e+003
49,18,-3.197058e+003
49,19,-3.197059e+003
49,20,-3.197060e+003
49,21,-3.197060e+003
49,22,-3.197061e+003
49,23,-3.197061e+003
49,24,-3.197062e+003
49,25,-3.197062e+003
49,26,-3.197063e+003
49,27,-3.197063e+003
49,28,-3.197064e+003
49,29,-3.197064e+003
49,30,-3.197065e+003
49,31,-3.197067e+003
49,32,-3.197068e+003
49,33,-3.197069e+003
49,34,-3.197070e+003
49,35,-3.197071e+003
49,36,-3.197072e+003
49,37,-3.197074e+003
49,38,-3.197075e+003
49,39,-3.197076e+003
49,40,-3.197077e+003
49,41,-3.197078e+003
49,42,-3.197151e+003
49,43,-3.197152e+003
49,44,-3.197153e+003
49,45,-3.197154e+003
49,46,-3.197155e+003
49,47,-3.197156e+003
49,48,-3.197156e+003
49,49,-3.197157e+003
49,50,-3.197158e+003
49,51,-3.197158e+003
49,52,-3.197159e+003
49,53,-3.197160e+003
49,54,-3.197161e+003
49,55,-3.197162e+003
49,56,-3.197162e+003
49,57,-3.197163e+003
49,58,-3.197163e+003
49,59,-3.197164e+003
49,60,-3.197164e+003
49,61,-3.197164e+003
49,62,-3.197165e+003
49,63,-3.197165e+003
49,64,-3.197165e+003
49,65,-3.197165e+003
49,66,-3.197165e+003
49,67,-3.197165e+003
49,68,-3.197165e+003
49,69,-3.197165e+003
49,70,-3.197165e+003
49,71,-3.197165e+003
49,72,-3.197165e+003
49,73,-3.197165e+003
49,74,-3.197165e+003
49,75,-3.197165e+003
49,76,-3.197165e+003
50,0,-3.207565e+003
50,1,-3.207565e+003
50,2,-3.207565e+003
50,3,-3.207565e+003
50,4,-3.207565e+003
50,5,-3.207565e+003
50,6,-3.207565e+003
50,7,-3.207565e+003
50,8,-3.207565e+003
50,9,-3.207565e+003
50,10,-3.207565e+003
50,11,-3.207565e+003
50,12,-3.207565e+003
50,13,-3.207565e+003
50,14,-3.207565e+003
50,15,-3.207565e+003
50,16,-3.207565e+003
50,17,-3.207565e+003
50,18,-3.207565e+003
50,19,-3.207565e+003
50,20,-3.207565e+003
50,21,-3.207565e+003
51,0,-3.217808e+003
51,1,-3.217808e+003
51,2,-3.217808e+003
51,3,-3.217808e+003
51,4,-3.217808e+003
51,5,-3.217808e+003
51,6,-3.218237e+003
51,7,-3.218512e+003
51,8,-3.218827e+003
51,9,-3.219078e+003
51,10,-3.219096e+003
51,11,-3.219163e+003
51,12,-3.219160e+003
51,13,-3.219184e+003
51,14,-3.219195e+003
51,15,-3.219205e+003
51,16,-3.219283e+003
51,17,-3.219286e+003
51,18,-3.219288e+003
51,19,-3.219289e+003
51,20,-3.219289e+003
51,21,-3.219290e+003
51,22,-3.219290e+003
51,23,-3.219291e+003
51,24,-3.219292e+003
51,25,-3.219292e+003
51,26,-3.219293e+003
51,27,-3.219365e+003
51,28,-3.219366e+003
51,29,-3.219366e+003
51,30,-3.219366e+003
51,31,-3.219367e+003
51,32,-3.219367e+003
51,33,-3.219368e+003
51,34,-3.219315e+003
51,35,-3.219316e+003
51,36,-3.219316e+003
51,37,-3.219317e+003
51,38,-3.219318e+003
51,39,-3.219318e+003
51,40,-3.219319e+003
51,41,-3.219319e+003
51,42,-3.219320e+003
51,43,-3.219320e+003
51,44,-3.219320e+003
51,45,-3.219321e+003
51,46,-3.219321e+003
51,47,-3.219322e+003
51,48,-3.219323e+003
51,49,-3.219323e+003
51,50,-3.219324e+003
51,51,-3.219325e+003
51,52,-3.219325e+003
51,53,-3.219326e+003
51,54,-3.219327e+003
51,55,-3.219328e+003
51,56,-3.219328e+003
51,57,-3.219329e+003
51,58,-3.219331e+003
51,59,-3.219331e+003
51,60,-3.219332e+003
51,61,-3.219332e+003
51,62,-3.219332e+003
51,63,-3.219333e+003
51,64,-3.219333e+003
51,65,-3.219333e+003
51,66,-3.219333e+003
51,67,-3.219333e+003
51,68,-3.219333e+003
51,69,-3.219333e+003
51,70,-3.219333e+003
51,71,-3.219333e+003
51,72,-3.219333e+003
51,73,-3.219333e+003
51,74,-3.219333e+003
51,75,-3.219333e+003
51,76,-3.219333e+003
51,77,-3.219333e+003
51,78,-3.219333e+003
51,79,-3.219333e+003
52,0,-3.233617e+003
52,1,-3.233617e+003
52,2,-3.233617e+003
52,3,-3.233617e+003
52,4,-3.233617e+003
52,5,-3.233617e+003
52,6,-3.233617e+003
52,7,-3.233617e+003
52,8,-3.233617e+003
52,9,-3.233617e+003
52,10,-3.233617e+003
52,11,-3.233617e+003
52,12,-3.233617e+003
52,13,-3.233617e+003
52,14,-3.233617e+003
52,15,-3.233617e+003
52,16,-3.233617e+003
52,17,-3.233617e+003
52,18,-3.233617e+003
52,19,-3.233617e+003
52,20,-3.233617e+003
52,21,-3.233617e+003
53,0,-3.247939e+003
53,1,-3.247939e+003
53,2,-3.247939e+003
53,3,-3.247939e+003
53,4,-3.248540e+003
53,5,-3.249161e+003
53,6,-3.249631e+003
53,7,-3.250214e+003
53,8,-3.250517e+003
53,9,-3.250654e+003
53,10,-3.250740e+003
53,11,-3.250796e+003
53,12,-3.250814e+003
53,13,-3.250828e+003
53,14,-3.250910e+003
53,15,-3.250914e+003
53,16,-3.250916e+003
53,17,-3.250918e+003
53,18,-3.250918e+003
53,19,-3.250919e+003
53,20,-3.250920e+003
53,21,-3.250920e+003
53,22,-3.250920e+003
53,23,-3.250921e+003
53,24,-3.250921e+003
53,25,-3.250922e+003
53,26,-3.250922e+003
53,27,-3.250922e+003
53,28,-3.250922e+003
53,29,-3.250923e+003
53,30,-3.250923e+003
53,31,-3.250924e+003
53,32,-3.250924e+003
53,33,-3.250924e+003
53,34,-3.250925e+003
53,35,-3.250925e+003
53,36,-3.250925e+003
53,37,-3.250926e+003
53,38,-3.250926e+003
53,39,-3.250926e+003
53,40,-3.250926e+003
53,41,-3.250927e+003
53,42,-3.250927e+003
53,43,-3.250927e+003
53,44,-3.250927e+003
53,45,-3.250928e+003
53,46,-3.250928e+003
53,47,-3.250928e+003
53,48,-3.250929e+003
53,49,-3.250929e+003
53,50,-3.250929e+003
53,51,-3.250930e+003
53,52,-3.250931e+003
53,53,-3.250932e+003
53,54,-3.250932e+003
53,55,-3.250933e+003
53,56,-3.250934e+003
53,57,-3.250934e+003
53,58,-3.250935e+003
53,59,-3.250935e+003
53,60,-3.250935e+003
53,61,-3.250936e+003
53,62,-3.250936e+003
53,63,-3.250936e+003
53,64,-3.250936e+003
53,65,-3.250936e+003
53,66,-3.250936e+003
53,67,-3.250936e+003
53,68,-3.250936e+003
53,69,-3.250936e+003
53,70,-3.250936e+003
53,71,-3.250936e+003
53,72,-3.250936e+003
53,73,-3.250937e+003
53,74,-3.250937e+003
53,75,-3.250937e+003
53,76,-3.250937e+003
54,0,-3.267355e+003
54,1,-3.267355e+003
54,2,-3.267355e+003
54,3,-3.267355e+003
54,4,-3.267355e+003
54,5,-3.267355e+003
54,6,-3.267355e+003
54,7,-3.267355e+003
54,8,-3.267355e+003
54,9,-3.267355e+003
54,10,-3.267355e+003
54,11,-3.267355e+003
54,12,-3.267355e+003
54,13,-3.267355e+003
54,14,-3.267355e+003
54,15,-3.267355e+003
54,16,-3.267355e+003
54,17,-3.267355e+003
54,18,-3.267355e+003
54,19,-3.267355e+003
54,20,-3.267355e+003
54,21,-3.267355e+003
55,0,-3.281917e+003
55,1,-3.281917e+003
55,2,-3.281917e+003
55,3,-3.281917e+003
55,4,-3.281917e+003
55,5,-3.282503e+003
55,6,-3.283246e+003
55,7,-3.283867e+003
55,8,-3.284826e+003
55,9,-3.285373e+003
55,10,-3.285587e+003
55,11,-3.285662e+003
55,12,-3.285729e+003
55,13,-3.285753e+003
55,14,-3.285769e+003
55,15,-3.285780e+003
55,16,-3.285787e+003
55,17,-3.285790e+003
55,18,-3.285792e+003
55,19,-3.285865e+003
55,20,-3.285865e+003
55,21,-3.285866e+003
55,22,-3.285866e+003
55,23,-3.285867e+003
55,24,-3.285867e+003
55,25,-3.285868e+003
55,26,-3.285868e+003
55,27,-3.285868e+003
55,28,-3.285869e+003
55,29,-3.285869e+003
55,30,-3.285869e+003
55,31,-3.285869e+003
55,32,-3.285869e+003
55,33,-3.285870e+003
55,34,-3.285870e+003
55,35,-3.285870e+003
55,36,-3.285870e+003
55,37,-3.285871e+003
55,38,-3.285871e+003
55,39,-3.285871e+003
55,40,-3.285871e+003
55,41,-3.285871e+003
55,42,-3.285871e+003
55,43,-3.285872e+003
55,44,-3.285872e+003
55,45,-3.285872e+003
55,46,-3.285872e+003
55,47,-3.285872e+003
55,48,-3.285872e+003
55,49,-3.285872e+003
55,50,-3.285873e+003
55,51,-3.285873e+003
55,52,-3.285873e+003
55,53,-3.285874e+003
55,54,-3.285874e+003
55,55,-3.285875e+003
55,56,-3.285875e+003
55,57,-3.285876e+003
55,58,-3.285876e+003
55,59,-3.285877e+003
55,60,-3.285877e+003
55,61,-3.285878e+003
55,62,-3.285878e+003
55,63,-3.285878e+003
55,64,-3.285879e+003
55,65,-3.285879e+003
55,66,-3.285879e+003
55,67,-3.285879e+003
55,68,-3.285879e+003
55,69,-3.285879e+003
55,70,-3.285879e+003
55,71,-3.285879e+003
55,72,-3.285879e+003
55,73,-3.285879e+003
55,74,-3.285879e+003
55,75,-3.285879e+003
55,76,-3.285879e+003
55,77,-3.285879e+003
55,78,-3.285879e+003
55,79,-3.285879e+003
55,80,-3.285879e+003
55,81,-3.285879e+003
56,0,-3.300361e+003
56,1,-3.300361e+003
56,2,-3.300361e+003
56,3,-3.300361e+003
56,4,-3.300361e+003
56,5,-3.300361e+003
56,6,-3.300361e+003
56,7,-3.300361e+003
56,8,-3.300361e+003
56,9,-3.300361e+003
56,10,-3.300361e+003
56,11,-3.300361e+003
56,12,-3.300361e+003
56,13,-3.300361e+003
56,14,-3.300361e+003
56,15,-3.300361e+003
56,16,-3.300361e+003
56,17,-3.300361e+003
56,18,-3.300361e+003
56,19,-3.300361e+003
56,20,-3.300361e+003
56,21,-3.300361e+003
57,0,-3.313191e+003
57,1,-3.313702e+003
57,2,-3.314343e+003
57,3,-3.315118e+003
57,4,-3.316272e+003
57,5,-3.316963e+003
57,6,-3.317201e+003
57,7,-3.317280e+003
57,8,-3.317357e+003
57,9,-3.317383e+003
57,10,-3.317399e+003
57,11,-3.317413e+003
57,12,-3.317421e+003
57,13,-3.317426e+003
57,14,-3.317428e+003
57,15,-3.317430e+003
57,16,-3.317430e+003
57,17,-3.317431e+003
57,18,-3.317432e+003
57,19,-3.317433e+003
57,20,-3.317433e+003
57,21,-3.317434e+003
57,22,-3.317435e+003
57,23,-3.317435e+003
57,24,-3.317435e+003
57,25,-3.317435e+003
57,26,-3.317436e+003
57,27,-3.317436e+003
57,28,-3.317436e+003
57,29,-3.317436e+003
57,30,-3.317436e+003
57,31,-3.317437e+003
57,32,-3.317437e+003
57,33,-3.317437e+003
57,34,-3.317437e+003
57,35,-3.317437e+003
57,36,-3.317437e+003
57,37,-3.317437e+003
57,38,-3.317437e+003
57,39,-3.317437e+003
57,40,-3.317437e+003
57,41,-3.317437e+003
57,42,-3.317438e+003
57,43,-3.317438e+003
57,44,-3.317438e+003
57,45,-3.317438e+003
57,46,-3.317438e+003
57,47,-3.317438e+003
57,48,-3.317438e+003
57,49,-3.317438e+003
57,50,-3.317438e+003
57,51,-3.317438e+003
57,52,-3.317438e+003
57,53,-3.317438e+003
57,54,-3.317438e+003
57,55,-3.317438e+003
57,56,-3.317438e+003
57,57,-3.317439e+003
57,58,-3.317439e+003
57,59,-3.317439e+003
57,60,-3.317439e+003
57,61,-3.317440e+003
57,62,-3.317440e+003
57,63,-3.317440e+003
57,64,-3.317440e+003
57,65,-3.317440e+003
57,66,-3.317440e+003
57,67,-3.317440e+003
57,68,-3.317440e+003
57,69,-3.317440e+003
57,70,-3.317440e+003
57,71,-3.317440e+003
57,72,-3.317440e+003
57,73,-3.317440e+003
57,74,-3.317440e+003
57,75,-3.317440e+003
57,76,-3.317440e+003
57,77,-3.317440e+003
57,78,-3.317440e+003
57,79,-3.317440e+003
57,80,-3.317440e+003
57,81,-3.317440e+003
57,82,-3.317440e+003
57,83,-3.317440e+003
57,84,-3.317440e+003
57,85,-3.317440e+003
57,86,-3.317440e+003
57,87,-3.317440e+003
57,88,-3.317440e+003
57,89,-3.317440e+003
57,90,-3.317440e+003
57,91,-3.317440e+003
57,92,-3.317440e+003
57,93,-3.317440e+003
57,94,-3.317440e+003
57,95,-3.317440e+003
57,96,-3.317440e+003
57,97,-3.317440e+003
57,98,-3.317440e+003
57,99,-3.317440e+003
57,100,-3.317440e+003
57,101,-3.317440e+003
57,102,-3.317440e+003
57,103,-3.317440e+003
57,104,-3.317440e+003
57,105,-3.317440e+003
57,106,-3.317440e+003
57,107,-3.317440e+003
57,108,-3.317440e+003
57,109,-3.317440e+003
57,110,-3.317440e+003
57,111,-3.317440e+003
57,112,-3.317440e+003
57,113,-3.317440e+003
57,114,-3.317440e+003
57,115,-3.317440e+003
57,116,-3.317440e+003
57,117,-3.317440e+003
57,118,-3.317440e+003
57,119,-3.317440e+003
57,120,-3.317440e+003
57,121,-3.317440e+003
57,122,-3.317440e+003
57,123,-3.317440e+003
58,0,-3.330224e+003
58,1,-3.330224e+003
58,2,-3.330224e+003
58,3,-3.330224e+003
58,4,-3.330224e+003
58,5,-3.330224e+003
58,6,-3.330224e+003
58,7,-3.330224e+003
58,8,-3.330224e+003
58,9,-3.330224e+003
58,10,-3.330224e+003
58,11,-3.330224e+003
58,12,-3.330224e+003
58,13,-3.330224e+003
58,14,-3.330224e+003
58,15,-3.330224e+003
58,16,-3.330224e+003
58,17,-3.330224e+003
58,18,-3.330224e+003
58,19,-3.330224e+003
58,20,-3.330224e+003
58,21,-3.330224e+003
59,0,-3.339844e+003
59,1,-3.339844e+003
59,2,-3.339844e+003
59,3,-3.339844e+003
59,4,-3.339844e+003
59,5,-3.339844e+003
59,6,-3.339844e+003
59,7,-3.339844e+003
59,8,-3.339844e+003
59,9,-3.339844e+003
59,10,-3.339844e+003
59,11,-3.339844e+003
59,12,-3.339844e+003
59,13,-3.339844e+003
59,14,-3.339844e+003
59,15,-3.339844e+003
59,16,-3.339844e+003
59,17,-3.339844e+003
59,18,-3.339844e+003
59,19,-3.339844e+003
59,20,-3.339844e+003
59,21,-3.339844e+003
60,0,-3.346854e+003
60,1,-3.346854e+003
60,2,-3.346854e+003
60,3,-3.346854e+003
60,4,-3.346854e+003
60,5,-3.346854e+003
60,6,-3.346854e+003
60,7,-3.346854e+003
60,8,-3.346854e+003
60,9,-3.346854e+003
60,10,-3.346854e+003
60,11,-3.346854e+003
60,12,-3.346854e+003
60,13,-3.346854e+003
60,14,-3.346854e+003
60,15,-3.346854e+003
60,16,-3.346854e+003
60,17,-3.346854e+003
60,18,-3.346854e+003
60,19,-3.346854e+003
60,20,-3.346854e+003
60,21,-3.346854e+003
61,0,-3.353165e+003
61,1,-3.353165e+003
61,2,-3.353165e+003
61,3,-3.353165e+003
61,4,-3.353165e+003
61,5,-3.353165e+003
61,6,-3.353165e+003
61,7,-3.353165e+003
61,8,-3.353165e+003
61,9,-3.353165e+003
61,10,-3.353165e+003
61,11,-3.353901e+003
61,12,-3.354881e+003
61,13,-3.355449e+003
61,14,-3.356882e+003
61,15,-3.358053e+003
61,16,-3.358593e+003
61,17,-3.358792e+003
61,18,-3.359028e+003
61,19,-3.359123e+003
61,20,-3.359168e+003
61,21,-3.359210e+003
61,22,-3.359237e+003
61,23,-3.359253e+003
61,24,-3.359262e+003
61,25,-3.359266e+003
61,26,-3.359268e+003
61,27,-3.359270e+003
61,28,-3.359270e+003
61,29,-3.359271e+003
61,30,-3.359272e+003
61,31,-3.359273e+003
61,32,-3.359274e+003
61,33,-3.359274e+003
61,34,-3.359274e+003
61,35,-3.359274e+003
61,36,-3.359275e+003
61,37,-3.359275e+003
61,38,-3.359275e+003
61,39,-3.359275e+003
61,40,-3.359276e+003
61,41,-3.359276e+003
61,42,-3.359276e+003
61,43,-3.359276e+003
61,44,-3.359276e+003
61,45,-3.359277e+003
61,46,-3.359277e+003
61,47,-3.359277e+003
61,48,-3.359277e+003
61,49,-3.359277e+003
61,50,-3.359277e+003
61,51,-3.359277e+003
61,52,-3.359277e+003
61,53,-3.359277e+003
61,54,-3.359277e+003
61,55,-3.359277e+003
61,56,-3.359277e+003
61,57,-3.359277e+003
61,58,-3.359277e+003
61,59,-3.359277e+003
61,60,-3.359278e+003
61,61,-3.359278e+003
61,62,-3.359278e+003
61,63,-3.359278e+003
61,64,-3.359278e+003
61,65,-3.359278e+003
61,66,-3.359278e+003
61,67,-3.359278e+003
61,68,-3.359278e+003
61,69,-3.359278e+003
61,70,-3.359278e+003
61,71,-3.359278e+003
61,72,-3.359278e+003
61,73,-3.359278e+003
61,74,-3.359279e+003
61,75,-3.359279e+003
61,76,-3.359206e+003
61,77,-3.359206e+003
61,78,-3.359206e+003
61,79,-3.359206e+003
61,80,-3.359207e+003
61,81,-3.359207e+003
61,82,-3.359207e+003
61,83,-3.359207e+003
61,84,-3.359207e+003
61,85,-3.359207e+003
61,86,-3.359207e+003
61,87,-3.359207e+003
61,88,-3.359207e+003
61,89,-3.359207e+003
61,90,-3.359207e+003
61,91,-3.359207e+003
61,92,-3.359207e+003
61,93,-3.359207e+003
61,94,-3.359207e+003
61,95,-3.359207e+003
61,96,-3.359207e+003
61,97,-3.359207e+003
61,98,-3.359207e+003
61,99,-3.359207e+003
61,100,-3.359207e+003
61,101,-3.359207e+003
61,102,-3.359207e+003
61,103,-3.359207e+003
61,104,-3.359207e+003
61,105,-3.359207e+003
61,106,-3.359207e+003
61,107,-3.359207e+003
61,108,-3.359207e+003
61,109,-3.359207e+003
61,110,-3.359207e+003
61,111,-3.359207e+003
61,112,-3.359207e+003
62,0,-3.364170e+003
62,1,-3.364170e+003
62,2,-3.364170e+003
62,3,-3.364170e+003
62,4,-3.364170e+003
62,5,-3.364170e+003
62,6,-3.364170e+003
62,7,-3.364170e+003
62,8,-3.364170e+003
62,9,-3.364170e+003
62,10,-3.364170e+003
62,11,-3.364170e+003
62,12,-3.364170e+003
62,13,-3.364170e+003
62,14,-3.364170e+003
62,15,-3.364170e+003
62,16,-3.364170e+003
62,17,-3.364170e+003
62,18,-3.364170e+003
62,19,-3.364170e+003
62,20,-3.364170e+003
62,21,-3.364170e+003
63,0,-3.367488e+003
63,1,-3.367488e+003
63,2,-3.367488e+003
63,3,-3.367488e+003
63,4,-3.367488e+003
63,5,-3.367488e+003
63,6,-3.367488e+003
63,7,-3.367488e+003
63,8,-3.367488e+003
63,9,-3.367488e+003
63,10,-3.367488e+003
63,11,-3.367488e+003
63,12,-3.367488e+003
63,13,-3.367488e+003
63,14,-3.367488e+003
63,15,-3.367488e+003
63,16,-3.367488e+003
63,17,-3.367488e+003
63,18,-3.367488e+003
63,19,-3.367488e+003
63,20,-3.367488e+003
63,21,-3.367489e+003
64,0,-3.369620e+003
64,1,-3.369620e+003
64,2,-3.369620e+003
64,3,-3.369620e+003
64,4,-3.369620e+003
64,5,-3.369620e+003
64,6,-3.369620e+003
64,7,-3.369620e+003
64,8,-3.369620e+003
64,9,-3.369620e+003
64,10,-3.369620e+003
64,11,-3.369620e+003
64,12,-3.369620e+003
64,13,-3.369620e+003
64,14,-3.369620e+003
64,15,-3.369620e+003
64,16,-3.369620e+003
64,17,-3.369620e+003
64,18,-3.369620e+003
64,19,-3.369620e+003
64,20,-3.369620e+003
64,21,-3.369620e+003
65,0,-3.370910e+003
65,1,-3.370910e+003
65,2,-3.370910e+003
65,3,-3.370910e+003
65,4,-3.370910e+003
65,5,-3.370910e+003
65,6,-3.370910e+003
65,7,-3.370910e+003
65,8,-3.370910e+003
65,9,-3.370910e+003
65,10,-3.370910e+003
65,11,-3.370910e+003
65,12,-3.370910e+003
65,13,-3.370910e+003
65,14,-3.370910e+003
65,15,-3.370910e+003
65,16,-3.370910e+003
65,17,-3.370910e+003
65,18,-3.370910e+003
65,19,-3.370910e+003
65,20,-3.370910e+003
65,21,-3.370910e+003
66,0,-3.372913e+003
66,1,-3.372913e+003
66,2,-3.372913e+003
66,3,-3.372913e+003
66,4,-3.372913e+003
66,5,-3.372913e+003
66,6,-3.372913e+003
66,7,-3.372913e+003
66,8,-3.372913e+003
66,9,-3.372913e+003
66,10,-3.373014e+003
66,11,-3.373099e+003
66,12,-3.373199e+003
66,13,-3.373358e+003
66,14,-3.373496e+003
66,15,-3.373584e+003
66,16,-3.373634e+003
66,17,-3.373692e+003
66,18,-3.373723e+003
66,19,-3.373686e+003
66,20,-3.373695e+003
66,21,-3.373703e+003
66,22,-3.373708e+003
66,23,-3.373710e+003
66,24,-3.373711e+003
66,25,-3.373712e+003
66,26,-3.373713e+003
66,27,-3.373713e+003
66,28,-3.373713e+003
66,29,-3.373713e+003
66,30,-3.373713e+003
66,31,-3.373713e+003
66,32,-3.373714e+003
66,33,-3.373714e+003
66,34,-3.373714e+003
66,35,-3.373714e+003
66,36,-3.373714e+003
66,37,-3.373714e+003
66,38,-3.373714e+003
66,39,-3.373714e+003
66,40,-3.373714e+003
66,41,-3.373714e+003
66,42,-3.373714e+003
66,43,-3.373714e+003
66,44,-3.373714e+003
66,45,-3.373714e+003
66,46,-3.373714e+003
66,47,-3.373714e+003
66,48,-3.373714e+003
66,49,-3.373714e+003
66,50,-3.373714e+003
66,51,-3.373714e+003
66,52,-3.373714e+003
66,53,-3.373714e+003
66,54,-3.373714e+003
66,55,-3.373714e+003
66,56,-3.373714e+003
66,57,-3.373714e+003
66,58,-3.373714e+003
66,59,-3.373714e+003
66,60,-3.373714e+003
66,61,-3.373714e+003
66,62,-3.373714e+003
66,63,-3.373714e+003
66,64,-3.373714e+003
66,65,-3.373714e+003
66,66,-3.373714e+003
66,67,-3.373714e+003
66,68,-3.373714e+003
66,69,-3.373714e+003
66,70,-3.373714e+003
66,71,-3.373714e+003
66,72,-3.373714e+003
66,73,-3.373714e+003
66,74,-3.373714e+003
66,75,-3.373714e+003
66,76,-3.373714e+003
66,77,-3.373714e+003
66,78,-3.373714e+003
66,79,-3.373714e+003
66,80,-3.373714e+003
66,81,-3.373714e+003
66,82,-3.373714e+003
66,83,-3.373714e+003
66,84,-3.373714e+003
66,85,-3.373714e+003
66,86,-3.373714e+003
66,87,-3.373714e+003
66,88,-3.373714e+003
67,0,-3.374228e+003
67,1,-3.374228e+003
67,2,-3.374228e+003
67,3,-3.374228e+003
67,4,-3.374228e+003
67,5,-3.374228e+003
67,6,-3.374228e+003
67,7,-3.374228e+003
67,8,-3.374228e+003
67,9,-3.374228e+003
67,10,-3.374228e+003
67,11,-3.374228e+003
67,12,-3.374228e+003
67,13,-3.374228e+003
67,14,-3.374228e+003
67,15,-3.374228e+003
67,16,-3.374228e+003
67,17,-3.374228e+003
67,18,-3.374228e+003
67,19,-3.374228e+003
67,20,-3.374228e+003
67,21,-3.374228e+003
67,22,-3.374229e+003
67,23,-3.374229e+003
67,24,-3.374229e+003
67,25,-3.374229e+003
67,26,-3.374230e+003
67,27,-3.374230e+003
67,28,-3.374230e+003
67,29,-3.374230e+003
67,30,-3.374230e+003
67,31,-3.374230e+003
67,32,-3.374230e+003
67,33,-3.374230e+003
67,34,-3.374230e+003
67,35,-3.374230e+003
67,36,-3.374230e+003
67,37,-3.374230e+003
67,38,-3.374230e+003
67,39,-3.374230e+003
67,40,-3.374230e+003
68,0,-3.373273e+003
68,1,-3.373273e+003
68,2,-3.373273e+003
68,3,-3.373273e+003
68,4,-3.373273e+003
68,5,-3.373273e+003
68,6,-3.373273e+003
68,7,-3.373273e+003
68,8,-3.373273e+003
68,9,-3.373273e+003
68,10,-3.373273e+003
68,11,-3.373273e+003
68,12,-3.373273e+003
68,13,-3.373273e+003
68,14,-3.373273e+003
68,15,-3.373273e+003
68,16,-3.373273e+003
68,17,-3.373273e+003
68,18,-3.373273e+003
68,19,-3.373273e+003
68,20,-3.373273e+003
68,21,-3.373273e+003
68,22,-3.373273e+003
68,23,-3.373273e+003
68,24,-3.373273e+003
68,25,-3.373273e+003
68,26,-3.373273e+003
68,27,-3.373273e+003
68,28,-3.373273e+003
68,29,-3.373273e+003
68,30,-3.373273e+003
68,31,-3.373273e+003
68,32,-3.373273e+003
68,33,-3.373273e+003
68,34,-3.373273e+003
68,35,-3.373273e+003
68,36,-3.373273e+003
69,0,-3.373401e+003
69,1,-3.373401e+003
69,2,-3.373401e+003
69,3,-3.373401e+003
69,4,-3.373401e+003
69,5,-3.373401e+003
69,6,-3.373401e+003
69,7,-3.373401e+003
69,8,-3.373401e+003
69,9,-3.373401e+003
69,10,-3.373401e+003
69,11,-3.373401e+003
69,12,-3.373401e+003
69,13,-3.373401e+003
69,14,-3.373401e+003
69,15,-3.373401e+003
69,16,-3.373401e+003
69,17,-3.373401e+003
69,18,-3.373401e+003
69,19,-3.373401e+003
69,20,-3.373401e+003
69,21,-3.373401e+003
69,22,-3.373401e+003
69,23,-3.373401e+003
69,24,-3.373401e+003
69,25,-3.373401e+003
69,26,-3.373401e+003
69,27,-3.373401e+003
69,28,-3.373401e+003
69,29,-3.373401e+003
69,30,-3.373401e+003
69,31,-3.373401e+003
69,32,-3.373401e+003
69,33,-3.373401e+003
69,34,-3.373401e+003
69,35,-3.373401e+003
69,36,-3.373401e+003
69,37,-3.373401e+003
69,38,-3.373401e+003
69,39,-3.373401e+003
69,40,-3.373401e+003
69,41,-3.373401e+003
69,42,-3.373401e+003
69,43,-3.373401e+003
69,44,-3.373401e+003
69,45,-3.373402e+003
69,46,-3.373402e+003
69,47,-3.373402e+003
69,48,-3.373402e+003
69,49,-3.373402e+003
69,50,-3.373402e+003
69,51,-3.373402e+003
69,52,-3.373402e+003
69,53,-3.373402e+003
69,54,-3.373402e+003
69,55,-3.373402e+003
69,56,-3.373402e+003
69,57,-3.373402e+003
69,58,-3.373402e+003
69,59,-3.373402e+003
70,0,-3.373391e+003
70,1,-3.373391e+003
70,2,-3.373391e+003
70,3,-3.373391e+003
70,4,-3.373391e+003
70,5,-3.373391e+003
70,6,-3.373391e+003
70,7,-3.373391e+003
70,8,-3.373391e+003
70,9,-3.373391e+003
70,10,-3.373391e+003
70,11,-3.373391e+003
70,12,-3.373391e+003
70,13,-3.373391e+003
70,14,-3.373391e+003
70,15,-3.373391e+003
70,16,-3.373391e+003
70,17,-3.373391e+003
70,18,-3.373391e+003
70,19,-3.373391e+003
70,20,-3.373391e+003
70,21,-3.373391e+003
70,22,-3.373391e+003
70,23,-3.373391e+003
70,24,-3.373391e+003
70,25,-3.373391e+003
70,26,-3.373391e+003
70,27,-3.373391e+003
70,28,-3.373391e+003
70,29,-3.373391e+003
71,0,-3.373235e+003
71,1,-3.373235e+003
71,2,-3.373235e+003
71,3,-3.373235e+003
71,4,-3.373235e+003
71,5,-3.373235e+003
71,6,-3.373235e+003
71,7,-3.373235e+003
71,8,-3.373235e+003
71,9,-3.373235e+003
71,10,-3.373235e+003
71,11,-3.373235e+003
71,12,-3.373235e+003
71,13,-3.373235e+003
71,14,-3.373235e+003
71,15,-3.373235e+003
71,16,-3.373235e+003
71,17,-3.373235e+003
71,18,-3.373235e+003
71,19,-3.373235e+003
71,20,-3.373235e+003
71,21,-3.373235e+003
72,0,-3.373081e+003
72,1,-3.373081e+003
72,2,-3.373081e+003
72,3,-3.373081e+003
72,4,-3.373081e+003
72,5,-3.373081e+003
72,6,-3.373081e+003
72,7,-3.373081e+003
72,8,-3.373081e+003
72,9,-3.373081e+003
72,10,-3.373081e+003
72,11,-3.373081e+003
72,12,-3.373081e+003
72,13,-3.373081e+003
72,14,-3.373081e+003
72,15,-3.373081e+003
72,16,-3.373081e+003
72,17,-3.373081e+003
72,18,-3.373081e+003
72,19,-3.373081e+003
72,20,-3.373081e+003
72,21,-3.373081e+003
73,0,-3.372891e+003
73,1,-3.372891e+003
73,2,-3.372891e+003
73,3,-3.372891e+003
73,4,-3.372891e+003
73,5,-3.372891e+003
73,6,-3.372891e+003
73,7,-3.372891e+003
73,8,-3.372891e+003
73,9,-3.372891e+003
73,10,-3.372891e+003
73,11,-3.372891e+003
73,12,-3.372891e+003
73,13,-3.372891e+003
73,14,-3.372891e+003
73,15,-3.372891e+003
73,16,-3.372891e+003
73,17,-3.372891e+003
73,18,-3.372891e+003
73,19,-3.372891e+003
73,20,-3.372891e+003
73,21,-3.372891e+003
74,0,-3.371467e+003
74,1,-3.371467e+003
74,2,-3.371467e+003
74,3,-3.371467e+003
74,4,-3.371467e+003
74,5,-3.371467e+003
74,6,-3.371467e+003
74,7,-3.371467e+003
74,8,-3.371467e+003
74,9,-3.371467e+003
74,10,-3.371467e+003
74,11,-3.371467e+003
74,12,-3.371467e+003
74,13,-3.371467e+003
74,14,-3.371467e+003
74,15,-3.371467e+003
74,16,-3.371467e+003
74,17,-3.371467e+003
74,18,-3.371467e+003
74,19,-3.371467e+003
74,20,-3.371467e+003
74,21,-3.371467e+003
75,0,-3.371363e+003
75,1,-3.371363e+003
75,2,-3.371363e+003
75,3,-3.371363e+003
75,4,-3.371363e+003
75,5,-3.371363e+003
75,6,-3.371363e+003
75,7,-3.371363e+003
75,8,-3.371363e+003
75,9,-3.371363e+003
75,10,-3.371363e+003
75,11,-3.371363e+003
75,12,-3.371363e+003
75,13,-3.371363e+003
75,14,-3.371363e+003
75,15,-3.371363e+003
75,16,-3.371363e+003
75,17,-3.371363e+003
75,18,-3.371363e+003
75,19,-3.371363e+003
75,20,-3.371363e+003
75,21,-3.371363e+003
76,0,-3.371243e+003
76,1,-3.371243e+003
76,2,-3.371243e+003
76,3,-3.371243e+003
76,4,-3.371243e+003
76,5,-3.371243e+003
76,6,-3.371243e+003
76,7,-3.371243e+003
76,8,-3.371243e+003
76,9,-3.371243e+003
76,10,-3.371243e+003
76,11,-3.371243e+003
76,12,-3.371243e+003
76,13,-3.371243e+003
76,14,-3.371243e+003
76,15,-3.371243e+003
76,16,-3.371243e+003
76,17,-3.371243e+003
76,18,-3.371243e+003
76,19,-3.371243e+003
76,20,-3.371243e+003
76,21,-3.371243e+003
77,0,-3.372432e+003
77,1,-3.372432e+003
77,2,-3.372432e+003
77,3,-3.372432e+003
77,4,-3.372432e+003
77,5,-3.372432e+003
77,6,-3.372432e+003
77,7,-3.372432e+003
77,8,-3.372432e+003
77,9,-3.372432e+003
77,10,-3.372432e+003
77,11,-3.372432e+003
77,12,-3.372432e+003
77,13,-3.372432e+003
77,14,-3.372432e+003
77,15,-3.372432e+003
77,16,-3.372432e+003
77,17,-3.372432e+003
77,18,-3.372432e+003
77,19,-3.372432e+003
77,20,-3.372432e+003
77,21,-3.372432e+003
77,22,-3.372432e+003
77,23,-3.372432e+003
77,24,-3.372432e+003
77,25,-3.372432e+003
77,26,-3.372432e+003
77,27,-3.372432e+003
77,28,-3.372432e+003
77,29,-3.372432e+003
77,30,-3.372432e+003
77,31,-3.372432e+003
77,32,-3.372432e+003
77,33,-3.372432e+003
77,34,-3.372432e+003
77,35,-3.372432e+003
77,36,-3.372432e+003
77,37,-3.372432e+003
77,38,-3.372432e+003
78,0,-3.372415e+003
78,1,-3.372415e+003
78,2,-3.372415e+003
78,3,-3.372415e+003
78,4,-3.372415e+003
78,5,-3.372415e+003
78,6,-3.372415e+003
78,7,-3.372415e+003
78,8,-3.372415e+003
78,9,-3.372415e+003
78,10,-3.372415e+003
78,11,-3.372415e+003
78,12,-3.372415e+003
78,13,-3.372415e+003
78,14,-3.372415e+003
78,15,-3.372415e+003
78,16,-3.372415e+003
78,17,-3.372415e+003
78,18,-3.372415e+003
78,19,-3.372415e+003
78,20,-3.372415e+003
78,21,-3.372415e+003
79,0,-3.372391e+003
79,1,-3.372391e+003
79,2,-3.372391e+003
79,3,-3.372391e+003
79,4,-3.372391e+003
79,5,-3.372391e+003
79,6,-3.372391e+003
79,7,-3.372391e+003
79,8,-3.372391e+003
79,9,-3.372391e+003
79,10,-3.372391e+003
79,11,-3.372391e+003
79,12,-3.372391e+003
79,13,-3.372391e+003
79,14,-3.372391e+003
79,15,-3.372391e+003
79,16,-3.372391e+003
79,17,-3.372391e+003
79,18,-3.372391e+003
79,19,-3.372391e+003
79,20,-3.372391e+003
79,21,-3.372391e+003
80,0,-3.372355e+003
80,1,-3.372355e+003
80,2,-3.372355e+003
80,3,-3.372355e+003
80,4,-3.372355e+003
80,5,-3.372355e+003
80,6,-3.372355e+003
80,7,-3.372355e+003
80,8,-3.372355e+003
80,9,-3.372355e+003
80,10,-3.372355e+003
80,11,-3.372355e+003
80,12,-3.372355e+003
80,13,-3.372355e+003
80,14,-3.372355e+003
80,15,-3.372355e+003
80,16,-3.372355e+003
80,17,-3.372355e+003
80,18,-3.372355e+003
80,19,-3.372355e+003
80,20,-3.372355e+003
80,21,-3.372355e+003
81,0,-3.372299e+003
81,1,-3.372299e+003
81,2,-3.372299e+003
81,3,-3.372299e+003
81,4,-3.372299e+003
81,5,-3.372299e+003
81,6,-3.372299e+003
81,7,-3.372299e+003
81,8,-3.372299e+003
81,9,-3.372299e+003
81,10,-3.372299e+003
81,11,-3.372299e+003
81,12,-3.372299e+003
81,13,-3.372299e+003
81,14,-3.372299e+003
81,15,-3.372299e+003
81,16,-3.372299e+003
81,17,-3.372299e+003
81,18,-3.372299e+003
81,19,-3.372299e+003
81,20,-3.372299e+003
81,21,-3.372299e+003
82,0,-3.373232e+003
82,1,-3.373232e+003
82,2,-3.373232e+003
82,3,-3.373232e+003
82,4,-3.373232e+003
82,5,-3.373232e+003
82,6,-3.373232e+003
82,7,-3.373232e+003
82,8,-3.373232e+003
82,9,-3.373232e+003
82,10,-3.373232e+003
82,11,-3.373232e+003
82,12,-3.373232e+003
82,13,-3.373232e+003
82,14,-3.373232e+003
82,15,-3.373232e+003
82,16,-3.373232e+003
82,17,-3.373232e+003
82,18,-3.373232e+003
82,19,-3.373232e+003
82,20,-3.373232e+003
82,21,-3.373232e+003
83,0,-3.373497e+003
83,1,-3.373497e+003
83,2,-3.373497e+003
83,3,-3.373497e+003
83,4,-3.373497e+003
83,5,-3.373497e+003
83,6,-3.373497e+003
83,7,-3.373497e+003
83,8,-3.373497e+003
83,9,-3.373497e+003
83,10,-3.373497e+003
83,11,-3.373497e+003
83,12,-3.373497e+003
83,13,-3.373497e+003
83,14,-3.373497e+003
83,15,-3.373497e+003
83,16,-3.373497e+003
83,17,-3.373497e+003
83,18,-3.373497e+003
83,19,-3.373497e+003
83,20,-3.373497e+003
83,21,-3.373497e+003
84,0,-3.373484e+003
84,1,-3.373484e+003
84,2,-3.373484e+003
84,3,-3.373484e+003
84,4,-3.373484e+003
84,5,-3.373484e+003
84,6,-3.373484e+003
84,7,-3.373484e+003
84,8,-3.373484e+003
84,9,-3.373484e+003
84,10,-3.373484e+003
84,11,-3.373484e+003
84,12,-3.373484e+003
84,13,-3.373484e+003
84,14,-3.373484e+003
84,15,-3.373484e+003
84,16,-3.373484e+003
84,17,-3.373484e+003
84,18,-3.373484e+003
84,19,-3.373484e+003
84,20,-3.373484e+003
84,21,-3.373484e+003
85,0,-3.373031e+003
85,1,-3.373031e+003
85,2,-3.373031e+003
85,3,-3.373031e+003
85,4,-3.373031e+003
85,5,-3.373031e+003
85,6,-3.373031e+003
85,7,-3.373031e+003
85,8,-3.373031e+003
85,9,-3.373031e+003
85,10,-3.373031e+003
85,11,-3.373031e+003
85,12,-3.373031e+003
85,13,-3.373031e+003
85,14,-3.373031e+003
85,15,-3.373031e+003
85,16,-3.373031e+003
85,17,-3.373031e+003
85,18,-3.373031e+003
85,19,-3.373031e+003
85,20,-3.373031e+003
85,21,-3.373031e+003
86,0,-3.372394e+003
86,1,-3.372394e+003
86,2,-3.372394e+003
86,3,-3.372394e+003
86,4,-3.372394e+003
86,5,-3.372394e+003
86,6,-3.372394e+003
86,7,-3.372394e+003
86,8,-3.372394e+003
86,9,-3.372394e+003
86,10,-3.372394e+003
86,11,-3.372394e+003
86,12,-3.372394e+003
86,13,-3.372394e+003
86,14,-3.372394e+003
86,15,-3.372394e+003
86,16,-3.372394e+003
86,17,-3.372394e+003
86,18,-3.372394e+003
86,19,-3.372394e+003
86,20,-3.372394e+003
86,21,-3.372394e+003
87,0,-3.371624e+003
87,1,-3.371624e+003
87,2,-3.371624e+003
87,3,-3.371624e+003
87,4,-3.371624e+003
87,5,-3.371624e+003
87,6,-3.371624e+003
87,7,-3.371624e+003
87,8,-3.371624e+003
87,9,-3.371624e+003
87,10,-3.371624e+003
87,11,-3.371624e+003
87,12,-3.371624e+003
87,13,-3.371624e+003
87,14,-3.371624e+003
87,15,-3.371624e+003
87,16,-3.371624e+003
87,17,-3.371624e+003
87,18,-3.371624e+003
87,19,-3.371624e+003
87,20,-3.371624e+003
87,21,-3.371624e+003
88,0,-3.371643e+003
88,1,-3.371643e+003
88,2,-3.371643e+003
88,3,-3.371643e+003
88,4,-3.371643e+003
88,5,-3.371643e+003
88,6,-3.371643e+003
88,7,-3.371643e+003
88,8,-3.371643e+003
88,9,-3.371643e+003
88,10,-3.371643e+003
88,11,-3.371643e+003
88,12,-3.371643e+003
88,13,-3.371643e+003
88,14,-3.371643e+003
88,15,-3.371643e+003
88,16,-3.371643e+003
88,17,-3.371643e+003
88,18,-3.371643e+003
88,19,-3.371643e+003
88,20,-3.371643e+003
88,21,-3.371643e+003
89,0,-3.371623e+003
89,1,-3.371623e+003
89,2,-3.371623e+003
89,3,-3.371623e+003
89,4,-3.371623e+003
89,5,-3.371623e+003
89,6,-3.371623e+003
89,7,-3.371623e+003
89,8,-3.371623e+003
89,9,-3.371623e+003
89,10,-3.371623e+003
89,11,-3.371623e+003
89,12,-3.371623e+003
89,13,-3.371623e+003
89,14,-3.371623e+003
89,15,-3.371623e+003
89,16,-3.371623e+003
89,17,-3.371623e+003
89,18,-3.371623e+003
89,19,-3.371623e+003
89,20,-3.371623e+003
89,21,-3.371623e+003
90,0,-3.371570e+003
90,1,-3.371570e+003
90,2,-3.371570e+003
90,3,-3.371570e+003
90,4,-3.371570e+003
90,5,-3.371570e+003
90,6,-3.371570e+003
90,7,-3.371570e+003
90,8,-3.371570e+003
90,9,-3.371570e+003
90,10,-3.371570e+003
90,11,-3.371570e+003
90,12,-3.371570e+003
90,13,-3.371570e+003
90,14,-3.371570e+003
90,15,-3.371570e+003
90,16,-3.371570e+003
90,17,-3.371570e+003
90,18,-3.371570e+003
90,19,-3.371570e+003
90,20,-3.371570e+003
90,21,-3.371570e+003
90,22,-3.371570e+003
90,23,-3.371570e+003
90,24,-3.371570e+003
90,25,-3.371570e+003
90,26,-3.371570e+003
91,0,-3.371486e+003
91,1,-3.371486e+003
91,2,-3.371486e+003
91,3,-3.371486e+003
91,4,-3.371486e+003
91,5,-3.371486e+003
91,6,-3.371486e+003
91,7,-3.371486e+003
91,8,-3.371486e+003
91,9,-3.371486e+003
91,10,-3.371486e+003
91,11,-3.371486e+003
91,12,-3.371486e+003
91,13,-3.371486e+003
91,14,-3.371486e+003
91,15,-3.371486e+003
91,16,-3.371486e+003
91,17,-3.371486e+003
91,18,-3.371486e+003
91,19,-3.371486e+003
91,20,-3.371486e+003
91,21,-3.371486e+003
92,0,-3.371251e+003
92,1,-3.371251e+003
92,2,-3.371251e+003
92,3,-3.371251e+003
92,4,-3.371251e+003
92,5,-3.371251e+003
92,6,-3.371251e+003
92,7,-3.371251e+003
92,8,-3.371251e+003
92,9,-3.371251e+003
92,10,-3.371251e+003
92,11,-3.371251e+003
92,12,-3.371251e+003
92,13,-3.371251e+003
92,14,-3.371251e+003
92,15,-3.371251e+003
92,16,-3.371251e+003
92,17,-3.371251e+003
92,18,-3.371251e+003
92,19,-3.371251e+003
92,20,-3.371251e+003
92,21,-3.371251e+003
93,0,-3.371377e+003
93,1,-3.371377e+003
93,2,-3.371377e+003
93,3,-3.371377e+003
93,4,-3.371377e+003
93,5,-3.371377e+003
93,6,-3.371377e+003
93,7,-3.371377e+003
93,8,-3.371377e+003
93,9,-3.371377e+003
93,10,-3.371377e+003
93,11,-3.371377e+003
93,12,-3.371377e+003
93,13,-3.371377e+003
93,14,-3.371377e+003
93,15,-3.371377e+003
93,16,-3.371377e+003
93,17,-3.371377e+003
93,18,-3.371377e+003
93,19,-3.371377e+003
93,20,-3.371377e+003
93,21,-3.371377e+003
94,0,-3.371452e+003
94,1,-3.371452e+003
94,2,-3.371452e+003
94,3,-3.371452e+003
94,4,-3.371452e+003
94,5,-3.371452e+003
94,6,-3.371452e+003
94,7,-3.371452e+003
94,8,-3.371452e+003
94,9,-3.371452e+003
94,10,-3.371452e+003
94,11,-3.371452e+003
94,12,-3.371452e+003
94,13,-3.371452e+003
94,14,-3.371452e+003
94,15,-3.371452e+003
94,16,-3.371452e+003
94,17,-3.371452e+003
94,18,-3.371452e+003
94,19,-3.371452e+003
94,20,-3.371452e+003
94,21,-3.371452e+003
95,0,-3.371501e+003
95,1,-3.371501e+003
95,2,-3.371501e+003
95,3,-3.371501e+003
95,4,-3.371501e+003
95,5,-3.371502e+003
95,6,-3.371502e+003
95,7,-3.371502e+003
95,8,-3.371502e+003
95,9,-3.371502e+003
95,10,-3.371502e+003
95,11,-3.371502e+003
95,12,-3.371502e+003
95,13,-3.371502e+003
95,14,-3.371502e+003
95,15,-3.371502e+003
95,16,-3.371502e+003
95,17,-3.371502e+003
95,18,-3.371502e+003
95,19,-3.371502e+003
95,20,-3.371502e+003
95,21,-3.371502e+003
96,0,-3.371523e+003
96,1,-3.371523e+003
96,2,-3.371523e+003
96,3,-3.371523e+003
96,4,-3.371523e+003
96,5,-3.371523e+003
96,6,-3.371523e+003
96,7,-3.371523e+003
96,8,-3.371523e+003
96,9,-3.371523e+003
96,10,-3.371523e+003
96,11,-3.371523e+003
96,12,-3.371523e+003
96,13,-3.371523e+003
96,14,-3.371523e+003
96,15,-3.371523e+003
96,16,-3.371523e+003
96,17,-3.371523e+003
96,18,-3.371523e+003
96,19,-3.371523e+003
96,20,-3.371523e+003
96,21,-3.371523e+003
97,0,-3.371514e+003
97,1,-3.371514e+003
97,2,-3.371514e+003
97,3,-3.371514e+003
97,4,-3.371514e+003
97,5,-3.371514e+003
97,6,-3.371514e+003
97,7,-3.371514e+003
97,8,-3.371514e+003
97,9,-3.371514e+003
97,10,-3.371514e+003
97,11,-3.371514e+003
97,12,-3.371514e+003
97,13,-3.371514e+003
97,14,-3.371514e+003
97,15,-3.371514e+003
97,16,-3.371514e+003
97,17,-3.371514e+003
97,18,-3.371514e+003
97,19,-3.371514e+003
97,20,-3.371514e+003
97,21,-3.371514e+003
98,0,-3.371469e+003
98,1,-3.371469e+003
98,2,-3.371469e+003
98,3,-3.371469e+003
98,4,-3.371469e+003
98,5,-3.371469e+003
98,6,-3.371469e+003
98,7,-3.371469e+003
98,8,-3.371469e+003
98,9,-3.371469e+003
98,10,-3.371469e+003
98,11,-3.371469e+003
98,12,-3.371469e+003
98,13,-3.371469e+003
98,14,-3.371469e+003
98,15,-3.371469e+003
98,16,-3.371469e+003
98,17,-3.371469e+003
98,18,-3.371469e+003
98,19,-3.371469e+003
98,20,-3.371469e+003
98,21,-3.371469e+003
99,0,-3.372754e+003
99,1,-3.372754e+003
99,2,-3.372754e+003
99,3,-3.372754e+003
99,4,-3.372754e+003
99,5,-3.372754e+003
99,6,-3.372754e+003
99,7,-3.372754e+003
99,8,-3.372754e+003
99,9,-3.372754e+003
99,10,-3.372754e+003
99,11,-3.372754e+003
99,12,-3.372754e+003
99,13,-3.372754e+003
99,14,-3.372754e+003
99,15,-3.372754e+003
99,16,-3.372754e+003
99,17,-3.372754e+003
99,18,-3.372754e+003
99,19,-3.372754e+003
99,20,-3.372754e+003
99,21,-3.372754e+003
99,22,-3.372754e+003
99,23,-3.372754e+003
99,24,-3.372754e+003
100,0,-3.372761e+003
100,1,-3.372761e+003
100,2,-3.372761e+003
100,3,-3.372761e+003
100,4,-3.372761e+003
100,5,-3.372761e+003
100,6,-3.372761e+003
100,7,-3.372761e+003
100,8,-3.372761e+003
100,9,-3.372761e+003
100,10,-3.372761e+003
100,11,-3.372761e+003
100,12,-3.372761e+003
100,13,-3.372761e+003
100,14,-3.372761e+003
100,15,-3.372761e+003
100,16,-3.372761e+003
100,17,-3.372761e+003
100,18,-3.372761e+003
100,19,-3.372761e+003
100,20,-3.372761e+003
100,21,-3.372761e+003
