0,0,-4.192559e+003
0,1,-4.192503e+003
0,2,-4.192441e+003
0,3,-4.192447e+003
0,4,-4.192449e+003
0,5,-4.192380e+003
0,6,-4.192239e+003
0,7,-4.192099e+003
0,8,-4.192100e+003
0,9,-4.192100e+003
0,10,-4.192100e+003
0,11,-4.192030e+003
0,12,-4.192030e+003
0,13,-4.192030e+003
0,14,-4.192030e+003
0,15,-4.192030e+003
0,16,-4.192030e+003
0,17,-4.192030e+003
0,18,-4.192030e+003
0,19,-4.192030e+003
0,20,-4.192030e+003
0,21,-4.192030e+003
0,22,-4.192030e+003
0,23,-4.192030e+003
0,24,-4.192030e+003
0,25,-4.192030e+003
0,26,-4.192030e+003
0,27,-4.192030e+003
0,28,-4.192030e+003
0,29,-4.192030e+003
0,30,-4.192030e+003
0,31,-4.192030e+003
0,32,-4.192030e+003
0,33,-4.192030e+003
0,34,-4.192030e+003
0,35,-4.192030e+003
0,36,-4.192030e+003
0,37,-4.192030e+003
0,38,-4.192030e+003
0,39,-4.192030e+003
0,40,-4.192030e+003
0,41,-4.192030e+003
0,42,-4.192030e+003
0,43,-4.192030e+003
0,44,-4.192030e+003
0,45,-4.192030e+003
0,46,-4.191960e+003
0,47,-4.191960e+003
0,48,-4.191960e+003
0,49,-4.191960e+003
0,50,-4.191960e+003
1,0,-4.191941e+003
1,1,-4.191941e+003
1,2,-4.191941e+003
1,3,-4.191941e+003
1,4,-4.191941e+003
1,5,-4.191941e+003
1,6,-4.191941e+003
1,7,-4.191941e+003
1,8,-4.191941e+003
1,9,-4.191941e+003
1,10,-4.191941e+003
1,11,-4.191941e+003
1,12,-4.191941e+003
1,13,-4.191941e+003
1,14,-4.191941e+003
1,15,-4.191941e+003
1,16,-4.191941e+003
1,17,-4.191941e+003
1,18,-4.191941e+003
1,19,-4.191941e+003
1,20,-4.191941e+003
1,21,-4.191941e+003
1,22,-4.191941e+003
1,23,-4.191941e+003
1,24,-4.191941e+003
1,25,-4.191941e+003
1,26,-4.191941e+003
1,27,-4.191941e+003
1,28,-4.191941e+003
1,29,-4.191941e+003
1,30,-4.191941e+003
1,31,-4.191941e+003
1,32,-4.191941e+003
1,33,-4.191941e+003
1,34,-4.191941e+003
1,35,-4.191941e+003
1,36,-4.191941e+003
1,37,-4.191941e+003
1,38,-4.191941e+003
1,39,-4.191941e+003
1,40,-4.191941e+003
1,41,-4.191941e+003
1,42,-4.191941e+003
1,43,-4.191941e+003
1,44,-4.191941e+003
1,45,-4.191941e+003
1,46,-4.191941e+003
1,47,-4.191941e+003
1,48,-4.191941e+003
1,49,-4.191942e+003
1,50,-4.191943e+003
2,0,-4.189081e+003
2,1,-4.189153e+003
2,2,-4.189366e+003
2,3,-4.189367e+003
2,4,-4.189367e+003
2,5,-4.189367e+003
2,6,-4.189367e+003
2,7,-4.189368e+003
2,8,-4.189368e+003
2,9,-4.189368e+003
2,10,-4.189368e+003
2,11,-4.189368e+003
2,12,-4.189368e+003
2,13,-4.189368e+003
2,14,-4.189368e+003
2,15,-4.189465e+003
2,16,-4.189465e+003
2,17,-4.189465e+003
2,18,-4.189465e+003
2,19,-4.189465e+003
2,20,-4.189465e+003
2,21,-4.189465e+003
2,22,-4.189465e+003
2,23,-4.189465e+003
2,24,-4.189465e+003
2,25,-4.189465e+003
2,26,-4.189465e+003
2,27,-4.189465e+003
2,28,-4.189465e+003
2,29,-4.189465e+003
2,30,-4.189465e+003
2,31,-4.189465e+003
2,32,-4.189465e+003
2,33,-4.189465e+003
2,34,-4.189465e+003
2,35,-4.189465e+003
2,36,-4.189465e+003
2,37,-4.189465e+003
2,38,-4.189465e+003
2,39,-4.189465e+003
2,40,-4.189465e+003
2,41,-4.189465e+003
2,42,-4.189465e+003
2,43,-4.189465e+003
2,44,-4.189465e+003
2,45,-4.189465e+003
2,46,-4.189465e+003
2,47,-4.189465e+003
2,48,-4.189465e+003
2,49,-4.189465e+003
2,50,-4.189465e+003
3,0,-4.189289e+003
3,1,-4.189289e+003
3,2,-4.189263e+003
3,3,-4.189263e+003
3,4,-4.189263e+003
3,5,-4.189263e+003
3,6,-4.189263e+003
3,7,-4.189263e+003
3,8,-4.189263e+003
3,9,-4.189263e+003
3,10,-4.189263e+003
3,11,-4.189263e+003
3,12,-4.189263e+003
3,13,-4.189263e+003
3,14,-4.189263e+003
3,15,-4.189263e+003
3,16,-4.189263e+003
3,17,-4.189263e+003
3,18,-4.189263e+003
3,19,-4.189263e+003
3,20,-4.189263e+003
3,21,-4.189263e+003
3,22,-4.189263e+003
3,23,-4.189263e+003
3,24,-4.189263e+003
3,25,-4.189263e+003
3,26,-4.189263e+003
3,27,-4.189263e+003
3,28,-4.189263e+003
3,29,-4.189263e+003
3,30,-4.189263e+003
3,31,-4.189263e+003
3,32,-4.189263e+003
3,33,-4.189263e+003
3,34,-4.189263e+003
3,35,-4.189263e+003
3,36,-4.189263e+003
3,37,-4.189263e+003
3,38,-4.189263e+003
3,39,-4.189263e+003
3,40,-4.189263e+003
3,41,-4.189263e+003
3,42,-4.189263e+003
3,43,-4.189263e+003
3,44,-4.189263e+003
3,45,-4.189263e+003
3,46,-4.189263e+003
3,47,-4.189264e+003
3,48,-4.189264e+003
3,49,-4.189264e+003
3,50,-4.189265e+003
4,0,-4.188924e+003
4,1,-4.188995e+003
4,2,-4.188924e+003
4,3,-4.188924e+003
4,4,-4.188924e+003
4,5,-4.188925e+003
4,6,-4.188951e+003
4,7,-4.188951e+003
4,8,-4.188951e+003
4,9,-4.188951e+003
4,10,-4.189021e+003
4,11,-4.189022e+003
4,12,-4.189022e+003
4,13,-4.188996e+003
4,14,-4.188996e+003
4,15,-4.188996e+003
4,16,-4.188996e+003
4,17,-4.188996e+003
4,18,-4.188996e+003
4,19,-4.188996e+003
4,20,-4.188996e+003
4,21,-4.188996e+003
4,22,-4.188996e+003
4,23,-4.188996e+003
4,24,-4.188996e+003
4,25,-4.188996e+003
4,26,-4.188996e+003
4,27,-4.188996e+003
4,28,-4.189022e+003
4,29,-4.189022e+003
4,30,-4.189022e+003
4,31,-4.189022e+003
4,32,-4.189022e+003
4,33,-4.189022e+003
4,34,-4.189022e+003
4,35,-4.189022e+003
4,36,-4.189022e+003
4,37,-4.189022e+003
4,38,-4.189022e+003
4,39,-4.189022e+003
4,40,-4.189022e+003
4,41,-4.189022e+003
4,42,-4.189022e+003
4,43,-4.189022e+003
4,44,-4.189022e+003
4,45,-4.189022e+003
4,46,-4.189022e+003
4,47,-4.189022e+003
4,48,-4.189022e+003
4,49,-4.189022e+003
4,50,-4.189022e+003
5,0,-4.190412e+003
5,1,-4.190412e+003
5,2,-4.190412e+003
5,3,-4.190412e+003
5,4,-4.190412e+003
5,5,-4.190412e+003
5,6,-4.190412e+003
5,7,-4.190412e+003
5,8,-4.190412e+003
5,9,-4.190412e+003
5,10,-4.190412e+003
5,11,-4.190412e+003
5,12,-4.190412e+003
5,13,-4.190412e+003
5,14,-4.190412e+003
5,15,-4.190412e+003
5,16,-4.190412e+003
5,17,-4.190412e+003
5,18,-4.190412e+003
5,19,-4.190412e+003
5,20,-4.190412e+003
5,21,-4.190412e+003
5,22,-4.190412e+003
5,23,-4.190412e+003
5,24,-4.190412e+003
5,25,-4.190412e+003
5,26,-4.190412e+003
5,27,-4.190412e+003
5,28,-4.190412e+003
5,29,-4.190412e+003
5,30,-4.190412e+003
5,31,-4.190412e+003
5,32,-4.190412e+003
5,33,-4.190413e+003
5,34,-4.190413e+003
5,35,-4.190413e+003
5,36,-4.190413e+003
5,37,-4.190413e+003
5,38,-4.190413e+003
5,39,-4.190413e+003
5,40,-4.190413e+003
5,41,-4.190413e+003
5,42,-4.190413e+003
5,43,-4.190413e+003
5,44,-4.190413e+003
5,45,-4.190413e+003
5,46,-4.190413e+003
5,47,-4.190414e+003
5,48,-4.190414e+003
5,49,-4.190414e+003
5,50,-4.190414e+003
6,0,-4.192619e+003
6,1,-4.192619e+003
6,2,-4.192619e+003
6,3,-4.192690e+003
6,4,-4.192690e+003
6,5,-4.192761e+003
6,6,-4.192735e+003
6,7,-4.192735e+003
6,8,-4.192735e+003
6,9,-4.192735e+003
6,10,-4.192735e+003
6,11,-4.192735e+003
6,12,-4.192736e+003
6,13,-4.192736e+003
6,14,-4.192806e+003
6,15,-4.192806e+003
6,16,-4.192806e+003
6,17,-4.192806e+003
6,18,-4.192806e+003
6,19,-4.192806e+003
6,20,-4.192806e+003
6,21,-4.192806e+003
6,22,-4.192807e+003
6,23,-4.192807e+003
6,24,-4.192807e+003
6,25,-4.192807e+003
6,26,-4.192807e+003
6,27,-4.192807e+003
6,28,-4.192807e+003
6,29,-4.192807e+003
6,30,-4.192807e+003
6,31,-4.192807e+003
6,32,-4.192807e+003
6,33,-4.192807e+003
6,34,-4.192807e+003
6,35,-4.192807e+003
6,36,-4.192807e+003
6,37,-4.192807e+003
6,38,-4.192807e+003
6,39,-4.192807e+003
6,40,-4.192736e+003
6,41,-4.192736e+003
6,42,-4.192736e+003
6,43,-4.192736e+003
6,44,-4.192736e+003
6,45,-4.192736e+003
6,46,-4.192736e+003
6,47,-4.192736e+003
6,48,-4.192736e+003
6,49,-4.192736e+003
6,50,-4.192736e+003
7,0,-4.193712e+003
7,1,-4.193712e+003
7,2,-4.193712e+003
7,3,-4.193712e+003
7,4,-4.193712e+003
7,5,-4.193712e+003
7,6,-4.193712e+003
7,7,-4.193712e+003
7,8,-4.193712e+003
7,9,-4.193712e+003
7,10,-4.193712e+003
7,11,-4.193712e+003
7,12,-4.193712e+003
7,13,-4.193712e+003
7,14,-4.193712e+003
7,15,-4.193712e+003
7,16,-4.193712e+003
7,17,-4.193712e+003
7,18,-4.193738e+003
7,19,-4.193738e+003
7,20,-4.193738e+003
7,21,-4.193738e+003
7,22,-4.193738e+003
7,23,-4.193738e+003
7,24,-4.193738e+003
7,25,-4.193738e+003
7,26,-4.193738e+003
7,27,-4.193738e+003
7,28,-4.193738e+003
7,29,-4.193738e+003
7,30,-4.193738e+003
7,31,-4.193738e+003
7,32,-4.193738e+003
7,33,-4.193738e+003
7,34,-4.193738e+003
7,35,-4.193738e+003
7,36,-4.193738e+003
7,37,-4.193738e+003
7,38,-4.193738e+003
7,39,-4.193739e+003
7,40,-4.193739e+003
7,41,-4.193739e+003
7,42,-4.193739e+003
7,43,-4.193739e+003
7,44,-4.193739e+003
7,45,-4.193740e+003
7,46,-4.193740e+003
7,47,-4.193740e+003
7,48,-4.193740e+003
7,49,-4.193740e+003
7,50,-4.193811e+003
8,0,-4.196016e+003
8,1,-4.195990e+003
8,2,-4.195990e+003
8,3,-4.195990e+003
8,4,-4.195990e+003
8,5,-4.195990e+003
8,6,-4.195990e+003
8,7,-4.195990e+003
8,8,-4.195990e+003
8,9,-4.195990e+003
8,10,-4.195991e+003
8,11,-4.195991e+003
8,12,-4.195991e+003
8,13,-4.195991e+003
8,14,-4.195991e+003
8,15,-4.195991e+003
8,16,-4.195991e+003
8,17,-4.195991e+003
8,18,-4.195991e+003
8,19,-4.195991e+003
8,20,-4.195991e+003
8,21,-4.195991e+003
8,22,-4.195991e+003
8,23,-4.195991e+003
8,24,-4.195991e+003
8,25,-4.195991e+003
8,26,-4.195991e+003
8,27,-4.195991e+003
8,28,-4.195991e+003
8,29,-4.195991e+003
8,30,-4.195991e+003
8,31,-4.195991e+003
8,32,-4.195991e+003
8,33,-4.195991e+003
8,34,-4.195991e+003
8,35,-4.195991e+003
8,36,-4.195991e+003
8,37,-4.195991e+003
8,38,-4.195991e+003
8,39,-4.195991e+003
8,40,-4.195991e+003
8,41,-4.195991e+003
8,42,-4.195991e+003
8,43,-4.195991e+003
8,44,-4.195991e+003
8,45,-4.195991e+003
8,46,-4.195991e+003
8,47,-4.195991e+003
8,48,-4.195991e+003
8,49,-4.195991e+003
8,50,-4.195991e+003
9,0,-4.196731e+003
9,1,-4.196731e+003
9,2,-4.196731e+003
9,3,-4.196731e+003
9,4,-4.196731e+003
9,5,-4.196731e+003
9,6,-4.196731e+003
9,7,-4.196731e+003
9,8,-4.196731e+003
9,9,-4.196731e+003
9,10,-4.196731e+003
9,11,-4.196731e+003
9,12,-4.196731e+003
9,13,-4.196731e+003
9,14,-4.196731e+003
9,15,-4.196732e+003
9,16,-4.196732e+003
9,17,-4.196732e+003
9,18,-4.196732e+003
9,19,-4.196732e+003
9,20,-4.196732e+003
9,21,-4.196732e+003
9,22,-4.196758e+003
9,23,-4.196758e+003
9,24,-4.196758e+003
9,25,-4.196758e+003
9,26,-4.196758e+003
9,27,-4.196758e+003
9,28,-4.196758e+003
9,29,-4.196758e+003
9,30,-4.196758e+003
9,31,-4.196758e+003
9,32,-4.196758e+003
9,33,-4.196758e+003
9,34,-4.196758e+003
9,35,-4.196758e+003
9,36,-4.196758e+003
9,37,-4.196758e+003
9,38,-4.196758e+003
9,39,-4.196758e+003
9,40,-4.196758e+003
9,41,-4.196759e+003
9,42,-4.196759e+003
9,43,-4.196760e+003
9,44,-4.196760e+003
9,45,-4.196760e+003
9,46,-4.196760e+003
9,47,-4.196760e+003
9,48,-4.196760e+003
9,49,-4.196760e+003
9,50,-4.196760e+003
10,0,-4.194562e+003
10,1,-4.194562e+003
10,2,-4.194536e+003
10,3,-4.194536e+003
10,4,-4.194536e+003
10,5,-4.194536e+003
10,6,-4.194536e+003
10,7,-4.194607e+003
10,8,-4.194607e+003
10,9,-4.194607e+003
10,10,-4.194607e+003
10,11,-4.194607e+003
10,12,-4.194607e+003
10,13,-4.194607e+003
10,14,-4.194607e+003
10,15,-4.194607e+003
10,16,-4.194607e+003
10,17,-4.194607e+003
10,18,-4.194607e+003
10,19,-4.194607e+003
10,20,-4.194607e+003
10,21,-4.194607e+003
10,22,-4.194607e+003
10,23,-4.194607e+003
10,24,-4.194607e+003
10,25,-4.194607e+003
10,26,-4.194607e+003
10,27,-4.194607e+003
10,28,-4.194607e+003
10,29,-4.194607e+003
10,30,-4.194607e+003
10,31,-4.194607e+003
10,32,-4.194607e+003
10,33,-4.194607e+003
10,34,-4.194607e+003
10,35,-4.194607e+003
10,36,-4.194607e+003
10,37,-4.194607e+003
10,38,-4.194607e+003
10,39,-4.194607e+003
10,40,-4.194607e+003
10,41,-4.194607e+003
10,42,-4.194607e+003
10,43,-4.194607e+003
10,44,-4.194607e+003
10,45,-4.194607e+003
10,46,-4.194607e+003
10,47,-4.194607e+003
10,48,-4.194608e+003
10,49,-4.194608e+003
10,50,-4.194608e+003
11,0,-4.194899e+003
11,1,-4.194899e+003
11,2,-4.194899e+003
11,3,-4.194899e+003
11,4,-4.194899e+003
11,5,-4.194899e+003
11,6,-4.194899e+003
11,7,-4.194899e+003
11,8,-4.194899e+003
11,9,-4.194899e+003
11,10,-4.194899e+003
11,11,-4.194900e+003
11,12,-4.194900e+003
11,13,-4.194900e+003
11,14,-4.194900e+003
11,15,-4.194900e+003
11,16,-4.194900e+003
11,17,-4.194900e+003
11,18,-4.194926e+003
11,19,-4.194926e+003
11,20,-4.194926e+003
11,21,-4.194855e+003
11,22,-4.194855e+003
11,23,-4.194855e+003
11,24,-4.194855e+003
11,25,-4.194855e+003
11,26,-4.194855e+003
11,27,-4.194855e+003
11,28,-4.194855e+003
11,29,-4.194855e+003
11,30,-4.194855e+003
11,31,-4.194855e+003
11,32,-4.194855e+003
11,33,-4.194855e+003
11,34,-4.194855e+003
11,35,-4.194855e+003
11,36,-4.194855e+003
11,37,-4.194855e+003
11,38,-4.194855e+003
11,39,-4.194857e+003
11,40,-4.194929e+003
11,41,-4.194929e+003
11,42,-4.194929e+003
11,43,-4.194929e+003
11,44,-4.194929e+003
11,45,-4.194929e+003
11,46,-4.194929e+003
11,47,-4.194929e+003
11,48,-4.194929e+003
11,49,-4.194930e+003
11,50,-4.194930e+003
12,0,-4.194158e+003
12,1,-4.194158e+003
12,2,-4.194158e+003
12,3,-4.194158e+003
12,4,-4.194158e+003
12,5,-4.194158e+003
12,6,-4.194158e+003
12,7,-4.194158e+003
12,8,-4.194158e+003
12,9,-4.194158e+003
12,10,-4.194158e+003
12,11,-4.194158e+003
12,12,-4.194158e+003
12,13,-4.194158e+003
12,14,-4.194158e+003
12,15,-4.194158e+003
12,16,-4.194158e+003
12,17,-4.194158e+003
12,18,-4.194158e+003
12,19,-4.194158e+003
12,20,-4.194158e+003
12,21,-4.194158e+003
12,22,-4.194158e+003
12,23,-4.194158e+003
12,24,-4.194158e+003
12,25,-4.194158e+003
12,26,-4.194087e+003
12,27,-4.194087e+003
12,28,-4.194087e+003
12,29,-4.194087e+003
12,30,-4.194087e+003
12,31,-4.194087e+003
12,32,-4.194087e+003
12,33,-4.194087e+003
12,34,-4.194087e+003
12,35,-4.194087e+003
12,36,-4.194087e+003
12,37,-4.194087e+003
12,38,-4.194087e+003
12,39,-4.194087e+003
12,40,-4.194087e+003
12,41,-4.194087e+003
12,42,-4.194087e+003
12,43,-4.194087e+003
12,44,-4.194087e+003
12,45,-4.194087e+003
12,46,-4.194087e+003
12,47,-4.194087e+003
12,48,-4.194087e+003
12,49,-4.194087e+003
12,50,-4.194087e+003
13,0,-4.188679e+003
13,1,-4.188750e+003
13,2,-4.188750e+003
13,3,-4.188750e+003
13,4,-4.188750e+003
13,5,-4.188750e+003
13,6,-4.188750e+003
13,7,-4.188750e+003
13,8,-4.188750e+003
13,9,-4.188750e+003
13,10,-4.188750e+003
13,11,-4.188750e+003
13,12,-4.188750e+003
13,13,-4.188750e+003
13,14,-4.188750e+003
13,15,-4.188750e+003
13,16,-4.188750e+003
13,17,-4.188750e+003
13,18,-4.188750e+003
13,19,-4.188750e+003
13,20,-4.188750e+003
13,21,-4.188750e+003
13,22,-4.188750e+003
13,23,-4.188750e+003
13,24,-4.188750e+003
13,25,-4.188750e+003
13,26,-4.188750e+003
13,27,-4.188750e+003
13,28,-4.188750e+003
13,29,-4.188750e+003
13,30,-4.188750e+003
13,31,-4.188751e+003
13,32,-4.188751e+003
13,33,-4.188751e+003
13,34,-4.188751e+003
13,35,-4.188751e+003
13,36,-4.188751e+003
13,37,-4.188770e+003
13,38,-4.188708e+003
13,39,-4.188712e+003
13,40,-4.188647e+003
13,41,-4.188651e+003
13,42,-4.188655e+003
13,43,-4.188657e+003
13,44,-4.188658e+003
13,45,-4.188659e+003
13,46,-4.188660e+003
13,47,-4.188660e+003
13,48,-4.188660e+003
13,49,-4.188660e+003
13,50,-4.188660e+003
14,0,-4.183318e+003
14,1,-4.183318e+003
14,2,-4.183318e+003
14,3,-4.183318e+003
14,4,-4.183318e+003
14,5,-4.183318e+003
14,6,-4.183318e+003
14,7,-4.183318e+003
14,8,-4.183319e+003
14,9,-4.183319e+003
14,10,-4.183319e+003
14,11,-4.183319e+003
14,12,-4.183319e+003
14,13,-4.183319e+003
14,14,-4.183319e+003
14,15,-4.183319e+003
14,16,-4.183319e+003
14,17,-4.183319e+003
14,18,-4.183319e+003
14,19,-4.183319e+003
14,20,-4.183319e+003
14,21,-4.183319e+003
14,22,-4.183320e+003
14,23,-4.183320e+003
14,24,-4.183320e+003
14,25,-4.183320e+003
14,26,-4.183320e+003
14,27,-4.183320e+003
14,28,-4.183320e+003
14,29,-4.183320e+003
14,30,-4.183321e+003
14,31,-4.183321e+003
14,32,-4.183321e+003
14,33,-4.183321e+003
14,34,-4.183321e+003
14,35,-4.183321e+003
14,36,-4.183321e+003
14,37,-4.183321e+003
14,38,-4.183392e+003
14,39,-4.183392e+003
14,40,-4.183393e+003
14,41,-4.183393e+003
14,42,-4.183393e+003
14,43,-4.183393e+003
14,44,-4.183393e+003
14,45,-4.183393e+003
14,46,-4.183393e+003
14,47,-4.183393e+003
14,48,-4.183394e+003
14,49,-4.183394e+003
14,50,-4.183394e+003
15,0,-4.166268e+003
15,1,-4.166268e+003
15,2,-4.166268e+003
15,3,-4.166268e+003
15,4,-4.166268e+003
15,5,-4.166268e+003
15,6,-4.166269e+003
15,7,-4.166269e+003
15,8,-4.166269e+003
15,9,-4.166269e+003
15,10,-4.166269e+003
15,11,-4.166269e+003
15,12,-4.166270e+003
15,13,-4.166270e+003
15,14,-4.166270e+003
15,15,-4.166270e+003
15,16,-4.166270e+003
15,17,-4.166270e+003
15,18,-4.166271e+003
15,19,-4.166271e+003
15,20,-4.166271e+003
15,21,-4.166271e+003
15,22,-4.166201e+003
15,23,-4.166201e+003
15,24,-4.166201e+003
15,25,-4.166201e+003
15,26,-4.166201e+003
15,27,-4.166202e+003
15,28,-4.166202e+003
15,29,-4.166202e+003
15,30,-4.166132e+003
15,31,-4.166132e+003
15,32,-4.166132e+003
15,33,-4.166132e+003
15,34,-4.166132e+003
15,35,-4.166349e+003
15,36,-4.166460e+003
15,37,-4.166478e+003
15,38,-4.166618e+003
15,39,-4.166793e+003
15,40,-4.166903e+003
15,41,-4.166928e+003
15,42,-4.166936e+003
15,43,-4.166944e+003
15,44,-4.167047e+003
15,45,-4.166911e+003
15,46,-4.166845e+003
15,47,-4.166847e+003
15,48,-4.166848e+003
15,49,-4.166849e+003
15,50,-4.166849e+003
16,0,-4.134127e+003
16,1,-4.134128e+003
16,2,-4.134128e+003
16,3,-4.134129e+003
16,4,-4.134129e+003
16,5,-4.134130e+003
16,6,-4.134130e+003
16,7,-4.134131e+003
16,8,-4.134106e+003
16,9,-4.134106e+003
16,10,-4.134107e+003
16,11,-4.134107e+003
16,12,-4.134108e+003
16,13,-4.134109e+003
16,14,-4.134109e+003
16,15,-4.134110e+003
16,16,-4.134111e+003
16,17,-4.134111e+003
16,18,-4.134112e+003
16,19,-4.134113e+003
16,20,-4.134114e+003
16,21,-4.134114e+003
16,22,-4.134115e+003
16,23,-4.134116e+003
16,24,-4.134117e+003
16,25,-4.134047e+003
16,26,-4.134048e+003
16,27,-4.134096e+003
16,28,-4.134097e+003
16,29,-4.134098e+003
16,30,-4.134073e+003
16,31,-4.134074e+003
16,32,-4.134074e+003
16,33,-4.134075e+003
16,34,-4.134076e+003
16,35,-4.134077e+003
16,36,-4.134078e+003
16,37,-4.134079e+003
16,38,-4.134080e+003
16,39,-4.134081e+003
16,40,-4.134081e+003
16,41,-4.134082e+003
16,42,-4.134083e+003
16,43,-4.134084e+003
16,44,-4.134085e+003
16,45,-4.134015e+003
16,46,-4.134015e+003
16,47,-4.134016e+003
16,48,-4.133946e+003
16,49,-4.133876e+003
16,50,-4.133877e+003
17,0,-4.072797e+003
17,1,-4.072727e+003
17,2,-4.072728e+003
17,3,-4.072728e+003
17,4,-4.072729e+003
17,5,-4.072730e+003
17,6,-4.072730e+003
17,7,-4.072731e+003
17,8,-4.072732e+003
17,9,-4.072662e+003
17,10,-4.072663e+003
17,11,-4.072593e+003
17,12,-4.072593e+003
17,13,-4.072594e+003
17,14,-4.072595e+003
17,15,-4.072596e+003
17,16,-4.072596e+003
17,17,-4.072597e+003
17,18,-4.072598e+003
17,19,-4.072599e+003
17,20,-4.072529e+003
17,21,-4.072529e+003
17,22,-4.072530e+003
17,23,-4.072531e+003
17,24,-4.072532e+003
17,25,-4.072533e+003
17,26,-4.072463e+003
17,27,-4.072464e+003
17,28,-4.072464e+003
17,29,-4.072465e+003
17,30,-4.072466e+003
17,31,-4.072467e+003
17,32,-4.072468e+003
17,33,-4.075082e+003
17,34,-4.080481e+003
17,35,-4.082680e+003
17,36,-4.084286e+003
17,37,-4.084855e+003
17,38,-4.085436e+003
17,39,-4.085684e+003
17,40,-4.085819e+003
17,41,-4.085959e+003
17,42,-4.086032e+003
17,43,-4.086061e+003
17,44,-4.086081e+003
17,45,-4.085953e+003
17,46,-4.085966e+003
17,47,-4.085904e+003
17,48,-4.085909e+003
17,49,-4.085911e+003
17,50,-4.085912e+003
18,0,-3.991909e+003
18,1,-3.991911e+003
18,2,-3.991912e+003
18,3,-3.991913e+003
18,4,-3.991915e+003
18,5,-3.991916e+003
18,6,-3.991917e+003
18,7,-3.991919e+003
18,8,-3.991920e+003
18,9,-3.991921e+003
18,10,-3.991923e+003
18,11,-3.991924e+003
18,12,-3.991855e+003
18,13,-3.991856e+003
18,14,-3.991858e+003
18,15,-3.991859e+003
18,16,-3.991861e+003
18,17,-3.991862e+003
18,18,-3.991864e+003
18,19,-3.991866e+003
18,20,-3.991867e+003
18,21,-3.991869e+003
18,22,-3.991871e+003
18,23,-3.991872e+003
18,24,-3.991874e+003
18,25,-3.991876e+003
18,26,-3.991877e+003
18,27,-3.991879e+003
18,28,-3.991881e+003
18,29,-3.991883e+003
18,30,-3.991814e+003
18,31,-3.991816e+003
18,32,-3.991818e+003
18,33,-3.991820e+003
18,34,-3.991821e+003
18,35,-3.991823e+003
18,36,-3.991825e+003
18,37,-3.991827e+003
18,38,-3.991829e+003
18,39,-3.991831e+003
18,40,-3.991763e+003
18,41,-3.991765e+003
18,42,-3.991767e+003
18,43,-3.991769e+003
18,44,-3.991771e+003
18,45,-3.991773e+003
18,46,-3.991704e+003
18,47,-3.991707e+003
18,48,-3.991709e+003
18,49,-3.991711e+003
18,50,-3.991713e+003
19,0,-3.851751e+003
19,1,-3.851753e+003
19,2,-3.851755e+003
19,3,-3.851686e+003
19,4,-3.851759e+003
19,5,-3.851761e+003
19,6,-3.851763e+003
19,7,-3.851765e+003
19,8,-3.851767e+003
19,9,-3.851769e+003
19,10,-3.851770e+003
19,11,-3.851843e+003
19,12,-3.851774e+003
19,13,-3.851776e+003
19,14,-3.851778e+003
19,15,-3.851780e+003
19,16,-3.851782e+003
19,17,-3.851855e+003
19,18,-3.851857e+003
19,19,-3.851788e+003
19,20,-3.851719e+003
19,21,-3.851792e+003
19,22,-3.851723e+003
19,23,-3.851725e+003
19,24,-3.851727e+003
19,25,-3.851729e+003
19,26,-3.851731e+003
19,27,-3.851733e+003
19,28,-3.851735e+003
19,29,-3.851666e+003
19,30,-3.851668e+003
19,31,-3.871574e+003
19,32,-3.882592e+003
19,33,-3.888927e+003
19,34,-3.894471e+003
19,35,-3.898288e+003
19,36,-3.900000e+003
19,37,-3.900895e+003
19,38,-3.901638e+003
19,39,-3.901926e+003
19,40,-3.901995e+003
19,41,-3.901954e+003
19,42,-3.902110e+003
19,43,-3.902189e+003
19,44,-3.902221e+003
19,45,-3.902246e+003
19,46,-3.902257e+003
19,47,-3.902335e+003
19,48,-3.902200e+003
19,49,-3.902208e+003
19,50,-3.902215e+003
20,0,-3.768418e+003
20,1,-3.768426e+003
20,2,-3.768433e+003
20,3,-3.768582e+003
20,4,-3.768589e+003
20,5,-3.768526e+003
20,6,-3.768322e+003
20,7,-3.768400e+003
20,8,-3.768408e+003
20,9,-3.768416e+003
20,10,-3.768353e+003
20,11,-3.768361e+003
20,12,-3.768299e+003
20,13,-3.768237e+003
20,14,-3.768175e+003
20,15,-3.768254e+003
20,16,-3.768263e+003
20,17,-3.768272e+003
20,18,-3.768281e+003
20,19,-3.768219e+003
20,20,-3.768228e+003
20,21,-3.768237e+003
20,22,-3.768247e+003
20,23,-3.768256e+003
20,24,-3.768265e+003
20,25,-3.768275e+003
20,26,-3.768214e+003
20,27,-3.768294e+003
20,28,-3.768304e+003
20,29,-3.768313e+003
20,30,-3.768323e+003
20,31,-3.768380e+003
20,32,-3.768390e+003
20,33,-3.768399e+003
20,34,-3.768409e+003
20,35,-3.768418e+003
20,36,-3.768428e+003
20,37,-3.768508e+003
20,38,-3.768517e+003
20,39,-3.768527e+003
20,40,-3.768536e+003
20,41,-3.768616e+003
20,42,-3.768554e+003
20,43,-3.768633e+003
20,44,-3.768784e+003
20,45,-3.768792e+003
20,46,-3.768801e+003
20,47,-3.768809e+003
20,48,-3.768817e+003
20,49,-3.768825e+003
20,50,-3.768763e+003
21,0,-3.629029e+003
21,1,-3.629036e+003
21,2,-3.629043e+003
21,3,-3.629027e+003
21,4,-3.629034e+003
21,5,-3.629041e+003
21,6,-3.628977e+003
21,7,-3.628984e+003
21,8,-3.628992e+003
21,9,-3.628999e+003
21,10,-3.629077e+003
21,11,-3.629013e+003
21,12,-3.629021e+003
21,13,-3.629002e+003
21,14,-3.629009e+003
21,15,-3.629017e+003
21,16,-3.629024e+003
21,17,-3.628961e+003
21,18,-3.628969e+003
21,19,-3.628976e+003
21,20,-3.628984e+003
21,21,-3.628992e+003
21,22,-3.629000e+003
21,23,-3.628866e+003
21,24,-3.628874e+003
21,25,-3.628811e+003
21,26,-3.628701e+003
21,27,-3.628709e+003
21,28,-3.628717e+003
21,29,-3.642324e+003
21,30,-3.654739e+003
21,31,-3.663229e+003
21,32,-3.672619e+003
21,33,-3.676966e+003
21,34,-3.679869e+003
21,35,-3.681650e+003
21,36,-3.683041e+003
21,37,-3.684048e+003
21,38,-3.684630e+003
21,39,-3.685189e+003
21,40,-3.685689e+003
21,41,-3.686352e+003
21,42,-3.686665e+003
21,43,-3.686866e+003
21,44,-3.687087e+003
21,45,-3.687286e+003
21,46,-3.687312e+003
21,47,-3.687373e+003
21,48,-3.687331e+003
21,49,-3.687487e+003
21,50,-3.687505e+003
22,0,-3.606206e+003
22,1,-3.606287e+003
22,2,-3.606579e+003
22,3,-3.606526e+003
22,4,-3.606613e+003
22,5,-3.606975e+003
22,6,-3.606922e+003
22,7,-3.606867e+003
22,8,-3.606884e+003
22,9,-3.606853e+003
22,10,-3.606940e+003
22,11,-3.606956e+003
22,12,-3.606972e+003
22,13,-3.607058e+003
22,14,-3.607074e+003
22,15,-3.607089e+003
22,16,-3.607104e+003
22,17,-3.607190e+003
22,18,-3.607204e+003
22,19,-3.606944e+003
22,20,-3.606958e+003
22,21,-3.606971e+003
22,22,-3.607055e+003
22,23,-3.607138e+003
22,24,-3.607151e+003
22,25,-3.607163e+003
22,26,-3.607175e+003
22,27,-3.607139e+003
22,28,-3.607103e+003
22,29,-3.607138e+003
22,30,-3.607150e+003
22,31,-3.607004e+003
22,32,-3.607016e+003
22,33,-3.607027e+003
22,34,-3.606992e+003
22,35,-3.607003e+003
22,36,-3.607015e+003
22,37,-3.607302e+003
22,38,-3.607288e+003
22,39,-3.607372e+003
22,40,-3.607385e+003
22,41,-3.607469e+003
22,42,-3.607411e+003
22,43,-3.607496e+003
22,44,-3.607510e+003
22,45,-3.607595e+003
22,46,-3.607609e+003
22,47,-3.607553e+003
22,48,-3.607567e+003
22,49,-3.607511e+003
22,50,-3.607525e+003
23,0,-3.559056e+003
23,1,-3.559142e+003
23,2,-3.559205e+003
23,3,-3.559221e+003
23,4,-3.559166e+003
23,5,-3.559183e+003
23,6,-3.559200e+003
23,7,-3.559218e+003
23,8,-3.559165e+003
23,9,-3.559184e+003
23,10,-3.559202e+003
23,11,-3.559151e+003
23,12,-3.559171e+003
23,13,-3.559261e+003
23,14,-3.559282e+003
23,15,-3.559302e+003
23,16,-3.559323e+003
23,17,-3.559344e+003
23,18,-3.559391e+003
23,19,-3.559365e+003
23,20,-3.559458e+003
23,21,-3.559291e+003
23,22,-3.559242e+003
23,23,-3.559406e+003
23,24,-3.559427e+003
23,25,-3.559449e+003
23,26,-3.559259e+003
23,27,-3.568705e+003
23,28,-3.574012e+003
23,29,-3.578134e+003
23,30,-3.584234e+003
23,31,-3.588201e+003
23,32,-3.590491e+003
23,33,-3.591792e+003
23,34,-3.592372e+003
23,35,-3.593497e+003
23,36,-3.594395e+003
23,37,-3.595031e+003
23,38,-3.595145e+003
23,39,-3.595443e+003
23,40,-3.595530e+003
23,41,-3.595849e+003
23,42,-3.595925e+003
23,43,-3.595960e+003
23,44,-3.595990e+003
23,45,-3.595939e+003
23,46,-3.595958e+003
23,47,-3.595906e+003
23,48,-3.595994e+003
23,49,-3.596011e+003
23,50,-3.596024e+003
24,0,-3.609141e+003
24,1,-3.609155e+003
24,2,-3.609099e+003
24,3,-3.609113e+003
24,4,-3.609128e+003
24,5,-3.609191e+003
24,6,-3.609207e+003
24,7,-3.609153e+003
24,8,-3.609098e+003
24,9,-3.609115e+003
24,10,-3.609154e+003
24,11,-3.609241e+003
24,12,-3.609185e+003
24,13,-3.609128e+003
24,14,-3.609141e+003
24,15,-3.609200e+003
24,16,-3.609115e+003
24,17,-3.609172e+003
24,18,-3.609182e+003
24,19,-3.609262e+003
24,20,-3.609200e+003
24,21,-3.609279e+003
24,22,-3.609288e+003
24,23,-3.609296e+003
24,24,-3.609278e+003
24,25,-3.609357e+003
24,26,-3.609295e+003
24,27,-3.609351e+003
24,28,-3.609431e+003
24,29,-3.609440e+003
24,30,-3.609591e+003
24,31,-3.609601e+003
24,32,-3.609611e+003
24,33,-3.609595e+003
24,34,-3.609605e+003
24,35,-3.609685e+003
24,36,-3.609722e+003
24,37,-3.609803e+003
24,38,-3.609813e+003
24,39,-3.609823e+003
24,40,-3.609859e+003
24,41,-3.609869e+003
24,42,-3.609950e+003
24,43,-3.609959e+003
24,44,-3.610039e+003
24,45,-3.610049e+003
24,46,-3.610057e+003
24,47,-3.610066e+003
24,48,-3.610145e+003
24,49,-3.610178e+003
24,50,-3.610282e+003
25,0,-3.659759e+003
25,1,-3.659767e+003
25,2,-3.659633e+003
25,3,-3.659642e+003
25,4,-3.659721e+003
25,5,-3.659827e+003
25,6,-3.659836e+003
25,7,-3.659775e+003
25,8,-3.659785e+003
25,9,-3.659892e+003
25,10,-3.659903e+003
25,11,-3.659844e+003
25,12,-3.659855e+003
25,13,-3.659867e+003
25,14,-3.659855e+003
25,15,-3.659868e+003
25,16,-3.659857e+003
25,17,-3.659799e+003
25,18,-3.659812e+003
25,19,-3.660013e+003
25,20,-3.660026e+003
25,21,-3.659968e+003
25,22,-3.660007e+003
25,23,-3.660090e+003
25,24,-3.660129e+003
25,25,-3.662933e+003
25,26,-3.664624e+003
25,27,-3.665612e+003
25,28,-3.666848e+003
25,29,-3.668105e+003
25,30,-3.669175e+003
25,31,-3.669849e+003
25,32,-3.670478e+003
25,33,-3.670898e+003
25,34,-3.671170e+003
25,35,-3.671230e+003
25,36,-3.671384e+003
25,37,-3.671597e+003
25,38,-3.671601e+003
25,39,-3.671653e+003
25,40,-3.671785e+003
25,41,-3.671837e+003
25,42,-3.672028e+003
25,43,-3.672074e+003
25,44,-3.672192e+003
25,45,-3.672304e+003
25,46,-3.672332e+003
25,47,-3.672425e+003
25,48,-3.672563e+003
25,49,-3.672576e+003
25,50,-3.672658e+003
26,0,-3.739809e+003
26,1,-3.739750e+003
26,2,-3.739761e+003
26,3,-3.739772e+003
26,4,-3.739854e+003
26,5,-3.739866e+003
26,6,-3.739878e+003
26,7,-3.739890e+003
26,8,-3.739973e+003
26,9,-3.739986e+003
26,10,-3.739928e+003
26,11,-3.739870e+003
26,12,-3.739931e+003
26,13,-3.739945e+003
26,14,-3.740030e+003
26,15,-3.740091e+003
26,16,-3.740106e+003
26,17,-3.740003e+003
26,18,-3.739876e+003
26,19,-3.739891e+003
26,20,-3.739906e+003
26,21,-3.739662e+003
26,22,-3.739678e+003
26,23,-3.739694e+003
26,24,-3.739709e+003
26,25,-3.739725e+003
26,26,-3.739741e+003
26,27,-3.739615e+003
26,28,-3.739631e+003
26,29,-3.739647e+003
26,30,-3.739663e+003
26,31,-3.739678e+003
26,32,-3.739694e+003
26,33,-3.739686e+003
26,34,-3.739701e+003
26,35,-3.739787e+003
26,36,-3.739802e+003
26,37,-3.739842e+003
26,38,-3.739786e+003
26,39,-3.739800e+003
26,40,-3.739742e+003
26,41,-3.739755e+003
26,42,-3.739767e+003
26,43,-3.739638e+003
26,44,-3.739649e+003
26,45,-3.739660e+003
26,46,-3.739718e+003
26,47,-3.739728e+003
26,48,-3.739737e+003
26,49,-3.739675e+003
26,50,-3.739684e+003
27,0,-3.814734e+003
27,1,-3.814744e+003
27,2,-3.814753e+003
27,3,-3.814716e+003
27,4,-3.814679e+003
27,5,-3.814690e+003
27,6,-3.814773e+003
27,7,-3.814714e+003
27,8,-3.814727e+003
27,9,-3.814740e+003
27,10,-3.814754e+003
27,11,-3.814768e+003
27,12,-3.814783e+003
27,13,-3.814846e+003
27,14,-3.814910e+003
27,15,-3.814856e+003
27,16,-3.814874e+003
27,17,-3.815010e+003
27,18,-3.815028e+003
27,19,-3.815048e+003
27,20,-3.815114e+003
27,21,-3.815135e+003
27,22,-3.815084e+003
27,23,-3.824789e+003
27,24,-3.828968e+003
27,25,-3.833184e+003
27,26,-3.836970e+003
27,27,-3.839024e+003
27,28,-3.840732e+003
27,29,-3.841524e+003
27,30,-3.841997e+003
27,31,-3.842680e+003
27,32,-3.843367e+003
27,33,-3.843869e+003
27,34,-3.844103e+003
27,35,-3.844238e+003
27,36,-3.844330e+003
27,37,-3.844400e+003
27,38,-3.844557e+003
27,39,-3.844546e+003
27,40,-3.844551e+003
27,41,-3.844520e+003
27,42,-3.844622e+003
27,43,-3.844724e+003
27,44,-3.844760e+003
27,45,-3.844748e+003
27,46,-3.844701e+003
27,47,-3.844729e+003
27,48,-3.844714e+003
27,49,-3.844664e+003
27,50,-3.844539e+003
28,0,-3.922392e+003
28,1,-3.922409e+003
28,2,-3.922496e+003
28,3,-3.922417e+003
28,4,-3.922638e+003
28,5,-3.922633e+003
28,6,-3.922581e+003
28,7,-3.922600e+003
28,8,-3.922620e+003
28,9,-3.922569e+003
28,10,-3.922864e+003
28,11,-3.922885e+003
28,12,-3.922765e+003
28,13,-3.922716e+003
28,14,-3.922753e+003
28,15,-3.923254e+003
28,16,-3.923088e+003
28,17,-3.922992e+003
28,18,-3.922968e+003
28,19,-3.922943e+003
28,20,-3.923036e+003
28,21,-3.922941e+003
28,22,-3.923034e+003
28,23,-3.922986e+003
28,24,-3.922891e+003
28,25,-3.922867e+003
28,26,-3.923031e+003
28,27,-3.923054e+003
28,28,-3.923078e+003
28,29,-3.923172e+003
28,30,-3.923077e+003
28,31,-3.923030e+003
28,32,-3.923054e+003
28,33,-3.923007e+003
28,34,-3.923030e+003
28,35,-3.922982e+003
28,36,-3.922934e+003
28,37,-3.922886e+003
28,38,-3.922978e+003
28,39,-3.922999e+003
28,40,-3.922878e+003
28,41,-3.922898e+003
28,42,-3.922916e+003
28,43,-3.922934e+003
28,44,-3.922809e+003
28,45,-3.922826e+003
28,46,-3.922794e+003
28,47,-3.922808e+003
28,48,-3.922822e+003
28,49,-3.922836e+003
28,50,-3.922848e+003
29,0,-3.989289e+003
29,1,-3.989303e+003
29,2,-3.989389e+003
29,3,-3.989452e+003
29,4,-3.989468e+003
29,5,-3.989415e+003
29,6,-3.989505e+003
29,7,-3.989595e+003
29,8,-3.989474e+003
29,9,-3.989425e+003
29,10,-3.989518e+003
29,11,-3.989542e+003
29,12,-3.989566e+003
29,13,-3.989592e+003
29,14,-3.989547e+003
29,15,-3.989503e+003
29,16,-3.989530e+003
29,17,-3.989487e+003
29,18,-3.989515e+003
29,19,-3.989472e+003
29,20,-3.989430e+003
29,21,-3.997223e+003
29,22,-4.001368e+003
29,23,-4.005579e+003
29,24,-4.009984e+003
29,25,-4.012249e+003
29,26,-4.014049e+003
29,27,-4.014835e+003
29,28,-4.016074e+003
29,29,-4.016963e+003
29,30,-4.017707e+003
29,31,-4.017942e+003
29,32,-4.018311e+003
29,33,-4.018817e+003
29,34,-4.019202e+003
29,35,-4.019297e+003
29,36,-4.019556e+003
29,37,-4.019977e+003
29,38,-4.020595e+003
29,39,-4.021060e+003
29,40,-4.021467e+003
29,41,-4.021933e+003
29,42,-4.022524e+003
29,43,-4.022775e+003
29,44,-4.022831e+003
29,45,-4.023181e+003
29,46,-4.023361e+003
29,47,-4.023534e+003
29,48,-4.023560e+003
29,49,-4.023615e+003
29,50,-4.023652e+003
30,0,-4.084791e+003
30,1,-4.084761e+003
30,2,-4.084803e+003
30,3,-4.084848e+003
30,4,-4.084898e+003
30,5,-4.085022e+003
30,6,-4.085079e+003
30,7,-4.085140e+003
30,8,-4.085204e+003
30,9,-4.085269e+003
30,10,-4.085408e+003
30,11,-4.085477e+003
30,12,-4.085620e+003
30,13,-4.085766e+003
30,14,-4.085984e+003
30,15,-4.085852e+003
30,16,-4.085658e+003
30,17,-4.085598e+003
30,18,-4.085746e+003
30,19,-4.085890e+003
30,20,-4.086028e+003
30,21,-4.086231e+003
30,22,-4.086013e+003
30,23,-4.086003e+003
30,24,-4.086052e+003
30,25,-4.086169e+003
30,26,-4.086074e+003
30,27,-4.086192e+003
30,28,-4.086242e+003
30,29,-4.086082e+003
30,30,-4.086420e+003
30,31,-4.086546e+003
30,32,-4.086601e+003
30,33,-4.086795e+003
30,34,-4.086843e+003
30,35,-4.086887e+003
30,36,-4.086878e+003
30,37,-4.086983e+003
30,38,-4.087084e+003
30,39,-4.087040e+003
30,40,-4.087136e+003
30,41,-4.087231e+003
30,42,-4.087466e+003
30,43,-4.087464e+003
30,44,-4.087417e+003
30,45,-4.087511e+003
30,46,-4.087676e+003
30,47,-4.087771e+003
30,48,-4.087793e+003
30,49,-4.087885e+003
30,50,-4.088047e+003
31,0,-4.134366e+003
31,1,-4.134388e+003
31,2,-4.134482e+003
31,3,-4.134603e+003
31,4,-4.134628e+003
31,5,-4.134655e+003
31,6,-4.134683e+003
31,7,-4.134711e+003
31,8,-4.134810e+003
31,9,-4.134839e+003
31,10,-4.134937e+003
31,11,-4.135036e+003
31,12,-4.135062e+003
31,13,-4.135159e+003
31,14,-4.135255e+003
31,15,-4.135351e+003
31,16,-4.135235e+003
31,17,-4.135330e+003
31,18,-4.135426e+003
31,19,-4.137309e+003
31,20,-4.138472e+003
31,21,-4.139087e+003
31,22,-4.139860e+003
31,23,-4.140253e+003
31,24,-4.140666e+003
31,25,-4.141037e+003
31,26,-4.141336e+003
31,27,-4.141727e+003
31,28,-4.141955e+003
31,29,-4.142159e+003
31,30,-4.142193e+003
31,31,-4.142157e+003
31,32,-4.142220e+003
31,33,-4.142416e+003
31,34,-4.142479e+003
31,35,-4.142468e+003
31,36,-4.142496e+003
31,37,-4.142589e+003
31,38,-4.142629e+003
31,39,-4.142953e+003
31,40,-4.143051e+003
31,41,-4.143146e+003
31,42,-4.143204e+003
31,43,-4.143253e+003
31,44,-4.143282e+003
31,45,-4.143236e+003
31,46,-4.143258e+003
31,47,-4.143281e+003
31,48,-4.143292e+003
31,49,-4.143301e+003
31,50,-4.143308e+003
32,0,-4.168839e+003
32,1,-4.168846e+003
32,2,-4.168854e+003
32,3,-4.168862e+003
32,4,-4.168871e+003
32,5,-4.168880e+003
32,6,-4.168890e+003
32,7,-4.168901e+003
32,8,-4.168982e+003
32,9,-4.168993e+003
32,10,-4.169003e+003
32,11,-4.169084e+003
32,12,-4.169025e+003
32,13,-4.169036e+003
32,14,-4.168952e+003
32,15,-4.168894e+003
32,16,-4.168906e+003
32,17,-4.168918e+003
32,18,-4.168860e+003
32,19,-4.168872e+003
32,20,-4.168883e+003
32,21,-4.168894e+003
32,22,-4.168904e+003
32,23,-4.168914e+003
32,24,-4.168898e+003
32,25,-4.168908e+003
32,26,-4.168821e+003
32,27,-4.168831e+003
32,28,-4.168841e+003
32,29,-4.168781e+003
32,30,-4.168863e+003
32,31,-4.168803e+003
32,32,-4.168743e+003
32,33,-4.168752e+003
32,34,-4.168690e+003
32,35,-4.168628e+003
32,36,-4.168564e+003
32,37,-4.168570e+003
32,38,-4.168576e+003
32,39,-4.168511e+003
32,40,-4.168516e+003
32,41,-4.168522e+003
32,42,-4.168527e+003
32,43,-4.168533e+003
32,44,-4.168610e+003
32,45,-4.168616e+003
32,46,-4.168693e+003
32,47,-4.168700e+003
32,48,-4.168776e+003
32,49,-4.168782e+003
32,50,-4.168717e+003
33,0,-4.184938e+003
33,1,-4.184945e+003
33,2,-4.185022e+003
33,3,-4.184959e+003
33,4,-4.184966e+003
33,5,-4.184975e+003
33,6,-4.184983e+003
33,7,-4.184991e+003
33,8,-4.184999e+003
33,9,-4.184936e+003
33,10,-4.184967e+003
33,11,-4.184974e+003
33,12,-4.184980e+003
33,13,-4.185057e+003
33,14,-4.185063e+003
33,15,-4.184999e+003
33,16,-4.185004e+003
33,17,-4.185454e+003
33,18,-4.185702e+003
33,19,-4.185857e+003
33,20,-4.185991e+003
33,21,-4.186144e+003
33,22,-4.186371e+003
33,23,-4.186680e+003
33,24,-4.186714e+003
33,25,-4.186870e+003
33,26,-4.187201e+003
33,27,-4.187087e+003
33,28,-4.187104e+003
33,29,-4.187122e+003
33,30,-4.187215e+003
33,31,-4.187375e+003
33,32,-4.187538e+003
33,33,-4.187564e+003
33,34,-4.187591e+003
33,35,-4.187677e+003
33,36,-4.187762e+003
33,37,-4.187778e+003
33,38,-4.187792e+003
33,39,-4.187805e+003
33,40,-4.187816e+003
33,41,-4.187897e+003
33,42,-4.188046e+003
33,43,-4.188100e+003
33,44,-4.188133e+003
33,45,-4.188139e+003
33,46,-4.188143e+003
33,47,-4.188146e+003
33,48,-4.188149e+003
33,49,-4.188150e+003
33,50,-4.188151e+003
34,0,-4.191064e+003
34,1,-4.191065e+003
34,2,-4.191066e+003
34,3,-4.191067e+003
34,4,-4.191068e+003
34,5,-4.191116e+003
34,6,-4.191118e+003
34,7,-4.191119e+003
34,8,-4.191049e+003
34,9,-4.191051e+003
34,10,-4.191052e+003
34,11,-4.191054e+003
34,12,-4.191055e+003
34,13,-4.190986e+003
34,14,-4.190916e+003
34,15,-4.190847e+003
34,16,-4.190848e+003
34,17,-4.190849e+003
34,18,-4.190851e+003
34,19,-4.190781e+003
34,20,-4.190782e+003
34,21,-4.190712e+003
34,22,-4.190643e+003
34,23,-4.190573e+003
34,24,-4.190574e+003
34,25,-4.190575e+003
34,26,-4.190576e+003
34,27,-4.190577e+003
34,28,-4.190578e+003
34,29,-4.190650e+003
34,30,-4.190651e+003
34,31,-4.190652e+003
34,32,-4.190626e+003
34,33,-4.190627e+003
34,34,-4.190628e+003
34,35,-4.190629e+003
34,36,-4.190630e+003
34,37,-4.190560e+003
34,38,-4.190491e+003
34,39,-4.190491e+003
34,40,-4.190492e+003
34,41,-4.190422e+003
34,42,-4.190423e+003
34,43,-4.190424e+003
34,44,-4.190424e+003
34,45,-4.190425e+003
34,46,-4.190425e+003
34,47,-4.190426e+003
34,48,-4.190426e+003
34,49,-4.190427e+003
34,50,-4.190427e+003
35,0,-4.192275e+003
35,1,-4.192276e+003
35,2,-4.192277e+003
35,3,-4.192277e+003
35,4,-4.192278e+003
35,5,-4.192279e+003
35,6,-4.192350e+003
35,7,-4.192351e+003
35,8,-4.192352e+003
35,9,-4.192352e+003
35,10,-4.192353e+003
35,11,-4.192306e+003
35,12,-4.192307e+003
35,13,-4.192308e+003
35,14,-4.192308e+003
35,15,-4.192332e+003
35,16,-4.192284e+003
35,17,-4.192291e+003
35,18,-4.192299e+003
35,19,-4.192303e+003
35,20,-4.192237e+003
35,21,-4.192311e+003
35,22,-4.192389e+003
35,23,-4.192394e+003
35,24,-4.192397e+003
35,25,-4.192423e+003
35,26,-4.192495e+003
35,27,-4.192496e+003
35,28,-4.192497e+003
35,29,-4.192498e+003
35,30,-4.192569e+003
35,31,-4.192641e+003
35,32,-4.192643e+003
35,33,-4.192644e+003
35,34,-4.192575e+003
35,35,-4.192646e+003
35,36,-4.192717e+003
35,37,-4.192718e+003
35,38,-4.192649e+003
35,39,-4.192649e+003
35,40,-4.192650e+003
35,41,-4.192650e+003
35,42,-4.192651e+003
35,43,-4.192651e+003
35,44,-4.192651e+003
35,45,-4.192651e+003
35,46,-4.192651e+003
35,47,-4.192651e+003
35,48,-4.192651e+003
35,49,-4.192651e+003
35,50,-4.192651e+003
36,0,-4.192461e+003
36,1,-4.192461e+003
36,2,-4.192461e+003
36,3,-4.192461e+003
36,4,-4.192461e+003
36,5,-4.192461e+003
36,6,-4.192461e+003
36,7,-4.192461e+003
36,8,-4.192391e+003
36,9,-4.192391e+003
36,10,-4.192391e+003
36,11,-4.192391e+003
36,12,-4.192391e+003
36,13,-4.192391e+003
36,14,-4.192391e+003
36,15,-4.192391e+003
36,16,-4.192391e+003
36,17,-4.192391e+003
36,18,-4.192391e+003
36,19,-4.192391e+003
36,20,-4.192391e+003
36,21,-4.192391e+003
36,22,-4.192391e+003
36,23,-4.192391e+003
36,24,-4.192392e+003
36,25,-4.192392e+003
36,26,-4.192392e+003
36,27,-4.192392e+003
36,28,-4.192392e+003
36,29,-4.192392e+003
36,30,-4.192392e+003
36,31,-4.192392e+003
36,32,-4.192392e+003
36,33,-4.192392e+003
36,34,-4.192392e+003
36,35,-4.192392e+003
36,36,-4.192392e+003
36,37,-4.192392e+003
36,38,-4.192392e+003
36,39,-4.192392e+003
36,40,-4.192392e+003
36,41,-4.192393e+003
36,42,-4.192393e+003
36,43,-4.192393e+003
36,44,-4.192393e+003
36,45,-4.192393e+003
36,46,-4.192393e+003
36,47,-4.192393e+003
36,48,-4.192322e+003
36,49,-4.192322e+003
36,50,-4.192252e+003
37,0,-4.189471e+003
37,1,-4.189471e+003
37,2,-4.189471e+003
37,3,-4.189471e+003
37,4,-4.189471e+003
37,5,-4.189400e+003
37,6,-4.189400e+003
37,7,-4.189400e+003
37,8,-4.189400e+003
37,9,-4.189400e+003
37,10,-4.189330e+003
37,11,-4.189188e+003
37,12,-4.189189e+003
37,13,-4.189191e+003
37,14,-4.189263e+003
37,15,-4.189334e+003
37,16,-4.189335e+003
37,17,-4.189335e+003
37,18,-4.189407e+003
37,19,-4.189407e+003
37,20,-4.189407e+003
37,21,-4.189408e+003
37,22,-4.189408e+003
37,23,-4.189408e+003
37,24,-4.189408e+003
37,25,-4.189408e+003
37,26,-4.189408e+003
37,27,-4.189408e+003
37,28,-4.189408e+003
37,29,-4.189408e+003
37,30,-4.189409e+003
37,31,-4.189338e+003
37,32,-4.189338e+003
37,33,-4.189338e+003
37,34,-4.189338e+003
37,35,-4.189338e+003
37,36,-4.189338e+003
37,37,-4.189338e+003
37,38,-4.189338e+003
37,39,-4.189339e+003
37,40,-4.189409e+003
37,41,-4.189409e+003
37,42,-4.189410e+003
37,43,-4.189339e+003
37,44,-4.189339e+003
37,45,-4.189339e+003
37,46,-4.189339e+003
37,47,-4.189339e+003
37,48,-4.189387e+003
37,49,-4.189387e+003
37,50,-4.189387e+003
38,0,-4.187296e+003
38,1,-4.187297e+003
38,2,-4.187297e+003
38,3,-4.187297e+003
38,4,-4.187297e+003
38,5,-4.187297e+003
38,6,-4.187368e+003
38,7,-4.187368e+003
38,8,-4.187368e+003
38,9,-4.187342e+003
38,10,-4.187342e+003
38,11,-4.187342e+003
38,12,-4.187342e+003
38,13,-4.187272e+003
38,14,-4.187272e+003
38,15,-4.187201e+003
38,16,-4.187201e+003
38,17,-4.187201e+003
38,18,-4.187201e+003
38,19,-4.187201e+003
38,20,-4.187201e+003
38,21,-4.187201e+003
38,22,-4.187202e+003
38,23,-4.187202e+003
38,24,-4.187202e+003
38,25,-4.187202e+003
38,26,-4.187131e+003
38,27,-4.187131e+003
38,28,-4.187061e+003
38,29,-4.187061e+003
38,30,-4.187061e+003
38,31,-4.187061e+003
38,32,-4.187061e+003
38,33,-4.187061e+003
38,34,-4.187062e+003
38,35,-4.187062e+003
38,36,-4.187133e+003
38,37,-4.187133e+003
38,38,-4.187133e+003
38,39,-4.187133e+003
38,40,-4.187133e+003
38,41,-4.187134e+003
38,42,-4.187134e+003
38,43,-4.187134e+003
38,44,-4.187134e+003
38,45,-4.187205e+003
38,46,-4.187205e+003
38,47,-4.187206e+003
38,48,-4.187135e+003
38,49,-4.187135e+003
38,50,-4.187136e+003
39,0,-4.189807e+003
39,1,-4.189807e+003
39,2,-4.189807e+003
39,3,-4.189808e+003
39,4,-4.189808e+003
39,5,-4.189949e+003
39,6,-4.189950e+003
39,7,-4.190021e+003
39,8,-4.190021e+003
39,9,-4.190021e+003
39,10,-4.190021e+003
39,11,-4.190022e+003
39,12,-4.189952e+003
39,13,-4.189953e+003
39,14,-4.189953e+003
39,15,-4.189953e+003
39,16,-4.189954e+003
39,17,-4.189883e+003
39,18,-4.189883e+003
39,19,-4.189883e+003
39,20,-4.189883e+003
39,21,-4.189883e+003
39,22,-4.189883e+003
39,23,-4.189883e+003
39,24,-4.189883e+003
39,25,-4.189883e+003
39,26,-4.189884e+003
39,27,-4.189884e+003
39,28,-4.189884e+003
39,29,-4.189884e+003
39,30,-4.189884e+003
39,31,-4.189884e+003
39,32,-4.189884e+003
39,33,-4.189884e+003
39,34,-4.189884e+003
39,35,-4.189884e+003
39,36,-4.189884e+003
39,37,-4.189884e+003
39,38,-4.189884e+003
39,39,-4.189884e+003
39,40,-4.189884e+003
39,41,-4.189884e+003
39,42,-4.189884e+003
39,43,-4.189884e+003
39,44,-4.189884e+003
39,45,-4.189884e+003
39,46,-4.189884e+003
39,47,-4.189884e+003
39,48,-4.189884e+003
39,49,-4.189884e+003
39,50,-4.189884e+003
40,0,-4.189763e+003
40,1,-4.189763e+003
40,2,-4.189763e+003
40,3,-4.189834e+003
40,4,-4.189834e+003
40,5,-4.189834e+003
40,6,-4.189860e+003
40,7,-4.189860e+003
40,8,-4.189860e+003
40,9,-4.189860e+003
40,10,-4.189860e+003
40,11,-4.189860e+003
40,12,-4.189860e+003
40,13,-4.189860e+003
40,14,-4.189860e+003
40,15,-4.189860e+003
40,16,-4.189860e+003
40,17,-4.189860e+003
40,18,-4.189860e+003
40,19,-4.189789e+003
40,20,-4.189790e+003
40,21,-4.189790e+003
40,22,-4.189790e+003
40,23,-4.189790e+003
40,24,-4.189790e+003
40,25,-4.189790e+003
40,26,-4.189790e+003
40,27,-4.189790e+003
40,28,-4.189790e+003
40,29,-4.189790e+003
40,30,-4.189790e+003
40,31,-4.189790e+003
40,32,-4.189790e+003
40,33,-4.189790e+003
40,34,-4.189790e+003
40,35,-4.189790e+003
40,36,-4.189790e+003
40,37,-4.189790e+003
40,38,-4.189790e+003
40,39,-4.189790e+003
40,40,-4.189790e+003
40,41,-4.189790e+003
40,42,-4.189790e+003
40,43,-4.189790e+003
40,44,-4.189790e+003
40,45,-4.189790e+003
40,46,-4.189790e+003
40,47,-4.189790e+003
40,48,-4.189790e+003
40,49,-4.189790e+003
40,50,-4.189861e+003
41,0,-4.192430e+003
41,1,-4.192430e+003
41,2,-4.192430e+003
41,3,-4.192430e+003
41,4,-4.192430e+003
41,5,-4.192430e+003
41,6,-4.192430e+003
41,7,-4.192430e+003
41,8,-4.192430e+003
41,9,-4.192431e+003
41,10,-4.192432e+003
41,11,-4.192432e+003
41,12,-4.192503e+003
41,13,-4.192433e+003
41,14,-4.192433e+003
41,15,-4.192433e+003
41,16,-4.192433e+003
41,17,-4.192433e+003
41,18,-4.192433e+003
41,19,-4.192433e+003
41,20,-4.192433e+003
41,21,-4.192433e+003
41,22,-4.192433e+003
41,23,-4.192433e+003
41,24,-4.192433e+003
41,25,-4.192433e+003
41,26,-4.192433e+003
41,27,-4.192433e+003
41,28,-4.192433e+003
41,29,-4.192433e+003
41,30,-4.192433e+003
41,31,-4.192433e+003
41,32,-4.192362e+003
41,33,-4.192362e+003
41,34,-4.192362e+003
41,35,-4.192362e+003
41,36,-4.192362e+003
41,37,-4.192363e+003
41,38,-4.192363e+003
41,39,-4.192363e+003
41,40,-4.192363e+003
41,41,-4.192363e+003
41,42,-4.192363e+003
41,43,-4.192363e+003
41,44,-4.192363e+003
41,45,-4.192363e+003
41,46,-4.192363e+003
41,47,-4.192363e+003
41,48,-4.192363e+003
41,49,-4.192363e+003
41,50,-4.192363e+003
42,0,-4.192341e+003
42,1,-4.192341e+003
42,2,-4.192341e+003
42,3,-4.192341e+003
42,4,-4.192341e+003
42,5,-4.192341e+003
42,6,-4.192341e+003
42,7,-4.192341e+003
42,8,-4.192341e+003
42,9,-4.192341e+003
42,10,-4.192341e+003
42,11,-4.192341e+003
42,12,-4.192341e+003
42,13,-4.192341e+003
42,14,-4.192341e+003
42,15,-4.192341e+003
42,16,-4.192341e+003
42,17,-4.192341e+003
42,18,-4.192341e+003
42,19,-4.192341e+003
42,20,-4.192341e+003
42,21,-4.192341e+003
42,22,-4.192341e+003
42,23,-4.192341e+003
42,24,-4.192341e+003
42,25,-4.192341e+003
42,26,-4.192341e+003
42,27,-4.192341e+003
42,28,-4.192341e+003
42,29,-4.192341e+003
42,30,-4.192341e+003
42,31,-4.192341e+003
42,32,-4.192341e+003
42,33,-4.192271e+003
42,34,-4.192271e+003
42,35,-4.192271e+003
42,36,-4.192271e+003
42,37,-4.192271e+003
42,38,-4.192271e+003
42,39,-4.192271e+003
42,40,-4.192271e+003
42,41,-4.192271e+003
42,42,-4.192271e+003
42,43,-4.192271e+003
42,44,-4.192271e+003
42,45,-4.192271e+003
42,46,-4.192271e+003
42,47,-4.192271e+003
42,48,-4.192341e+003
42,49,-4.192271e+003
42,50,-4.192271e+003
43,0,-4.189085e+003
43,1,-4.189085e+003
43,2,-4.189085e+003
43,3,-4.189085e+003
43,4,-4.189085e+003
43,5,-4.189085e+003
43,6,-4.189085e+003
43,7,-4.189087e+003
43,8,-4.189089e+003
43,9,-4.189090e+003
43,10,-4.189091e+003
43,11,-4.189021e+003
43,12,-4.189092e+003
43,13,-4.189092e+003
43,14,-4.189021e+003
43,15,-4.189022e+003
43,16,-4.189022e+003
43,17,-4.189022e+003
43,18,-4.189022e+003
43,19,-4.189022e+003
43,20,-4.189022e+003
43,21,-4.189022e+003
43,22,-4.189022e+003
43,23,-4.189022e+003
43,24,-4.189022e+003
43,25,-4.189022e+003
43,26,-4.189022e+003
43,27,-4.189022e+003
43,28,-4.189022e+003
43,29,-4.189022e+003
43,30,-4.189022e+003
43,31,-4.189022e+003
43,32,-4.189022e+003
43,33,-4.189022e+003
43,34,-4.189022e+003
43,35,-4.189022e+003
43,36,-4.189022e+003
43,37,-4.189022e+003
43,38,-4.189022e+003
43,39,-4.189022e+003
43,40,-4.189022e+003
43,41,-4.188952e+003
43,42,-4.188952e+003
43,43,-4.188952e+003
43,44,-4.188952e+003
43,45,-4.188952e+003
43,46,-4.188952e+003
43,47,-4.188952e+003
43,48,-4.188952e+003
43,49,-4.188952e+003
43,50,-4.188952e+003
44,0,-4.188380e+003
44,1,-4.188380e+003
44,2,-4.188380e+003
44,3,-4.188380e+003
44,4,-4.188380e+003
44,5,-4.188380e+003
44,6,-4.188380e+003
44,7,-4.188380e+003
44,8,-4.188380e+003
44,9,-4.188380e+003
44,10,-4.188380e+003
44,11,-4.188380e+003
44,12,-4.188380e+003
44,13,-4.188380e+003
44,14,-4.188380e+003
44,15,-4.188380e+003
44,16,-4.188380e+003
44,17,-4.188380e+003
44,18,-4.188380e+003
44,19,-4.188380e+003
44,20,-4.188380e+003
44,21,-4.188380e+003
44,22,-4.188380e+003
44,23,-4.188380e+003
44,24,-4.188380e+003
44,25,-4.188380e+003
44,26,-4.188380e+003
44,27,-4.188380e+003
44,28,-4.188380e+003
44,29,-4.188380e+003
44,30,-4.188380e+003
44,31,-4.188380e+003
44,32,-4.188380e+003
44,33,-4.188380e+003
44,34,-4.188380e+003
44,35,-4.188380e+003
44,36,-4.188380e+003
44,37,-4.188380e+003
44,38,-4.188380e+003
44,39,-4.188380e+003
44,40,-4.188380e+003
44,41,-4.188380e+003
44,42,-4.188380e+003
44,43,-4.188380e+003
44,44,-4.188380e+003
44,45,-4.188380e+003
44,46,-4.188380e+003
44,47,-4.188380e+003
44,48,-4.188380e+003
44,49,-4.188380e+003
44,50,-4.188380e+003
45,0,-4.188094e+003
45,1,-4.188094e+003
45,2,-4.188094e+003
45,3,-4.188024e+003
45,4,-4.188024e+003
45,5,-4.188096e+003
45,6,-4.188098e+003
45,7,-4.188170e+003
45,8,-4.188170e+003
45,9,-4.188171e+003
45,10,-4.188171e+003
45,11,-4.188171e+003
45,12,-4.188172e+003
45,13,-4.188172e+003
45,14,-4.188172e+003
45,15,-4.188172e+003
45,16,-4.188172e+003
45,17,-4.188172e+003
45,18,-4.188172e+003
45,19,-4.188172e+003
45,20,-4.188172e+003
45,21,-4.188172e+003
45,22,-4.188172e+003
45,23,-4.188172e+003
45,24,-4.188172e+003
45,25,-4.188172e+003
45,26,-4.188172e+003
45,27,-4.188172e+003
45,28,-4.188172e+003
45,29,-4.188172e+003
45,30,-4.188172e+003
45,31,-4.188172e+003
45,32,-4.188172e+003
45,33,-4.188172e+003
45,34,-4.188172e+003
45,35,-4.188172e+003
45,36,-4.188172e+003
45,37,-4.188172e+003
45,38,-4.188172e+003
45,39,-4.188172e+003
45,40,-4.188172e+003
45,41,-4.188172e+003
45,42,-4.188172e+003
45,43,-4.188172e+003
45,44,-4.188172e+003
45,45,-4.188172e+003
45,46,-4.188172e+003
45,47,-4.188172e+003
45,48,-4.188172e+003
45,49,-4.188172e+003
45,50,-4.188172e+003
46,0,-4.185102e+003
46,1,-4.185102e+003
46,2,-4.185102e+003
46,3,-4.185102e+003
46,4,-4.185102e+003
46,5,-4.185102e+003
46,6,-4.185102e+003
46,7,-4.185102e+003
46,8,-4.185102e+003
46,9,-4.185102e+003
46,10,-4.185102e+003
46,11,-4.185102e+003
46,12,-4.185102e+003
46,13,-4.185102e+003
46,14,-4.185102e+003
46,15,-4.185102e+003
46,16,-4.185102e+003
46,17,-4.185102e+003
46,18,-4.185102e+003
46,19,-4.185102e+003
46,20,-4.185102e+003
46,21,-4.185102e+003
46,22,-4.185102e+003
46,23,-4.185102e+003
46,24,-4.185102e+003
46,25,-4.185102e+003
46,26,-4.185102e+003
46,27,-4.185102e+003
46,28,-4.185102e+003
46,29,-4.185102e+003
46,30,-4.185102e+003
46,31,-4.185102e+003
46,32,-4.185102e+003
46,33,-4.185102e+003
46,34,-4.185102e+003
46,35,-4.185102e+003
46,36,-4.185102e+003
46,37,-4.185102e+003
46,38,-4.185102e+003
46,39,-4.185102e+003
46,40,-4.185102e+003
46,41,-4.185102e+003
46,42,-4.185102e+003
46,43,-4.185102e+003
46,44,-4.185102e+003
46,45,-4.185102e+003
46,46,-4.185102e+003
46,47,-4.185102e+003
46,48,-4.185102e+003
46,49,-4.185102e+003
46,50,-4.185102e+003
47,0,-4.188209e+003
47,1,-4.188209e+003
47,2,-4.188209e+003
47,3,-4.188210e+003
47,4,-4.188211e+003
47,5,-4.188211e+003
47,6,-4.188211e+003
47,7,-4.188211e+003
47,8,-4.188212e+003
47,9,-4.188212e+003
47,10,-4.188212e+003
47,11,-4.188212e+003
47,12,-4.188212e+003
47,13,-4.188212e+003
47,14,-4.188212e+003
47,15,-4.188212e+003
47,16,-4.188212e+003
47,17,-4.188212e+003
47,18,-4.188212e+003
47,19,-4.188212e+003
47,20,-4.188212e+003
47,21,-4.188212e+003
47,22,-4.188212e+003
47,23,-4.188212e+003
47,24,-4.188212e+003
47,25,-4.188212e+003
47,26,-4.188212e+003
47,27,-4.188212e+003
47,28,-4.188212e+003
47,29,-4.188212e+003
47,30,-4.188212e+003
47,31,-4.188212e+003
47,32,-4.188212e+003
47,33,-4.188212e+003
47,34,-4.188212e+003
47,35,-4.188212e+003
47,36,-4.188212e+003
47,37,-4.188212e+003
47,38,-4.188212e+003
47,39,-4.188212e+003
47,40,-4.188212e+003
47,41,-4.188212e+003
47,42,-4.188212e+003
47,43,-4.188212e+003
47,44,-4.188212e+003
47,45,-4.188212e+003
47,46,-4.188212e+003
47,47,-4.188212e+003
47,48,-4.188212e+003
47,49,-4.188212e+003
47,50,-4.188212e+003
48,0,-4.188634e+003
48,1,-4.188634e+003
48,2,-4.188634e+003
48,3,-4.188634e+003
48,4,-4.188634e+003
48,5,-4.188634e+003
48,6,-4.188634e+003
48,7,-4.188634e+003
48,8,-4.188634e+003
48,9,-4.188634e+003
48,10,-4.188634e+003
48,11,-4.188634e+003
48,12,-4.188634e+003
48,13,-4.188634e+003
48,14,-4.188634e+003
48,15,-4.188634e+003
48,16,-4.188634e+003
48,17,-4.188634e+003
48,18,-4.188634e+003
48,19,-4.188634e+003
48,20,-4.188634e+003
48,21,-4.188634e+003
48,22,-4.188634e+003
48,23,-4.188634e+003
48,24,-4.188634e+003
48,25,-4.188634e+003
48,26,-4.188634e+003
48,27,-4.188634e+003
48,28,-4.188634e+003
48,29,-4.188634e+003
48,30,-4.188634e+003
48,31,-4.188634e+003
48,32,-4.188634e+003
48,33,-4.188634e+003
48,34,-4.188634e+003
48,35,-4.188634e+003
48,36,-4.188634e+003
48,37,-4.188634e+003
48,38,-4.188634e+003
48,39,-4.188634e+003
48,40,-4.188634e+003
48,41,-4.188634e+003
48,42,-4.188634e+003
48,43,-4.188634e+003
48,44,-4.188634e+003
48,45,-4.188634e+003
48,46,-4.188634e+003
48,47,-4.188634e+003
48,48,-4.188634e+003
48,49,-4.188634e+003
48,50,-4.188634e+003
49,0,-4.188834e+003
49,1,-4.188836e+003
49,2,-4.188908e+003
49,3,-4.188909e+003
49,4,-4.188910e+003
49,5,-4.188910e+003
49,6,-4.188910e+003
49,7,-4.188910e+003
49,8,-4.188910e+003
49,9,-4.188910e+003
49,10,-4.188910e+003
49,11,-4.188910e+003
49,12,-4.188910e+003
49,13,-4.188910e+003
49,14,-4.188910e+003
49,15,-4.188910e+003
49,16,-4.188910e+003
49,17,-4.188910e+003
49,18,-4.188910e+003
49,19,-4.188910e+003
49,20,-4.188910e+003
49,21,-4.188910e+003
49,22,-4.188910e+003
49,23,-4.188910e+003
49,24,-4.188910e+003
49,25,-4.188910e+003
49,26,-4.188910e+003
49,27,-4.188910e+003
49,28,-4.188910e+003
49,29,-4.188910e+003
49,30,-4.188910e+003
49,31,-4.188910e+003
49,32,-4.188910e+003
49,33,-4.188910e+003
49,34,-4.188910e+003
49,35,-4.188910e+003
49,36,-4.188910e+003
49,37,-4.188910e+003
49,38,-4.188910e+003
49,39,-4.188910e+003
49,40,-4.188910e+003
49,41,-4.188910e+003
49,42,-4.188910e+003
49,43,-4.188910e+003
49,44,-4.188910e+003
49,45,-4.188910e+003
49,46,-4.188910e+003
49,47,-4.188910e+003
49,48,-4.188910e+003
49,49,-4.188910e+003
49,50,-4.188910e+003
