1055
1056
1057
1058
1062
1063
1065
1066
1068
1069
1070
1071
1072
1073
1075
1076
1077
1080
1081
1086
1087
1088
1089
1091
1092
1095
1096
1097
1098
1099
1102
1103
1104
1105
1107
1109
1110
1111
1112
1113
1115
1116
1118
1119
1123
1124
1125
1126
1127
1129
1130
1132
1136
1137
1138
1140
1141
1143
1144
1145
1149
1150
1151
1152
1170
1171
1173
1174
1178
1179
1180
1181
1184
1185
1186
1187
1189
1190
1195
1196
1197
1198
1201
1202
1203
1204
1206
1208
1209
1210
1211
1212
1215
1216
1217
1218
1221
1222
1224
1225
1227
1228
1229
1230
1231
1233
1236
1237
1238
1239
1241
1242
1245
1246
1247
1248
1249
1252
1253
1254
1256
1257
1259
1260
1263
1265
1267
1268
