"Angle"	"Energy kJ/mol"	"BondedTermsEnergy"	"NonBondedTermsEnergy"	"BondStretchEnergy"	"AngleStretchEnergy"	"TorsionEnergy"	"OutOfPlaneEnergy"	"DispersionEnergy"	"ElectrostaticEnergy"	"NonBondedEnergyC"	"NonBondedEnergyD"
-60.000000	-1784.949585	-2338.490221	553.540637	87.106749	847.401265	-3391.081875	118.083639	321.832396	231.708241	0.000000	0.000000
-59.800000	-1786.974106	-2340.638610	553.664504	87.106754	845.252871	-3391.081875	118.083639	321.734221	231.930283	0.000000	0.000000
-59.600000	-1788.989016	-2342.780645	553.791629	87.106755	843.110835	-3391.081875	118.083639	321.639192	232.152437	0.000000	0.000000
-59.400000	-1791.024368	-2344.916308	553.891939	87.106755	840.975172	-3391.081875	118.083639	321.517249	232.374690	0.000000	0.000000
-59.200000	-1793.020485	-2347.045705	554.025220	87.106752	838.845778	-3391.081875	118.083639	321.428175	232.597045	0.000000	0.000000
-59.000000	-1795.007250	-2349.168779	554.161529	87.106757	836.722699	-3391.081875	118.083639	321.342042	232.819486	0.000000	0.000000
-58.800000	-1797.014748	-2351.285591	554.270842	87.106756	834.605889	-3391.081875	118.083639	321.228829	233.042013	0.000000	0.000000
-58.600000	-1798.983280	-2353.396144	554.412865	87.106756	832.495335	-3391.081875	118.083639	321.148249	233.264616	0.000000	0.000000
-58.400000	-1800.942758	-2355.500460	554.557702	87.106753	830.391022	-3391.081875	118.083639	321.070414	233.487288	0.000000	0.000000
-58.200000	-1802.893311	-2357.598604	554.705293	87.106752	828.292879	-3391.081875	118.083639	320.995265	233.710028	0.000000	0.000000
-58.000000	-1804.834912	-2359.690474	554.855561	87.106752	826.201009	-3391.081875	118.083639	320.922746	233.932815	0.000000	0.000000
-57.800000	-1806.767722	-2361.776173	555.008451	87.106752	824.115310	-3391.081875	118.083639	320.852798	234.155653	0.000000	0.000000
-57.600000	-1808.691844	-2363.855743	555.163900	87.106751	822.035740	-3391.081875	118.083639	320.785364	234.378536	0.000000	0.000000
-57.400000	-1810.607198	-2365.929034	555.321836	87.106755	819.962445	-3391.081875	118.083639	320.720398	234.601439	0.000000	0.000000
-57.200000	-1812.514064	-2367.996281	555.482217	87.106759	817.895196	-3391.081875	118.083639	320.657838	234.824379	0.000000	0.000000
-57.000000	-1814.412438	-2370.057415	555.644977	87.106753	815.834068	-3391.081875	118.083639	320.597635	235.047342	0.000000	0.000000
-56.800000	-1816.302415	-2372.112479	555.810064	87.106754	813.779003	-3391.081875	118.083639	320.539743	235.270321	0.000000	0.000000
-56.600000	-1818.183913	-2374.161321	555.977408	87.106752	811.730162	-3391.081875	118.083639	320.484117	235.493291	0.000000	0.000000
-56.400000	-1820.057244	-2376.204222	556.146978	87.106753	809.687261	-3391.081875	118.083639	320.430703	235.716275	0.000000	0.000000
-56.200000	-1821.922236	-2378.240936	556.318700	87.106756	807.650543	-3391.081875	118.083639	320.379465	235.939235	0.000000	0.000000
-56.000000	-1823.779153	-2380.271693	556.492540	87.106755	805.619787	-3391.081875	118.083639	320.330350	236.162190	0.000000	0.000000
-55.800000	-1825.627972	-2382.296415	556.668442	87.106757	803.595063	-3391.081875	118.083639	320.283320	236.385122	0.000000	0.000000
-55.600000	-1827.468812	-2384.315173	556.846362	87.106753	801.576309	-3391.081875	118.083639	320.238331	236.608031	0.000000	0.000000
-55.400000	-1829.301607	-2386.327847	557.026240	87.106755	799.563634	-3391.081875	118.083639	320.195348	236.830892	0.000000	0.000000
-55.200000	-1831.126536	-2388.334577	557.208041	87.106753	797.556905	-3391.081875	118.083639	320.154327	237.053714	0.000000	0.000000
-55.000000	-1832.943574	-2390.335287	557.391713	87.106755	795.556193	-3391.081875	118.083639	320.115234	237.276479	0.000000	0.000000
-54.800000	-1834.752896	-2392.330118	557.577222	87.106751	793.561367	-3391.081875	118.083639	320.078026	237.499196	0.000000	0.000000
-54.600000	-1836.554446	-2394.318960	557.764515	87.106756	791.572519	-3391.081875	118.083639	320.042675	237.721840	0.000000	0.000000
-54.400000	-1838.348296	-2396.301846	557.953551	87.106753	789.589636	-3391.081875	118.083639	320.009140	237.944411	0.000000	0.000000
-54.200000	-1840.134517	-2398.278807	558.144290	87.106756	787.612672	-3391.081875	118.083639	319.977392	238.166899	0.000000	0.000000
-54.000000	-1841.913200	-2400.249898	558.336698	87.106755	785.641582	-3391.081875	118.083639	319.947393	238.389305	0.000000	0.000000
-53.800000	-1843.684379	-2402.215111	558.530732	87.106754	783.676369	-3391.081875	118.083639	319.919115	238.611618	0.000000	0.000000
-53.600000	-1845.448064	-2404.174415	558.726351	87.106755	781.717065	-3391.081875	118.083639	319.892526	238.833825	0.000000	0.000000
-53.400000	-1847.204376	-2406.127901	558.923525	87.106754	779.763580	-3391.081875	118.083639	319.867594	239.055930	0.000000	0.000000
-53.200000	-1848.953274	-2408.075481	559.122207	87.106755	777.816000	-3391.081875	118.083639	319.844294	239.277913	0.000000	0.000000
-53.000000	-1850.694863	-2410.017231	559.322368	87.106752	775.874252	-3391.081875	118.083639	319.822593	239.499775	0.000000	0.000000
-52.800000	-1852.429186	-2411.953160	559.523974	87.106754	773.938322	-3391.081875	118.083639	319.802467	239.721507	0.000000	0.000000
-52.600000	-1854.156284	-2413.883274	559.726990	87.106755	772.008207	-3391.081875	118.083639	319.783888	239.943102	0.000000	0.000000
-52.400000	-1855.876152	-2415.807528	559.931376	87.106753	770.083955	-3391.081875	118.083639	319.766829	240.164547	0.000000	0.000000
-52.200000	-1857.588936	-2417.726049	560.137113	87.106753	768.165433	-3391.081875	118.083639	319.751267	240.385846	0.000000	0.000000
-52.000000	-1859.294568	-2419.638723	560.344155	87.106754	766.252758	-3391.081875	118.083639	319.737176	240.606979	0.000000	0.000000
-51.800000	-1860.993158	-2421.545638	560.552481	87.106752	764.345844	-3391.081875	118.083639	319.724532	240.827949	0.000000	0.000000
-51.600000	-1862.684730	-2423.446787	560.762057	87.106754	762.444694	-3391.081875	118.083639	319.713313	241.048743	0.000000	0.000000
-51.400000	-1864.369321	-2425.342175	560.972853	87.106754	760.549307	-3391.081875	118.083639	319.703496	241.269357	0.000000	0.000000
-51.200000	-1866.046990	-2427.231834	561.184844	87.106752	758.659649	-3391.081875	118.083639	319.695059	241.489785	0.000000	0.000000
-51.000000	-1867.717701	-2429.115692	561.397991	87.106755	756.775788	-3391.081875	118.083639	319.687982	241.710009	0.000000	0.000000
-50.800000	-1869.381591	-2430.993871	561.612280	87.106754	754.897611	-3391.081875	118.083639	319.682243	241.930036	0.000000	0.000000
-50.600000	-1871.038658	-2432.866336	561.827678	87.106748	753.025150	-3391.081875	118.083639	319.677822	242.149856	0.000000	0.000000
-50.400000	-1872.688890	-2434.733043	562.044153	87.106752	751.158440	-3391.081875	118.083639	319.674703	242.369450	0.000000	0.000000
-50.200000	-1874.332363	-2436.594047	562.261684	87.106755	749.297433	-3391.081875	118.083639	319.672865	242.588819	0.000000	0.000000
-50.000000	-1875.969117	-2438.449364	562.480247	87.106756	747.442116	-3391.081875	118.083639	319.672289	242.807958	0.000000	0.000000
-49.800000	-1877.599191	-2440.299009	562.699818	87.106751	745.592475	-3391.081875	118.083639	319.672957	243.026861	0.000000	0.000000
-49.600000	-1879.222561	-2442.142925	562.920364	87.106751	743.748559	-3391.081875	118.083639	319.674854	243.245510	0.000000	0.000000
-49.400000	-1880.839321	-2443.981192	563.141872	87.106751	741.910292	-3391.081875	118.083639	319.677963	243.463908	0.000000	0.000000
-49.200000	-1882.449408	-2445.813711	563.364303	87.106755	740.077770	-3391.081875	118.083639	319.682269	243.682034	0.000000	0.000000
-49.000000	-1884.052984	-2447.640638	563.587653	87.106759	738.250838	-3391.081875	118.083639	319.687754	243.899899	0.000000	0.000000
-48.800000	-1885.650034	-2449.461931	563.811897	87.106752	736.429553	-3391.081875	118.083639	319.694402	244.117495	0.000000	0.000000
-48.600000	-1887.240525	-2451.277525	564.037000	87.106753	734.613957	-3391.081875	118.083639	319.702202	244.334798	0.000000	0.000000
-48.400000	-1888.824534	-2453.087483	564.262949	87.106758	732.803994	-3391.081875	118.083639	319.711139	244.551810	0.000000	0.000000
-48.200000	-1890.402100	-2454.891826	564.489726	87.106752	730.999657	-3391.081875	118.083639	319.721196	244.768531	0.000000	0.000000
-48.000000	-1891.973189	-2456.690490	564.717300	87.106756	729.200990	-3391.081875	118.083639	319.732364	244.984936	0.000000	0.000000
-47.800000	-1893.537839	-2458.483493	564.945654	87.106757	727.407985	-3391.081875	118.083639	319.744627	245.201027	0.000000	0.000000
-47.600000	-1895.096160	-2460.270940	565.174780	87.106755	725.620540	-3391.081875	118.083639	319.757974	245.416806	0.000000	0.000000
-47.400000	-1896.648043	-2462.052681	565.404638	87.106758	723.838796	-3391.081875	118.083639	319.772392	245.632246	0.000000	0.000000
-47.200000	-1898.193655	-2463.828888	565.635233	87.106754	722.062594	-3391.081875	118.083639	319.787869	245.847364	0.000000	0.000000
-47.000000	-1899.732872	-2465.599393	565.866521	87.106757	720.292084	-3391.081875	118.083639	319.804396	246.062125	0.000000	0.000000
-46.800000	-1901.265845	-2467.364351	566.098506	87.106755	718.527129	-3391.081875	118.083639	319.821959	246.276547	0.000000	0.000000
-46.600000	-1902.792479	-2469.123629	566.331150	87.106756	716.767850	-3391.081875	118.083639	319.840548	246.490602	0.000000	0.000000
-46.400000	-1904.312906	-2470.877361	566.564454	87.106755	715.014120	-3391.081875	118.083639	319.860154	246.704300	0.000000	0.000000
-46.200000	-1905.857036	-2472.625446	566.768411	87.106755	713.266035	-3391.081875	118.083639	319.850790	246.917621	0.000000	0.000000
-46.000000	-1907.365132	-2474.367970	567.002839	87.106754	711.523511	-3391.081875	118.083639	319.872271	247.130568	0.000000	0.000000
-45.800000	-1908.897056	-2476.104881	567.207824	87.106751	709.786604	-3391.081875	118.083639	319.864698	247.343127	0.000000	0.000000
-45.600000	-1910.392814	-2477.836109	567.443295	87.106754	708.055373	-3391.081875	118.083639	319.888016	247.555279	0.000000	0.000000
-45.400000	-1911.882485	-2479.561829	567.679344	87.106754	706.329652	-3391.081875	118.083639	319.912302	247.767042	0.000000	0.000000
-45.200000	-1913.365999	-2481.281942	567.915943	87.106754	704.609540	-3391.081875	118.083639	319.937548	247.978395	0.000000	0.000000
-45.000000	-1914.843339	-2482.996410	568.153070	87.106755	702.895070	-3391.081875	118.083639	319.963745	248.189325	0.000000	0.000000
-44.800000	-1916.314592	-2484.705314	568.390722	87.106757	701.186164	-3391.081875	118.083639	319.990887	248.399836	0.000000	0.000000
-44.600000	-1917.779777	-2486.408661	568.628885	87.106755	699.482819	-3391.081875	118.083639	320.018963	248.609921	0.000000	0.000000
-44.400000	-1919.238824	-2488.106352	568.867529	87.106754	697.785129	-3391.081875	118.083639	320.047967	248.819561	0.000000	0.000000
-44.200000	-1920.691816	-2489.798467	569.106651	87.106752	696.093016	-3391.081875	118.083639	320.077893	249.028758	0.000000	0.000000
-44.000000	-1922.138749	-2491.484982	569.346233	87.106753	694.406500	-3391.081875	118.083639	320.108733	249.237501	0.000000	0.000000
-43.800000	-1923.579625	-2493.165886	569.586261	87.106753	692.725596	-3391.081875	118.083639	320.140479	249.445782	0.000000	0.000000
-43.600000	-1925.014489	-2494.841214	569.826725	87.106753	691.050268	-3391.081875	118.083639	320.173127	249.653598	0.000000	0.000000
-43.400000	-1926.443285	-2496.510883	570.067598	87.106760	689.380592	-3391.081875	118.083639	320.206669	249.860929	0.000000	0.000000
-43.200000	-1927.866110	-2498.174997	570.308887	87.106754	687.716484	-3391.081875	118.083639	320.241097	250.067790	0.000000	0.000000
-43.000000	-1929.282938	-2499.833504	570.550567	87.106756	686.057975	-3391.081875	118.083639	320.276409	250.274157	0.000000	0.000000
-42.800000	-1930.693731	-2501.486349	570.792618	87.106756	684.405130	-3391.081875	118.083639	320.312596	250.480022	0.000000	0.000000
-42.600000	-1932.098626	-2503.133677	571.035051	87.106752	682.757807	-3391.081875	118.083639	320.349655	250.685396	0.000000	0.000000
-42.400000	-1933.497532	-2504.775364	571.277831	87.106754	681.116118	-3391.081875	118.083639	320.387580	250.890252	0.000000	0.000000
-42.200000	-1934.890436	-2506.411382	571.520946	87.106755	679.480098	-3391.081875	118.083639	320.426364	251.094583	0.000000	0.000000
-42.000000	-1936.277425	-2508.041821	571.764396	87.106755	677.849659	-3391.081875	118.083639	320.466003	251.298393	0.000000	0.000000
-41.800000	-1937.658463	-2509.666623	572.008160	87.106755	676.224857	-3391.081875	118.083639	320.506492	251.501668	0.000000	0.000000
-41.600000	-1939.003657	-2511.285765	572.282108	87.106758	674.605713	-3391.081875	118.083639	320.577711	251.704397	0.000000	0.000000
-41.400000	-1940.372953	-2512.899383	572.526431	87.106752	672.992100	-3391.081875	118.083639	320.619834	251.906597	0.000000	0.000000
-41.200000	-1941.736255	-2514.507274	572.771019	87.106755	671.384206	-3391.081875	118.083639	320.662794	252.108225	0.000000	0.000000
-41.000000	-1943.093676	-2516.109560	573.015884	87.106753	669.781922	-3391.081875	118.083639	320.706586	252.309298	0.000000	0.000000
-40.800000	-1944.445138	-2517.706134	573.260996	87.106759	668.185343	-3391.081875	118.083639	320.751207	252.509789	0.000000	0.000000
-40.600000	-1945.790750	-2519.297116	573.506365	87.106756	666.594363	-3391.081875	118.083639	320.796651	252.709714	0.000000	0.000000
-40.400000	-1947.130467	-2520.882438	573.751971	87.106755	665.009042	-3391.081875	118.083639	320.842916	252.909055	0.000000	0.000000
-40.200000	-1948.464284	-2522.462085	573.997801	87.106750	663.429400	-3391.081875	118.083639	320.889995	253.107805	0.000000	0.000000
-40.000000	-1949.792230	-2524.036074	574.243844	87.106753	661.855408	-3391.081875	118.083639	320.937890	253.305954	0.000000	0.000000
-39.800000	-1951.114228	-2525.604305	574.490077	87.106757	660.287174	-3391.081875	118.083639	320.986592	253.503486	0.000000	0.000000
-39.600000	-1952.430432	-2527.166952	574.736520	87.106755	658.724529	-3391.081875	118.083639	321.036100	253.700420	0.000000	0.000000
-39.400000	-1953.740740	-2528.723880	574.983140	87.106756	657.167600	-3391.081875	118.083639	321.086410	253.896730	0.000000	0.000000
-39.200000	-1955.045177	-2530.275109	575.229932	87.106751	655.616376	-3391.081875	118.083639	321.137518	254.092414	0.000000	0.000000
-39.000000	-1956.343756	-2531.820642	575.476886	87.106749	654.070844	-3391.081875	118.083639	321.189422	254.287464	0.000000	0.000000
-38.800000	-1957.636453	-2533.360437	575.723984	87.106753	652.531046	-3391.081875	118.083639	321.242118	254.481866	0.000000	0.000000
-38.600000	-1958.923289	-2534.894513	575.971224	87.106753	650.996970	-3391.081875	118.083639	321.295603	254.675621	0.000000	0.000000
-38.400000	-1960.204294	-2536.422894	576.218600	87.106752	649.468589	-3391.081875	118.083639	321.349875	254.868725	0.000000	0.000000
-38.200000	-1961.479399	-2537.945486	576.466087	87.106754	647.945995	-3391.081875	118.083639	321.404930	255.061157	0.000000	0.000000
-38.000000	-1962.748651	-2539.462336	576.713685	87.106756	646.429144	-3391.081875	118.083639	321.460764	255.252921	0.000000	0.000000
-37.800000	-1964.012053	-2540.973438	576.961385	87.106754	644.918044	-3391.081875	118.083639	321.517375	255.444010	0.000000	0.000000
-37.600000	-1965.269604	-2542.478778	577.209175	87.106755	643.412702	-3391.081875	118.083639	321.574761	255.634413	0.000000	0.000000
-37.400000	-1966.521322	-2543.978373	577.457051	87.106751	641.913111	-3391.081875	118.083639	321.632919	255.824132	0.000000	0.000000
-37.200000	-1967.767136	-2545.472121	577.704985	87.106755	640.419359	-3391.081875	118.083639	321.691846	256.013139	0.000000	0.000000
-37.000000	-1969.007132	-2546.960123	577.952991	87.106752	638.931360	-3391.081875	118.083639	321.751539	256.201451	0.000000	0.000000
-36.800000	-1970.241269	-2548.442315	578.201046	87.106751	637.449169	-3391.081875	118.083639	321.811996	256.389050	0.000000	0.000000
-36.600000	-1971.469492	-2549.918619	578.449128	87.106758	635.972858	-3391.081875	118.083639	321.873214	256.575913	0.000000	0.000000
-36.400000	-1972.691925	-2551.389183	578.697259	87.106755	634.502296	-3391.081875	118.083639	321.935191	256.762068	0.000000	0.000000
-36.200000	-1973.908471	-2552.853878	578.945407	87.106753	633.037604	-3391.081875	118.083639	321.997923	256.947484	0.000000	0.000000
-36.000000	-1975.119115	-2554.312675	579.193561	87.106755	631.578804	-3391.081875	118.083639	322.061408	257.132153	0.000000	0.000000
-35.800000	-1976.323947	-2555.765681	579.441734	87.106757	630.125797	-3391.081875	118.083639	322.125646	257.316087	0.000000	0.000000
-35.600000	-1977.522887	-2557.212789	579.689902	87.106753	628.678693	-3391.081875	118.083639	322.190631	257.499272	0.000000	0.000000
-35.400000	-1978.715907	-2558.653954	579.938047	87.106754	627.237527	-3391.081875	118.083639	322.256359	257.681688	0.000000	0.000000
-35.200000	-1979.903097	-2560.089278	580.186180	87.106755	625.802203	-3391.081875	118.083639	322.322834	257.863346	0.000000	0.000000
-35.000000	-1981.084403	-2561.518686	580.434283	87.106755	624.372795	-3391.081875	118.083639	322.390049	258.044233	0.000000	0.000000
-34.800000	-1982.259797	-2562.942135	580.682338	87.106756	622.949345	-3391.081875	118.083639	322.458001	258.224337	0.000000	0.000000
-34.600000	-1983.429314	-2564.359662	580.930347	87.106754	621.531820	-3391.081875	118.083639	322.526689	258.403659	0.000000	0.000000
-34.400000	-1984.592940	-2565.771238	581.178297	87.106753	620.120245	-3391.081875	118.083639	322.596110	258.582187	0.000000	0.000000
-34.200000	-1985.750660	-2567.176832	581.426173	87.106758	618.714645	-3391.081875	118.083639	322.666263	258.759910	0.000000	0.000000
-34.000000	-1986.902531	-2568.576518	581.673987	87.106751	617.314966	-3391.081875	118.083639	322.737143	258.936844	0.000000	0.000000
-33.800000	-1988.048425	-2569.970119	581.921694	87.106754	615.921362	-3391.081875	118.083639	322.808748	259.112946	0.000000	0.000000
-33.600000	-1989.188440	-2571.357751	582.169312	87.106755	614.533729	-3391.081875	118.083639	322.881076	259.288236	0.000000	0.000000
-33.400000	-1990.322532	-2572.739354	582.416822	87.106753	613.152128	-3391.081875	118.083639	322.954124	259.462698	0.000000	0.000000
-33.200000	-1991.450674	-2574.114883	582.664209	87.106753	611.776599	-3391.081875	118.083639	323.027887	259.636322	0.000000	0.000000
-33.000000	-1992.572936	-2575.484416	582.911479	87.106755	610.407064	-3391.081875	118.083639	323.102369	259.809110	0.000000	0.000000
-32.800000	-1993.689239	-2576.847848	583.158610	87.106755	609.043632	-3391.081875	118.083639	323.177560	259.981050	0.000000	0.000000
-32.600000	-1994.799611	-2578.205213	583.405601	87.106747	607.686276	-3391.081875	118.083639	323.253459	260.152142	0.000000	0.000000
-32.400000	-1995.904031	-2579.556461	583.652429	87.106752	606.335023	-3391.081875	118.083639	323.330067	260.322363	0.000000	0.000000
-32.200000	-1997.002487	-2580.901581	583.899094	87.106750	604.989904	-3391.081875	118.083639	323.407375	260.491719	0.000000	0.000000
-32.000000	-1998.095014	-2582.240602	584.145588	87.106755	603.650878	-3391.081875	118.083639	323.485387	260.660201	0.000000	0.000000
-31.800000	-1999.181556	-2583.573451	584.391895	87.106756	602.318028	-3391.081875	118.083639	323.564094	260.827801	0.000000	0.000000
-31.600000	-2000.262117	-2584.900126	584.638009	87.106754	600.991355	-3391.081875	118.083639	323.643494	260.994515	0.000000	0.000000
-31.400000	-2001.336717	-2586.220642	584.883925	87.106751	599.670843	-3391.081875	118.083639	323.723585	261.160339	0.000000	0.000000
-31.200000	-2002.405319	-2587.534938	585.129619	87.106756	598.356542	-3391.081875	118.083639	323.804366	261.325254	0.000000	0.000000
-31.000000	-2003.467911	-2588.842999	585.375088	87.106759	597.048478	-3391.081875	118.083639	323.885828	261.489260	0.000000	0.000000
-30.800000	-2004.524532	-2590.144867	585.620335	87.106756	595.746612	-3391.081875	118.083639	323.967973	261.652361	0.000000	0.000000
-30.600000	-2005.575154	-2591.440496	585.865341	87.106752	594.450988	-3391.081875	118.083639	324.050796	261.814546	0.000000	0.000000
-30.400000	-2006.619702	-2592.729783	586.110080	87.106750	593.161703	-3391.081875	118.083639	324.134288	261.975792	0.000000	0.000000
-30.200000	-2007.658253	-2594.012812	586.354559	87.106753	591.878670	-3391.081875	118.083639	324.218455	262.136105	0.000000	0.000000
-30.000000	-2008.690792	-2595.289566	586.598774	87.106750	590.601919	-3391.081875	118.083639	324.303288	262.295486	0.000000	0.000000
-29.800000	-2009.717264	-2596.559957	586.842693	87.106757	589.331521	-3391.081875	118.083639	324.388784	262.453909	0.000000	0.000000
-29.600000	-2010.737696	-2597.824023	587.086327	87.106752	588.067460	-3391.081875	118.083639	324.474937	262.611390	0.000000	0.000000
-29.400000	-2011.752054	-2599.081705	587.329651	87.106756	586.809775	-3391.081875	118.083639	324.561746	262.767905	0.000000	0.000000
-29.200000	-2012.760336	-2600.332999	587.572663	87.106758	585.558478	-3391.081875	118.083639	324.649204	262.923459	0.000000	0.000000
-29.000000	-2013.762578	-2601.577943	587.815365	87.106756	584.313536	-3391.081875	118.083639	324.737312	263.078053	0.000000	0.000000
-28.800000	-2014.758725	-2602.816461	588.057736	87.106749	583.075025	-3391.081875	118.083639	324.826061	263.231675	0.000000	0.000000
-28.600000	-2015.748743	-2604.048495	588.299752	87.106749	581.842991	-3391.081875	118.083639	324.915446	263.384306	0.000000	0.000000
-28.400000	-2016.732667	-2605.274082	588.541416	87.106751	580.617402	-3391.081875	118.083639	325.005466	263.535949	0.000000	0.000000
-28.200000	-2017.710456	-2606.493163	588.782707	87.106757	579.398315	-3391.081875	118.083639	325.096114	263.686592	0.000000	0.000000
-28.000000	-2018.682169	-2607.705810	589.023641	87.106751	578.185674	-3391.081875	118.083639	325.187389	263.836252	0.000000	0.000000
-27.800000	-2019.647680	-2608.911845	589.264165	87.106756	576.979635	-3391.081875	118.083639	325.279278	263.984887	0.000000	0.000000
-27.600000	-2020.637082	-2610.111408	589.474326	87.106753	575.780074	-3391.081875	118.083639	325.341803	264.132523	0.000000	0.000000
-27.400000	-2021.590423	-2611.304413	589.713990	87.106752	574.587070	-3391.081875	118.083639	325.434850	264.279140	0.000000	0.000000
-27.200000	-2022.537563	-2612.490787	589.953224	87.106751	573.400697	-3391.081875	118.083639	325.528498	264.424726	0.000000	0.000000
-27.000000	-2023.478570	-2613.670604	590.192034	87.106753	572.220878	-3391.081875	118.083639	325.622749	264.569285	0.000000	0.000000
-26.800000	-2024.413357	-2614.843750	590.430392	87.106753	571.047733	-3391.081875	118.083639	325.717589	264.712803	0.000000	0.000000
-26.600000	-2025.341978	-2616.010282	590.668304	87.106750	569.881203	-3391.081875	118.083639	325.813019	264.855285	0.000000	0.000000
-26.400000	-2026.264390	-2617.170132	590.905742	87.106753	568.721350	-3391.081875	118.083639	325.909032	264.996710	0.000000	0.000000
-26.200000	-2027.180557	-2618.323250	591.142693	87.106758	567.568227	-3391.081875	118.083639	326.005618	265.137075	0.000000	0.000000
-26.000000	-2028.090551	-2619.469719	591.379168	87.106758	566.421759	-3391.081875	118.083639	326.102779	265.276389	0.000000	0.000000
-25.800000	-2028.994291	-2620.609426	591.615135	87.106758	565.282051	-3391.081875	118.083639	326.200501	265.414634	0.000000	0.000000
-25.600000	-2029.891807	-2621.742402	591.850595	87.106754	564.149079	-3391.081875	118.083639	326.298783	265.551813	0.000000	0.000000
-25.400000	-2030.783071	-2622.868600	592.085529	87.106750	563.022885	-3391.081875	118.083639	326.397616	265.687913	0.000000	0.000000
-25.200000	-2031.668044	-2623.987953	592.319909	87.106754	561.903528	-3391.081875	118.083639	326.496993	265.822916	0.000000	0.000000
-25.000000	-2032.546769	-2625.100519	592.553750	87.106752	560.790964	-3391.081875	118.083639	326.596910	265.956839	0.000000	0.000000
-24.800000	-2033.419197	-2626.206218	592.787022	87.106750	559.685267	-3391.081875	118.083639	326.697358	266.089664	0.000000	0.000000
-24.600000	-2034.285348	-2627.305067	593.019719	87.106751	558.586417	-3391.081875	118.083639	326.798332	266.221387	0.000000	0.000000
-24.400000	-2035.145164	-2628.396981	593.251816	87.106756	557.494499	-3391.081875	118.083639	326.899821	266.351995	0.000000	0.000000
-24.200000	-2035.998697	-2629.482021	593.483323	87.106755	556.409460	-3391.081875	118.083639	327.001824	266.481500	0.000000	0.000000
-24.000000	-2036.845909	-2630.560127	593.714218	87.106751	555.331356	-3391.081875	118.083639	327.104329	266.609889	0.000000	0.000000
-23.800000	-2037.686762	-2631.631234	593.944472	87.106755	554.260246	-3391.081875	118.083639	327.207329	266.737144	0.000000	0.000000
-23.600000	-2038.521282	-2632.695374	594.174092	87.106754	553.196107	-3391.081875	118.083639	327.310817	266.863275	0.000000	0.000000
-23.400000	-2039.349470	-2633.752536	594.403066	87.106748	552.138951	-3391.081875	118.083639	327.414787	266.988279	0.000000	0.000000
-23.200000	-2040.171262	-2634.802619	594.631357	87.106752	551.088863	-3391.081875	118.083639	327.519228	267.112129	0.000000	0.000000
-23.000000	-2040.986686	-2635.845656	594.858970	87.106755	550.045825	-3391.081875	118.083639	327.624133	267.234837	0.000000	0.000000
-22.800000	-2041.795729	-2636.881621	595.085891	87.106754	549.009861	-3391.081875	118.083639	327.729494	267.356397	0.000000	0.000000
-22.600000	-2042.598368	-2637.910469	595.312101	87.106753	547.981013	-3391.081875	118.083639	327.835302	267.476799	0.000000	0.000000
-22.400000	-2043.394589	-2638.932169	595.537580	87.106759	546.959307	-3391.081875	118.083639	327.941548	267.596032	0.000000	0.000000
-22.200000	-2044.184418	-2639.946757	595.762339	87.106754	545.944725	-3391.081875	118.083639	328.048227	267.714113	0.000000	0.000000
-22.000000	-2044.967817	-2640.954160	595.986343	87.106753	544.937323	-3391.081875	118.083639	328.155327	267.831016	0.000000	0.000000
-21.800000	-2045.744764	-2641.954340	596.209577	87.106754	543.937141	-3391.081875	118.083639	328.262837	267.946739	0.000000	0.000000
-21.600000	-2046.515269	-2642.947299	596.432030	87.106758	542.944178	-3391.081875	118.083639	328.370752	268.061278	0.000000	0.000000
-21.400000	-2047.279322	-2643.933024	596.653702	87.106751	541.958460	-3391.081875	118.083639	328.479061	268.174641	0.000000	0.000000
-21.200000	-2048.066876	-2644.911439	596.844563	87.106755	540.980041	-3391.081875	118.083639	328.557764	268.286799	0.000000	0.000000
-21.000000	-2048.818046	-2645.882594	597.064548	87.106747	540.008894	-3391.081875	118.083639	328.666774	268.397774	0.000000	0.000000
-20.800000	-2049.562706	-2646.846381	597.283675	87.106755	539.045099	-3391.081875	118.083639	328.776146	268.507529	0.000000	0.000000
-20.600000	-2050.300876	-2647.802845	597.501968	87.106747	538.088643	-3391.081875	118.083639	328.885874	268.616094	0.000000	0.000000
-20.400000	-2051.032524	-2648.751902	597.719378	87.106754	537.139579	-3391.081875	118.083639	328.995947	268.723432	0.000000	0.000000
-20.200000	-2051.757653	-2649.693566	597.935913	87.106755	536.197915	-3391.081875	118.083639	329.106354	268.829558	0.000000	0.000000
-20.000000	-2052.476258	-2650.627815	598.151557	87.106749	535.263671	-3391.081875	118.083639	329.217086	268.934471	0.000000	0.000000
-19.800000	-2053.188320	-2651.554605	598.366285	87.106749	534.336881	-3391.081875	118.083639	329.328132	269.038152	0.000000	0.000000
-19.600000	-2053.893820	-2652.473899	598.580079	87.106753	533.417584	-3391.081875	118.083639	329.439480	269.140599	0.000000	0.000000
-19.400000	-2054.592765	-2653.385700	598.792935	87.106753	532.505783	-3391.081875	118.083639	329.551122	269.241813	0.000000	0.000000
-19.200000	-2055.285148	-2654.289986	599.004839	87.106750	531.601499	-3391.081875	118.083639	329.663045	269.341793	0.000000	0.000000
-19.000000	-2055.970929	-2655.186687	599.215758	87.106753	530.704796	-3391.081875	118.083639	329.775237	269.440521	0.000000	0.000000
-18.800000	-2056.650126	-2656.075815	599.425689	87.106756	529.815664	-3391.081875	118.083639	329.887689	269.538000	0.000000	0.000000
-18.600000	-2057.322712	-2656.957327	599.634615	87.106758	528.934150	-3391.081875	118.083639	330.000387	269.634228	0.000000	0.000000
-18.400000	-2057.988708	-2657.831247	599.842539	87.106746	528.060242	-3391.081875	118.083639	330.113323	269.729215	0.000000	0.000000
-18.200000	-2058.648051	-2658.697448	600.049397	87.106755	527.194033	-3391.081875	118.083639	330.226480	269.822916	0.000000	0.000000
-18.000000	-2059.300776	-2659.555991	600.255215	87.106754	526.335490	-3391.081875	118.083639	330.339852	269.915363	0.000000	0.000000
-17.800000	-2059.946856	-2660.406818	600.459963	87.106754	525.484663	-3391.081875	118.083639	330.453424	270.006539	0.000000	0.000000
-17.600000	-2060.586281	-2661.249912	600.663631	87.106748	524.641575	-3391.081875	118.083639	330.567184	270.096447	0.000000	0.000000
-17.400000	-2061.219041	-2662.085225	600.866184	87.106754	523.806256	-3391.081875	118.083639	330.681120	270.185064	0.000000	0.000000
-17.200000	-2061.845133	-2662.912762	601.067629	87.106753	522.978721	-3391.081875	118.083639	330.795220	270.272409	0.000000	0.000000
-17.000000	-2062.464530	-2663.732463	601.267933	87.106754	522.159018	-3391.081875	118.083639	330.909470	270.358463	0.000000	0.000000
-16.800000	-2063.077236	-2664.544319	601.467083	87.106758	521.347158	-3391.081875	118.083639	331.023859	270.443225	0.000000	0.000000
-16.600000	-2063.683252	-2665.348333	601.665081	87.106753	520.543149	-3391.081875	118.083639	331.138376	270.526705	0.000000	0.000000
-16.400000	-2064.282549	-2666.144441	601.861891	87.106748	519.747047	-3391.081875	118.083639	331.253005	270.608887	0.000000	0.000000
-16.200000	-2064.875106	-2666.932591	602.057485	87.106754	518.958890	-3391.081875	118.083639	331.367731	270.689754	0.000000	0.000000
-16.000000	-2065.460942	-2667.712812	602.251870	87.106754	518.178669	-3391.081875	118.083639	331.482546	270.769324	0.000000	0.000000
-15.800000	-2066.040030	-2668.485046	602.445016	87.106759	517.406430	-3391.081875	118.083639	331.597434	270.847581	0.000000	0.000000
-15.600000	-2066.612374	-2669.249296	602.636922	87.106755	516.642185	-3391.081875	118.083639	331.712385	270.924537	0.000000	0.000000
-15.400000	-2067.177942	-2670.005490	602.827548	87.106759	515.885987	-3391.081875	118.083639	331.827380	271.000168	0.000000	0.000000
-15.200000	-2067.736751	-2670.753654	603.016903	87.106753	515.137829	-3391.081875	118.083639	331.942411	271.074492	0.000000	0.000000
-15.000000	-2068.288770	-2671.493717	603.204947	87.106754	514.397765	-3391.081875	118.083639	332.057460	271.147487	0.000000	0.000000
-14.800000	-2068.833996	-2672.225675	603.391679	87.106748	513.665812	-3391.081875	118.083639	332.172516	271.219163	0.000000	0.000000
-14.600000	-2069.372478	-2672.949475	603.576996	87.106755	512.942006	-3391.081875	118.083639	332.287563	271.289433	0.000000	0.000000
-14.400000	-2069.904305	-2673.665124	603.760819	87.106753	512.226358	-3391.081875	118.083639	332.402590	271.358229	0.000000	0.000000
-14.200000	-2070.429459	-2674.372586	603.943126	87.106750	511.518900	-3391.081875	118.083639	332.517581	271.425545	0.000000	0.000000
-14.000000	-2070.947967	-2675.071811	604.123844	87.106756	510.819669	-3391.081875	118.083639	332.632522	271.491322	0.000000	0.000000
-13.800000	-2071.459897	-2675.762799	604.302901	87.106757	510.128679	-3391.081875	118.083639	332.747399	271.555502	0.000000	0.000000
-13.600000	-2071.965226	-2676.445516	604.480290	87.106754	509.445965	-3391.081875	118.083639	332.862199	271.618091	0.000000	0.000000
-13.400000	-2072.463949	-2677.119945	604.655997	87.106752	508.771538	-3391.081875	118.083639	332.976909	271.679088	0.000000	0.000000
-13.200000	-2072.956026	-2677.786028	604.830002	87.106755	508.105452	-3391.081875	118.083639	333.091509	271.738493	0.000000	0.000000
-13.000000	-2073.441450	-2678.443766	605.002316	87.106751	507.447718	-3391.081875	118.083639	333.205990	271.796326	0.000000	0.000000
-12.800000	-2073.920202	-2679.093116	605.172914	87.106752	506.798367	-3391.081875	118.083639	333.320334	271.852581	0.000000	0.000000
-12.600000	-2074.392268	-2679.734066	605.341798	87.106751	506.157418	-3391.081875	118.083639	333.434530	271.907269	0.000000	0.000000
-12.400000	-2074.857618	-2680.366561	605.508943	87.106758	505.524917	-3391.081875	118.083639	333.548559	271.960384	0.000000	0.000000
-12.200000	-2075.316253	-2680.990624	605.674371	87.106749	504.900862	-3391.081875	118.083639	333.662412	272.011959	0.000000	0.000000
-12.000000	-2075.768136	-2681.606173	605.838037	87.106754	504.285308	-3391.081875	118.083639	333.776069	272.061968	0.000000	0.000000
-11.800000	-2076.213265	-2682.213219	605.999955	87.106754	503.678261	-3391.081875	118.083639	333.889520	272.110435	0.000000	0.000000
-11.600000	-2076.651608	-2682.811716	606.160108	87.106754	503.079765	-3391.081875	118.083639	334.002746	272.157362	0.000000	0.000000
-11.400000	-2077.083157	-2683.401647	606.318489	87.106753	502.489835	-3391.081875	118.083639	334.115735	272.202754	0.000000	0.000000
-11.200000	-2077.507894	-2683.982984	606.475090	87.106751	501.908500	-3391.081875	118.083639	334.228473	272.246617	0.000000	0.000000
-11.000000	-2077.925792	-2684.555685	606.629894	87.106753	501.335797	-3391.081875	118.083639	334.340941	272.288952	0.000000	0.000000
-10.800000	-2078.336842	-2685.119734	606.782892	87.106758	500.771743	-3391.081875	118.083639	334.453128	272.329764	0.000000	0.000000
-10.600000	-2078.741028	-2685.675122	606.934093	87.106755	500.216359	-3391.081875	118.083639	334.565020	272.369073	0.000000	0.000000
-10.400000	-2079.138326	-2686.221798	607.083471	87.106753	499.669685	-3391.081875	118.083639	334.676600	272.406871	0.000000	0.000000
-10.200000	-2079.528720	-2686.759739	607.231018	87.106752	499.131745	-3391.081875	118.083639	334.787853	272.443165	0.000000	0.000000
-10.000000	-2079.912194	-2687.288914	607.376720	87.106759	498.602563	-3391.081875	118.083639	334.898765	272.477955	0.000000	0.000000
-9.800000	-2080.288732	-2687.809320	607.520588	87.106753	498.082162	-3391.081875	118.083639	335.009322	272.511266	0.000000	0.000000
-9.600000	-2080.658312	-2688.320905	607.662593	87.106753	497.570577	-3391.081875	118.083639	335.119508	272.543084	0.000000	0.000000
-9.400000	-2081.020922	-2688.823662	607.802740	87.106746	497.067826	-3391.081875	118.083639	335.229311	272.573429	0.000000	0.000000
-9.200000	-2081.376536	-2689.317527	607.940992	87.106756	496.573952	-3391.081875	118.083639	335.338711	272.602281	0.000000	0.000000
-9.000000	-2081.725148	-2689.802533	608.077385	87.106745	496.088957	-3391.081875	118.083639	335.447700	272.629685	0.000000	0.000000
-8.800000	-2082.066725	-2690.278582	608.211857	87.106756	495.612897	-3391.081875	118.083639	335.556255	272.655601	0.000000	0.000000
-8.600000	-2082.401267	-2690.745713	608.344446	87.106751	495.145771	-3391.081875	118.083639	335.664371	272.680074	0.000000	0.000000
-8.400000	-2082.728744	-2691.203856	608.475112	87.106754	494.687625	-3391.081875	118.083639	335.772028	272.703085	0.000000	0.000000
-8.200000	-2083.049141	-2691.652997	608.603856	87.106759	494.238479	-3391.081875	118.083639	335.879211	272.724645	0.000000	0.000000
-8.000000	-2083.362445	-2692.093128	608.730683	87.106752	493.798355	-3391.081875	118.083639	335.985909	272.744774	0.000000	0.000000
-7.800000	-2083.668636	-2692.524193	608.855557	87.106759	493.367284	-3391.081875	118.083639	336.092105	272.763451	0.000000	0.000000
-7.600000	-2083.967693	-2692.946190	608.978496	87.106752	492.945294	-3391.081875	118.083639	336.197787	272.780709	0.000000	0.000000
-7.400000	-2084.259602	-2693.359076	609.099473	87.106751	492.532408	-3391.081875	118.083639	336.302939	272.796534	0.000000	0.000000
-7.200000	-2084.544344	-2693.762824	609.218480	87.106755	492.128656	-3391.081875	118.083639	336.407548	272.810932	0.000000	0.000000
-7.000000	-2084.821872	-2694.157425	609.335552	87.106752	491.734059	-3391.081875	118.083639	336.511600	272.823952	0.000000	0.000000
-6.800000	-2085.092151	-2694.542834	609.450684	87.106752	491.348649	-3391.081875	118.083639	336.615080	272.835603	0.000000	0.000000
-6.600000	-2085.355162	-2694.919034	609.563872	87.106749	490.972452	-3391.081875	118.083639	336.717975	272.845897	0.000000	0.000000
-6.400000	-2085.610873	-2695.285986	609.675113	87.106756	490.605494	-3391.081875	118.083639	336.820271	272.854842	0.000000	0.000000
-6.200000	-2085.856859	-2695.643688	609.786829	87.106752	490.247795	-3391.081875	118.083639	336.924338	272.862491	0.000000	0.000000
-6.000000	-2086.095489	-2695.992100	609.896611	87.106751	489.899385	-3391.081875	118.083639	337.027775	272.868836	0.000000	0.000000
-5.800000	-2086.329123	-2696.331182	610.002059	87.106757	489.560297	-3391.081875	118.083639	337.128183	272.873876	0.000000	0.000000
-5.600000	-2086.555362	-2696.660938	610.105576	87.106751	489.230546	-3391.081875	118.083639	337.227942	272.877635	0.000000	0.000000
-5.400000	-2086.774187	-2696.981319	610.207132	87.106753	488.910163	-3391.081875	118.083639	337.327035	272.880097	0.000000	0.000000
-5.200000	-2086.985580	-2697.292304	610.306724	87.106754	488.599177	-3391.081875	118.083639	337.425448	272.881276	0.000000	0.000000
-5.000000	-2087.189524	-2697.593878	610.404354	87.106749	488.297608	-3391.081875	118.083639	337.523173	272.881180	0.000000	0.000000
-4.800000	-2087.386002	-2697.885992	610.499990	87.106755	488.005488	-3391.081875	118.083639	337.620192	272.879798	0.000000	0.000000
-4.600000	-2087.574996	-2698.168651	610.593655	87.106748	487.722836	-3391.081875	118.083639	337.716498	272.877157	0.000000	0.000000
-4.400000	-2087.756489	-2698.441802	610.685312	87.106752	487.449682	-3391.081875	118.083639	337.812074	272.873239	0.000000	0.000000
-4.200000	-2087.930463	-2698.705431	610.774968	87.106753	487.186051	-3391.081875	118.083639	337.906909	272.868059	0.000000	0.000000
-4.000000	-2088.096899	-2698.959515	610.862616	87.106752	486.931968	-3391.081875	118.083639	338.000992	272.861624	0.000000	0.000000
-3.800000	-2088.255781	-2699.204022	610.948241	87.106754	486.687459	-3391.081875	118.083639	338.094311	272.853930	0.000000	0.000000
-3.600000	-2088.407089	-2699.438933	611.031844	87.106753	486.452549	-3391.081875	118.083639	338.186854	272.844990	0.000000	0.000000
-3.400000	-2088.550807	-2699.664217	611.113410	87.106755	486.227263	-3391.081875	118.083639	338.278609	272.834801	0.000000	0.000000
-3.200000	-2088.686915	-2699.879856	611.192940	87.106752	486.011627	-3391.081875	118.083639	338.369566	272.823374	0.000000	0.000000
-3.000000	-2088.815397	-2700.085818	611.270421	87.106752	485.805666	-3391.081875	118.083639	338.459713	272.810708	0.000000	0.000000
-2.800000	-2088.936232	-2700.282078	611.345846	87.106753	485.609404	-3391.081875	118.083639	338.549039	272.796807	0.000000	0.000000
-2.600000	-2089.049403	-2700.468611	611.419208	87.106755	485.422870	-3391.081875	118.083639	338.637532	272.781676	0.000000	0.000000
-2.400000	-2089.154891	-2700.645401	611.490510	87.106751	485.246083	-3391.081875	118.083639	338.725185	272.765325	0.000000	0.000000
-2.200000	-2089.252677	-2700.812414	611.559737	87.106748	485.079073	-3391.081875	118.083639	338.811985	272.747752	0.000000	0.000000
-2.000000	-2089.342743	-2700.969621	611.626878	87.106751	484.921863	-3391.081875	118.083639	338.897921	272.728957	0.000000	0.000000
-1.800000	-2089.425070	-2701.117004	611.691935	87.106755	484.774476	-3391.081875	118.083639	338.982986	272.708949	0.000000	0.000000
-1.600000	-2089.499638	-2701.254538	611.754900	87.106757	484.636940	-3391.081875	118.083639	339.067167	272.687733	0.000000	0.000000
-1.400000	-2089.566428	-2701.382212	611.815784	87.106747	484.509277	-3391.081875	118.083639	339.150459	272.665325	0.000000	0.000000
-1.200000	-2089.625422	-2701.499969	611.874547	87.106754	484.391512	-3391.081875	118.083639	339.232847	272.641699	0.000000	0.000000
-1.000000	-2089.676599	-2701.607811	611.931212	87.106753	484.283671	-3391.081875	118.083639	339.314327	272.616885	0.000000	0.000000
-0.800000	-2089.719941	-2701.705707	611.985767	87.106751	484.185777	-3391.081875	118.083639	339.394887	272.590880	0.000000	0.000000
-0.600000	-2089.755427	-2701.793628	612.038201	87.106753	484.097854	-3391.081875	118.083639	339.474519	272.563682	0.000000	0.000000
-0.400000	-2089.783037	-2701.871555	612.088518	87.106754	484.019927	-3391.081875	118.083639	339.553216	272.535302	0.000000	0.000000
-0.200000	-2089.802753	-2701.939465	612.136712	87.106751	483.952019	-3391.081875	118.083639	339.630969	272.505744	0.000000	0.000000
0.000000	-2089.814553	-2701.997327	612.182775	87.106753	483.894155	-3391.081875	118.083639	339.707769	272.475006	0.000000	0.000000
0.200000	-2089.818418	-2702.045119	612.226701	87.106757	483.846359	-3391.081875	118.083639	339.783609	272.443092	0.000000	0.000000
0.400000	-2089.814326	-2702.082829	612.268502	87.106753	483.808654	-3391.081875	118.083639	339.858483	272.410019	0.000000	0.000000
0.600000	-2089.802259	-2702.110414	612.308154	87.106757	483.781064	-3391.081875	118.083639	339.932382	272.375773	0.000000	0.000000
0.800000	-2089.782194	-2702.127876	612.345682	87.106746	483.763613	-3391.081875	118.083639	340.005301	272.340381	0.000000	0.000000
1.000000	-2089.754113	-2702.135161	612.381049	87.106749	483.756324	-3391.081875	118.083639	340.077231	272.303818	0.000000	0.000000
1.200000	-2089.717992	-2702.132265	612.414272	87.106749	483.759221	-3391.081875	118.083639	340.148166	272.266106	0.000000	0.000000
1.400000	-2089.673813	-2702.119157	612.445344	87.106751	483.772327	-3391.081875	118.083639	340.218101	272.227243	0.000000	0.000000
1.600000	-2089.621553	-2702.095814	612.474262	87.106755	483.795666	-3391.081875	118.083639	340.287029	272.187232	0.000000	0.000000
1.800000	-2089.561190	-2702.062221	612.501031	87.106755	483.829259	-3391.081875	118.083639	340.354945	272.146085	0.000000	0.000000
2.000000	-2089.492705	-2702.018354	612.525649	87.106750	483.873132	-3391.081875	118.083639	340.421844	272.103805	0.000000	0.000000
2.200000	-2089.416075	-2701.964177	612.548103	87.106753	483.927305	-3391.081875	118.083639	340.487719	272.060383	0.000000	0.000000
2.400000	-2089.331278	-2701.899675	612.568397	87.106757	483.991803	-3391.081875	118.083639	340.552566	272.015831	0.000000	0.000000
2.600000	-2089.238293	-2701.824831	612.586538	87.106756	484.066648	-3391.081875	118.083639	340.616382	271.970156	0.000000	0.000000
2.800000	-2089.137097	-2701.739615	612.602518	87.106757	484.151863	-3391.081875	118.083639	340.679160	271.923358	0.000000	0.000000
3.000000	-2089.027669	-2701.644013	612.616344	87.106752	484.247470	-3391.081875	118.083639	340.740898	271.875446	0.000000	0.000000
3.200000	-2088.909987	-2701.537989	612.628002	87.106755	484.353491	-3391.081875	118.083639	340.801590	271.826413	0.000000	0.000000
3.400000	-2088.784027	-2701.421534	612.637506	87.106752	484.469950	-3391.081875	118.083639	340.861233	271.776273	0.000000	0.000000
3.600000	-2088.649768	-2701.294618	612.644850	87.106750	484.596868	-3391.081875	118.083639	340.919825	271.725025	0.000000	0.000000
3.800000	-2088.507187	-2701.157214	612.650027	87.106755	484.734267	-3391.081875	118.083639	340.977361	271.672666	0.000000	0.000000
4.000000	-2088.356261	-2701.009319	612.653058	87.106748	484.882169	-3391.081875	118.083639	341.033840	271.619217	0.000000	0.000000
4.200000	-2088.196967	-2700.850891	612.653924	87.106748	485.040597	-3391.081875	118.083639	341.089258	271.564666	0.000000	0.000000
4.400000	-2088.029282	-2700.681916	612.652634	87.106748	485.209571	-3391.081875	118.083639	341.143613	271.509021	0.000000	0.000000
4.600000	-2087.853183	-2700.502372	612.649189	87.106749	485.389115	-3391.081875	118.083639	341.196903	271.452285	0.000000	0.000000
4.800000	-2087.668646	-2700.312236	612.643590	87.106750	485.579249	-3391.081875	118.083639	341.249127	271.394463	0.000000	0.000000
5.000000	-2087.475649	-2700.111489	612.635840	87.106752	485.779994	-3391.081875	118.083639	341.300281	271.335558	0.000000	0.000000
5.200000	-2087.274168	-2699.900108	612.625940	87.106754	485.991373	-3391.081875	118.083639	341.350367	271.275573	0.000000	0.000000
5.400000	-2087.064179	-2699.678078	612.613900	87.106750	486.213406	-3391.081875	118.083639	341.399382	271.214518	0.000000	0.000000
5.600000	-2086.845658	-2699.445373	612.599715	87.106747	486.446115	-3391.081875	118.083639	341.447325	271.152390	0.000000	0.000000
5.800000	-2086.618582	-2699.201965	612.583383	87.106751	486.689520	-3391.081875	118.083639	341.494196	271.089187	0.000000	0.000000
6.000000	-2086.382925	-2698.947837	612.564913	87.106754	486.943643	-3391.081875	118.083639	341.539994	271.024918	0.000000	0.000000
6.200000	-2086.138665	-2698.682978	612.544314	87.106752	487.208504	-3391.081875	118.083639	341.584721	270.959593	0.000000	0.000000
6.400000	-2085.885777	-2698.407360	612.521583	87.106751	487.484124	-3391.081875	118.083639	341.628375	270.893208	0.000000	0.000000
6.600000	-2085.624237	-2698.120962	612.496725	87.106750	487.770523	-3391.081875	118.083639	341.670958	270.825767	0.000000	0.000000
6.800000	-2085.354019	-2697.823755	612.469736	87.106756	488.067724	-3391.081875	118.083639	341.712469	270.757267	0.000000	0.000000
7.000000	-2085.075101	-2697.515736	612.440635	87.106756	488.375743	-3391.081875	118.083639	341.752911	270.687724	0.000000	0.000000
7.200000	-2084.787456	-2697.196874	612.409418	87.106757	488.694604	-3391.081875	118.083639	341.792284	270.617134	0.000000	0.000000
7.400000	-2084.491063	-2696.867165	612.376102	87.106746	489.024324	-3391.081875	118.083639	341.830590	270.545512	0.000000	0.000000
7.600000	-2084.185892	-2696.526561	612.340669	87.106749	489.364925	-3391.081875	118.083639	341.867830	270.472839	0.000000	0.000000
7.800000	-2083.871922	-2696.175056	612.303135	87.106753	489.716426	-3391.081875	118.083639	341.904006	270.399128	0.000000	0.000000
8.000000	-2083.549125	-2695.812636	612.263511	87.106751	490.078848	-3391.081875	118.083639	341.939121	270.324390	0.000000	0.000000
8.200000	-2083.217477	-2695.439267	612.221790	87.106757	490.452211	-3391.081875	118.083639	341.973176	270.248614	0.000000	0.000000
8.400000	-2082.876954	-2695.054945	612.177991	87.106758	490.836532	-3391.081875	118.083639	342.006175	270.171816	0.000000	0.000000
8.600000	-2082.527532	-2694.659651	612.132119	87.106754	491.231831	-3391.081875	118.083639	342.038121	270.093998	0.000000	0.000000
8.800000	-2082.169184	-2694.253358	612.084174	87.106751	491.638126	-3391.081875	118.083639	342.069015	270.015159	0.000000	0.000000
9.000000	-2081.801885	-2693.836047	612.034162	87.106751	492.055438	-3391.081875	118.083639	342.098863	269.935299	0.000000	0.000000
9.200000	-2081.425604	-2693.407693	611.982089	87.106752	492.483790	-3391.081875	118.083639	342.127666	269.854423	0.000000	0.000000
9.400000	-2081.040324	-2692.968292	611.927968	87.106749	492.923194	-3391.081875	118.083639	342.155430	269.772539	0.000000	0.000000
9.600000	-2080.646014	-2692.517808	611.871794	87.106754	493.373674	-3391.081875	118.083639	342.182157	269.689637	0.000000	0.000000
9.800000	-2080.242651	-2692.056236	611.813585	87.106756	493.835244	-3391.081875	118.083639	342.207852	269.605733	0.000000	0.000000
10.000000	-2079.830209	-2691.583557	611.753348	87.106753	494.307925	-3391.081875	118.083639	342.232520	269.520829	0.000000	0.000000
10.200000	-2079.408659	-2691.099745	611.691085	87.106754	494.791737	-3391.081875	118.083639	342.256164	269.434921	0.000000	0.000000
10.400000	-2078.977983	-2690.604792	611.626809	87.106751	495.286692	-3391.081875	118.083639	342.278791	269.348018	0.000000	0.000000
10.600000	-2078.538147	-2690.098668	611.560521	87.106752	495.792815	-3391.081875	118.083639	342.300404	269.260117	0.000000	0.000000
10.800000	-2078.089127	-2689.581356	611.492230	87.106755	496.310124	-3391.081875	118.083639	342.321009	269.171221	0.000000	0.000000
11.000000	-2077.630903	-2689.052856	611.421953	87.106750	496.838629	-3391.081875	118.083639	342.340611	269.081342	0.000000	0.000000
11.200000	-2077.163443	-2688.513132	611.349689	87.106749	497.378354	-3391.081875	118.083639	342.359217	268.990473	0.000000	0.000000
11.400000	-2076.686718	-2687.962163	611.275445	87.106752	497.929321	-3391.081875	118.083639	342.376830	268.898614	0.000000	0.000000
11.600000	-2076.200709	-2687.399943	611.199234	87.106753	498.491540	-3391.081875	118.083639	342.393459	268.805775	0.000000	0.000000
11.800000	-2075.705389	-2686.826455	611.121066	87.106752	499.065028	-3391.081875	118.083639	342.409107	268.711959	0.000000	0.000000
12.000000	-2075.200733	-2686.241682	611.040949	87.106750	499.649803	-3391.081875	118.083639	342.423783	268.617166	0.000000	0.000000
12.200000	-2074.686710	-2685.645595	610.958885	87.106754	500.245886	-3391.081875	118.083639	342.437492	268.521393	0.000000	0.000000
12.400000	-2074.163293	-2685.038183	610.874890	87.106756	500.853296	-3391.081875	118.083639	342.450241	268.424648	0.000000	0.000000
12.600000	-2073.630467	-2684.419443	610.788977	87.106752	501.472040	-3391.081875	118.083639	342.462037	268.326940	0.000000	0.000000
12.800000	-2073.088195	-2683.789340	610.701145	87.106753	502.102142	-3391.081875	118.083639	342.472887	268.228258	0.000000	0.000000
13.000000	-2072.536457	-2683.147870	610.611413	87.106749	502.743616	-3391.081875	118.083639	342.482797	268.128616	0.000000	0.000000
13.200000	-2071.975218	-2682.494992	610.519774	87.106758	503.396485	-3391.081875	118.083639	342.491776	268.027998	0.000000	0.000000
13.400000	-2071.404468	-2681.830728	610.426260	87.106755	504.060752	-3391.081875	118.083639	342.499830	267.926431	0.000000	0.000000
13.600000	-2070.824166	-2681.155035	610.330869	87.106752	504.736447	-3391.081875	118.083639	342.506966	267.823903	0.000000	0.000000
13.800000	-2070.234294	-2680.467900	610.233606	87.106758	505.423577	-3391.081875	118.083639	342.513194	267.720411	0.000000	0.000000
14.000000	-2069.634826	-2679.769321	610.134495	87.106753	506.122161	-3391.081875	118.083639	342.518521	267.615974	0.000000	0.000000
14.200000	-2069.025735	-2679.059271	610.033536	87.106750	506.832214	-3391.081875	118.083639	342.522953	267.510582	0.000000	0.000000
14.400000	-2068.406996	-2678.337735	609.930739	87.106750	507.553750	-3391.081875	118.083639	342.526501	267.404238	0.000000	0.000000
14.600000	-2067.778582	-2677.604695	609.826114	87.106753	508.286787	-3391.081875	118.083639	342.529172	267.296942	0.000000	0.000000
14.800000	-2067.140467	-2676.860142	609.719675	87.106753	509.031340	-3391.081875	118.083639	342.530974	267.188701	0.000000	0.000000
15.000000	-2066.492622	-2676.104050	609.611428	87.106757	509.787429	-3391.081875	118.083639	342.531916	267.079512	0.000000	0.000000
15.200000	-2065.835024	-2675.336411	609.501387	87.106758	510.555066	-3391.081875	118.083639	342.532006	266.969381	0.000000	0.000000
15.400000	-2065.167654	-2674.557218	609.389564	87.106758	511.334259	-3391.081875	118.083639	342.531253	266.858311	0.000000	0.000000
15.600000	-2064.490490	-2673.766463	609.275973	87.106751	512.125021	-3391.081875	118.083639	342.529666	266.746307	0.000000	0.000000
15.800000	-2063.803483	-2672.964092	609.160609	87.106754	512.927388	-3391.081875	118.083639	342.527255	266.633354	0.000000	0.000000
16.000000	-2063.106637	-2672.150136	609.043499	87.106752	513.741348	-3391.081875	118.083639	342.524027	266.519472	0.000000	0.000000
16.200000	-2062.399895	-2671.324535	608.924640	87.106755	514.566945	-3391.081875	118.083639	342.519992	266.404648	0.000000	0.000000
16.400000	-2061.683269	-2670.487325	608.804057	87.106754	515.404156	-3391.081875	118.083639	342.515160	266.288897	0.000000	0.000000
16.600000	-2060.956707	-2669.638458	608.681751	87.106752	516.253025	-3391.081875	118.083639	342.509539	266.172212	0.000000	0.000000
16.800000	-2060.220191	-2668.777927	608.557736	87.106753	517.113555	-3391.081875	118.083639	342.503140	266.054596	0.000000	0.000000
17.000000	-2059.473695	-2667.905715	608.432020	87.106755	517.985765	-3391.081875	118.083639	342.495971	265.936049	0.000000	0.000000
17.200000	-2058.717208	-2667.021833	608.304625	87.106748	518.869654	-3391.081875	118.083639	342.488042	265.816583	0.000000	0.000000
17.400000	-2057.950676	-2666.126217	608.175541	87.106755	519.765263	-3391.081875	118.083639	342.479364	265.696177	0.000000	0.000000
17.600000	-2057.174102	-2665.218902	608.044799	87.106754	520.672580	-3391.081875	118.083639	342.469945	265.574854	0.000000	0.000000
17.800000	-2056.387457	-2664.299861	607.912405	87.106750	521.591624	-3391.081875	118.083639	342.459795	265.452609	0.000000	0.000000
18.000000	-2055.590707	-2663.369070	607.778363	87.106751	522.522414	-3391.081875	118.083639	342.448925	265.329438	0.000000	0.000000
18.200000	-2054.783840	-2662.426531	607.642691	87.106751	523.464953	-3391.081875	118.083639	342.437344	265.205347	0.000000	0.000000
18.400000	-2053.966818	-2661.472215	607.505397	87.106750	524.419270	-3391.081875	118.083639	342.425063	265.080335	0.000000	0.000000
18.600000	-2053.139612	-2660.506100	607.366488	87.106755	525.385380	-3391.081875	118.083639	342.412091	264.954397	0.000000	0.000000
18.800000	-2052.302222	-2659.528207	607.225985	87.106754	526.363275	-3391.081875	118.083639	342.398439	264.827546	0.000000	0.000000
19.000000	-2051.454622	-2658.538520	607.083899	87.106748	527.352967	-3391.081875	118.083639	342.384115	264.699783	0.000000	0.000000
19.200000	-2050.596769	-2657.536997	606.940229	87.106750	528.354488	-3391.081875	118.083639	342.369133	264.571096	0.000000	0.000000
19.400000	-2049.728636	-2656.523627	606.794990	87.106753	529.367856	-3391.081875	118.083639	342.353501	264.441490	0.000000	0.000000
19.600000	-2048.850248	-2655.498455	606.648207	87.106748	530.393033	-3391.081875	118.083639	342.337228	264.310979	0.000000	0.000000
19.800000	-2047.961522	-2654.461394	606.499872	87.106751	531.430090	-3391.081875	118.083639	342.320328	264.179544	0.000000	0.000000
20.000000	-2047.062458	-2653.412463	606.350005	87.106752	532.479020	-3391.081875	118.083639	342.302808	264.047196	0.000000	0.000000
20.200000	-2046.153038	-2652.351652	606.198613	87.106758	533.539825	-3391.081875	118.083639	342.284681	263.913932	0.000000	0.000000
20.400000	-2045.233259	-2651.278981	606.045722	87.106751	534.612504	-3391.081875	118.083639	342.265954	263.779768	0.000000	0.000000
20.600000	-2044.303070	-2650.194397	605.891327	87.106749	535.697089	-3391.081875	118.083639	342.246641	263.644686	0.000000	0.000000
20.800000	-2043.362432	-2649.097868	605.735436	87.106753	536.793615	-3391.081875	118.083639	342.226752	263.508684	0.000000	0.000000
21.000000	-2042.411371	-2647.989445	605.578074	87.106752	537.902038	-3391.081875	118.083639	342.206296	263.371778	0.000000	0.000000
21.200000	-2041.449828	-2646.869067	605.419239	87.106759	539.022409	-3391.081875	118.083639	342.185285	263.233954	0.000000	0.000000
21.400000	-2040.477802	-2645.736763	605.258961	87.106756	540.154717	-3391.081875	118.083639	342.163728	263.095233	0.000000	0.000000
21.600000	-2039.495167	-2644.592502	605.097334	87.106756	541.298978	-3391.081875	118.083639	342.141637	262.955698	0.000000	0.000000
21.800000	-2038.501849	-2643.436250	604.934401	87.106758	542.455227	-3391.081875	118.083639	342.119022	262.815379	0.000000	0.000000
22.000000	-2037.497863	-2642.268050	604.770187	87.106753	543.623433	-3391.081875	118.083639	342.095892	262.674295	0.000000	0.000000
22.200000	-2036.483147	-2641.087843	604.604695	87.106752	544.803640	-3391.081875	118.083639	342.072261	262.532435	0.000000	0.000000
22.400000	-2035.457687	-2639.895630	604.437943	87.106757	545.995849	-3391.081875	118.083639	342.048138	262.389805	0.000000	0.000000
22.600000	-2034.421488	-2638.691445	604.269957	87.106750	547.200040	-3391.081875	118.083639	342.023532	262.246425	0.000000	0.000000
22.800000	-2033.404418	-2637.475223	604.070804	87.106750	548.416262	-3391.081875	118.083639	341.968523	262.102282	0.000000	0.000000
23.000000	-2032.346638	-2636.246954	603.900316	87.106751	549.644530	-3391.081875	118.083639	341.942933	261.957382	0.000000	0.000000
23.200000	-2031.278030	-2635.006658	603.728628	87.106754	550.884823	-3391.081875	118.083639	341.916895	261.811734	0.000000	0.000000
23.400000	-2030.198567	-2633.754329	603.555762	87.106748	552.137158	-3391.081875	118.083639	341.890414	261.665348	0.000000	0.000000
23.600000	-2029.108210	-2632.489932	603.381721	87.106753	553.401551	-3391.081875	118.083639	341.863507	261.518214	0.000000	0.000000
23.800000	-2028.006943	-2631.213469	603.206526	87.106755	554.678011	-3391.081875	118.083639	341.836182	261.370345	0.000000	0.000000
24.000000	-2026.894758	-2629.924954	603.030197	87.106751	555.966530	-3391.081875	118.083639	341.808447	261.221750	0.000000	0.000000
24.200000	-2025.771589	-2628.624325	602.852736	87.106751	557.267160	-3391.081875	118.083639	341.780315	261.072421	0.000000	0.000000
24.400000	-2024.637454	-2627.311620	602.674165	87.106753	558.579862	-3391.081875	118.083639	341.751797	260.922368	0.000000	0.000000
24.600000	-2023.492324	-2625.986825	602.494502	87.106750	559.904660	-3391.081875	118.083639	341.722902	260.771600	0.000000	0.000000
24.800000	-2022.336108	-2624.649887	602.313779	87.106755	561.241593	-3391.081875	118.083639	341.693643	260.620137	0.000000	0.000000
25.000000	-2021.168731	-2623.300877	602.132146	87.106752	562.590606	-3391.081875	118.083639	341.664026	260.468120	0.000000	0.000000
25.200000	-2019.990110	-2621.939731	601.949621	87.106752	563.951752	-3391.081875	118.083639	341.634066	260.315555	0.000000	0.000000
25.400000	-2018.800219	-2620.566445	601.766226	87.106750	565.325040	-3391.081875	118.083639	341.603770	260.162457	0.000000	0.000000
25.600000	-2017.599024	-2619.181001	601.581977	87.106753	566.710480	-3391.081875	118.083639	341.573151	260.008826	0.000000	0.000000
25.800000	-2016.386519	-2617.783416	601.396897	87.106757	568.108062	-3391.081875	118.083639	341.542218	259.854679	0.000000	0.000000
26.000000	-2015.162679	-2616.373685	601.211006	87.106756	569.517795	-3391.081875	118.083639	341.510980	259.700026	0.000000	0.000000
26.200000	-2013.927471	-2614.951792	601.024321	87.106756	570.939687	-3391.081875	118.083639	341.479449	259.544872	0.000000	0.000000
26.400000	-2012.680882	-2613.517745	600.836864	87.106753	572.373736	-3391.081875	118.083639	341.447635	259.389229	0.000000	0.000000
26.600000	-2011.422859	-2612.071507	600.648648	87.106754	573.819974	-3391.081875	118.083639	341.415548	259.233100	0.000000	0.000000
26.800000	-2010.153390	-2610.613085	600.459695	87.106752	575.278398	-3391.081875	118.083639	341.383197	259.076498	0.000000	0.000000
27.000000	-2008.872460	-2609.142485	600.270025	87.106750	576.749000	-3391.081875	118.083639	341.350594	258.919431	0.000000	0.000000
27.200000	-2007.580000	-2607.659649	600.079649	87.106753	578.231833	-3391.081875	118.083639	341.317748	258.761901	0.000000	0.000000
27.400000	-2006.276050	-2606.164650	599.888600	87.106753	579.726833	-3391.081875	118.083639	341.284669	258.603931	0.000000	0.000000
27.600000	-2004.960510	-2604.657408	599.696898	87.106752	581.234075	-3391.081875	118.083639	341.251367	258.445531	0.000000	0.000000
27.800000	-2003.633385	-2603.137951	599.504566	87.106755	582.753530	-3391.081875	118.083639	341.217852	258.286713	0.000000	0.000000
28.000000	-2002.294701	-2601.606333	599.311632	87.106750	584.285152	-3391.081875	118.083639	341.184134	258.127499	0.000000	0.000000
28.200000	-2000.944310	-2600.062405	599.118096	87.106754	585.829076	-3391.081875	118.083639	341.150223	257.967873	0.000000	0.000000
28.400000	-1999.582297	-2598.506289	598.923992	87.106753	587.385193	-3391.081875	118.083639	341.116127	257.807865	0.000000	0.000000
28.600000	-1998.208593	-2596.937926	598.729333	87.106751	588.953559	-3391.081875	118.083639	341.081856	257.647476	0.000000	0.000000
28.800000	-1996.823184	-2595.357322	598.534137	87.106751	590.534163	-3391.081875	118.083639	341.047422	257.486715	0.000000	0.000000
29.000000	-1995.426031	-2593.764453	598.338422	87.106752	592.127030	-3391.081875	118.083639	341.012834	257.325588	0.000000	0.000000
29.200000	-1994.017111	-2592.159315	598.142204	87.106757	593.732164	-3391.081875	118.083639	340.978100	257.164104	0.000000	0.000000
29.400000	-1992.596437	-2590.541947	597.945510	87.106753	595.349536	-3391.081875	118.083639	340.943228	257.002281	0.000000	0.000000
29.600000	-1991.163934	-2588.912282	597.748348	87.106754	596.979199	-3391.081875	118.083639	340.908231	256.840117	0.000000	0.000000
29.800000	-1989.719628	-2587.270378	597.550750	87.106756	598.621101	-3391.081875	118.083639	340.873117	256.677632	0.000000	0.000000
30.000000	-1988.263453	-2585.616192	597.352739	87.106752	600.275291	-3391.081875	118.083639	340.837893	256.514846	0.000000	0.000000
30.200000	-1986.795361	-2583.949690	597.154329	87.106755	601.941790	-3391.081875	118.083639	340.802571	256.351758	0.000000	0.000000
30.400000	-1985.315413	-2582.270963	596.955550	87.106750	603.620522	-3391.081875	118.083639	340.767158	256.188392	0.000000	0.000000
30.600000	-1983.823517	-2580.579926	596.756409	87.106756	605.311553	-3391.081875	118.083639	340.731668	256.024741	0.000000	0.000000
30.800000	-1982.319676	-2578.876605	596.556928	87.106754	607.014877	-3391.081875	118.083639	340.696103	255.860825	0.000000	0.000000
31.000000	-1980.803831	-2577.160951	596.357120	87.106757	608.730528	-3391.081875	118.083639	340.660476	255.696644	0.000000	0.000000
31.200000	-1979.276021	-2575.433032	596.157010	87.106755	610.458448	-3391.081875	118.083639	340.624794	255.532216	0.000000	0.000000
31.400000	-1977.736199	-2573.692812	595.956613	87.106748	612.198675	-3391.081875	118.083639	340.589064	255.367549	0.000000	0.000000
31.600000	-1976.184323	-2571.940266	595.755943	87.106751	613.951218	-3391.081875	118.083639	340.553302	255.202641	0.000000	0.000000
31.800000	-1974.620405	-2570.175427	595.555022	87.106753	615.716055	-3391.081875	118.083639	340.517511	255.037511	0.000000	0.000000
32.000000	-1973.044397	-2568.398260	595.353863	87.106752	617.493223	-3391.081875	118.083639	340.481699	254.872164	0.000000	0.000000
32.200000	-1971.456279	-2566.608763	595.152484	87.106751	619.282722	-3391.081875	118.083639	340.445876	254.706608	0.000000	0.000000
32.400000	-1969.856053	-2564.806958	594.950905	87.106751	621.084526	-3391.081875	118.083639	340.410051	254.540854	0.000000	0.000000
32.600000	-1968.243690	-2562.992833	594.749142	87.106754	622.898648	-3391.081875	118.083639	340.374233	254.374909	0.000000	0.000000
32.800000	-1966.619170	-2561.166382	594.547212	87.106754	624.725099	-3391.081875	118.083639	340.338427	254.208785	0.000000	0.000000
33.000000	-1964.982517	-2559.327653	594.345137	87.106754	626.563828	-3391.081875	118.083639	340.302645	254.042492	0.000000	0.000000
33.200000	-1963.333577	-2557.476493	594.142917	87.106755	628.414987	-3391.081875	118.083639	340.266891	253.876026	0.000000	0.000000
33.400000	-1961.672519	-2555.613111	593.940592	87.106755	630.278369	-3391.081875	118.083639	340.231177	253.709414	0.000000	0.000000
33.600000	-1959.999168	-2553.737328	593.738159	87.106753	632.154154	-3391.081875	118.083639	340.195507	253.542652	0.000000	0.000000
33.800000	-1958.313594	-2551.849241	593.535647	87.106757	634.042238	-3391.081875	118.083639	340.159894	253.375753	0.000000	0.000000
34.000000	-1956.615733	-2549.948798	593.333065	87.106756	635.942681	-3391.081875	118.083639	340.124341	253.208724	0.000000	0.000000
34.200000	-1954.905590	-2548.036023	593.130433	87.106755	637.855458	-3391.081875	118.083639	340.088856	253.041577	0.000000	0.000000
34.400000	-1953.183138	-2546.110904	592.927766	87.106753	639.780579	-3391.081875	118.083639	340.053448	252.874318	0.000000	0.000000
34.600000	-1951.448383	-2544.173466	592.725083	87.106754	641.718016	-3391.081875	118.083639	340.018127	252.706957	0.000000	0.000000
34.800000	-1949.701241	-2542.223634	592.522393	87.106754	643.667847	-3391.081875	118.083639	339.982896	252.539497	0.000000	0.000000
35.000000	-1947.941828	-2540.261554	592.319726	87.106750	645.629931	-3391.081875	118.083639	339.947764	252.371962	0.000000	0.000000
35.200000	-1946.169965	-2538.287045	592.117081	87.106754	647.604436	-3391.081875	118.083639	339.912741	252.204339	0.000000	0.000000
35.400000	-1944.385732	-2536.300215	591.914483	87.106751	649.591269	-3391.081875	118.083639	339.877830	252.036653	0.000000	0.000000
35.600000	-1942.589128	-2534.301078	591.711950	87.106752	651.590405	-3391.081875	118.083639	339.843041	251.868909	0.000000	0.000000
35.800000	-1940.780069	-2532.289560	591.509491	87.106753	653.601922	-3391.081875	118.083639	339.808381	251.701111	0.000000	0.000000
36.000000	-1938.958573	-2530.265698	591.307124	87.106751	655.625787	-3391.081875	118.083639	339.773853	251.533271	0.000000	0.000000
36.200000	-1937.124638	-2528.229506	591.104868	87.106755	657.661974	-3391.081875	118.083639	339.739472	251.365397	0.000000	0.000000
36.400000	-1935.278250	-2526.180985	590.902735	87.106753	659.710498	-3391.081875	118.083639	339.705235	251.197501	0.000000	0.000000
36.600000	-1933.419336	-2524.120072	590.700736	87.106748	661.771415	-3391.081875	118.083639	339.671152	251.029584	0.000000	0.000000
36.800000	-1931.547914	-2522.046805	590.498892	87.106754	663.844676	-3391.081875	118.083639	339.637236	250.861656	0.000000	0.000000
37.000000	-1929.664056	-2519.961279	590.297223	87.106753	665.930203	-3391.081875	118.083639	339.603487	250.693736	0.000000	0.000000
37.200000	-1927.767582	-2517.863310	590.095728	87.106753	668.028172	-3391.081875	118.083639	339.569911	250.525817	0.000000	0.000000
37.400000	-1925.858670	-2515.753112	589.894442	87.106751	670.138372	-3391.081875	118.083639	339.536517	250.357925	0.000000	0.000000
37.600000	-1923.937090	-2513.630448	589.693358	87.106750	672.261037	-3391.081875	118.083639	339.503310	250.190047	0.000000	0.000000
37.800000	-1922.003022	-2511.495532	589.492510	87.106751	674.395953	-3391.081875	118.083639	339.470299	250.022211	0.000000	0.000000
38.000000	-1920.056344	-2509.348245	589.291902	87.106754	676.543236	-3391.081875	118.083639	339.437488	249.854413	0.000000	0.000000
38.200000	-1918.097120	-2507.188673	589.091554	87.106750	678.702812	-3391.081875	118.083639	339.404881	249.686672	0.000000	0.000000
38.400000	-1916.125211	-2505.016681	588.891470	87.106750	680.874805	-3391.081875	118.083639	339.372486	249.518984	0.000000	0.000000
38.600000	-1914.140716	-2502.832392	588.691675	87.106753	683.059090	-3391.081875	118.083639	339.340312	249.351364	0.000000	0.000000
38.800000	-1912.143591	-2500.635770	588.492179	87.106752	685.255713	-3391.081875	118.083639	339.308358	249.183821	0.000000	0.000000
39.000000	-1910.133823	-2498.426819	588.292996	87.106749	687.464668	-3391.081875	118.083639	339.276632	249.016363	0.000000	0.000000
39.200000	-1908.111383	-2496.205523	588.094140	87.106751	689.685961	-3391.081875	118.083639	339.245145	248.848995	0.000000	0.000000
39.400000	-1906.076343	-2493.971974	587.895631	87.106750	691.919511	-3391.081875	118.083639	339.213897	248.681734	0.000000	0.000000
39.600000	-1904.028576	-2491.726047	587.697472	87.106749	694.165439	-3391.081875	118.083639	339.182893	248.514578	0.000000	0.000000
39.800000	-1901.968051	-2489.467728	587.499677	87.106755	696.423752	-3391.081875	118.083639	339.152145	248.347532	0.000000	0.000000
40.000000	-1899.894953	-2487.197226	587.302273	87.106751	698.694258	-3391.081875	118.083639	339.121649	248.180624	0.000000	0.000000
40.200000	-1897.809093	-2484.914353	587.105260	87.106752	700.977130	-3391.081875	118.083639	339.091416	248.013844	0.000000	0.000000
40.400000	-1895.710503	-2482.619159	586.908656	87.106754	703.272323	-3391.081875	118.083639	339.061451	247.847205	0.000000	0.000000
40.600000	-1893.599215	-2480.311691	586.712476	87.106753	705.579791	-3391.081875	118.083639	339.031756	247.680720	0.000000	0.000000
40.800000	-1891.475151	-2477.991879	586.516728	87.106755	707.899601	-3391.081875	118.083639	339.002340	247.514389	0.000000	0.000000
41.000000	-1889.338364	-2475.659792	586.321428	87.106749	710.231694	-3391.081875	118.083639	338.973200	247.348228	0.000000	0.000000
41.200000	-1887.188804	-2473.315394	586.126590	87.106751	712.576090	-3391.081875	118.083639	338.944352	247.182238	0.000000	0.000000
41.400000	-1885.026526	-2470.958755	585.932230	87.106752	714.932728	-3391.081875	118.083639	338.915795	247.016435	0.000000	0.000000
41.600000	-1882.851328	-2468.589671	585.738343	87.106754	717.301810	-3391.081875	118.083639	338.887533	246.850811	0.000000	0.000000
41.800000	-1880.663486	-2466.208451	585.544965	87.106748	719.683036	-3391.081875	118.083639	338.859567	246.685398	0.000000	0.000000
42.000000	-1878.462825	-2463.814924	585.352099	87.106749	722.076562	-3391.081875	118.083639	338.831911	246.520188	0.000000	0.000000
42.200000	-1876.249359	-2461.409115	585.159756	87.106752	724.482369	-3391.081875	118.083639	338.804564	246.355192	0.000000	0.000000
42.400000	-1874.023099	-2458.991048	584.967949	87.106751	726.900436	-3391.081875	118.083639	338.777530	246.190420	0.000000	0.000000
42.600000	-1871.783962	-2456.560648	584.776686	87.106752	729.330835	-3391.081875	118.083639	338.750813	246.025873	0.000000	0.000000
42.800000	-1869.532090	-2454.118079	584.585989	87.106751	731.773406	-3391.081875	118.083639	338.724417	245.861572	0.000000	0.000000
43.000000	-1867.267322	-2451.663183	584.395861	87.106754	734.228298	-3391.081875	118.083639	338.698351	245.697510	0.000000	0.000000
43.200000	-1864.989698	-2449.196010	584.206313	87.106751	736.695474	-3391.081875	118.083639	338.672610	245.533703	0.000000	0.000000
43.400000	-1862.699312	-2446.716680	584.017368	87.106752	739.174804	-3391.081875	118.083639	338.647205	245.370163	0.000000	0.000000
43.600000	-1860.396079	-2444.225110	583.829031	87.106751	741.666373	-3391.081875	118.083639	338.622139	245.206892	0.000000	0.000000
43.800000	-1858.079889	-2441.721194	583.641305	87.106753	744.170288	-3391.081875	118.083639	338.597414	245.043891	0.000000	0.000000
44.000000	-1855.750938	-2439.205154	583.454215	87.106749	746.686333	-3391.081875	118.083639	338.573032	244.881184	0.000000	0.000000
44.200000	-1853.409064	-2436.676831	583.267767	87.106754	749.214650	-3391.081875	118.083639	338.549004	244.718763	0.000000	0.000000
44.400000	-1851.054336	-2434.136306	583.081970	87.106751	751.755178	-3391.081875	118.083639	338.525324	244.556646	0.000000	0.000000
44.600000	-1848.686775	-2431.583617	582.896842	87.106752	754.307867	-3391.081875	118.083639	338.502003	244.394840	0.000000	0.000000
44.800000	-1846.306266	-2429.018650	582.712384	87.106751	756.872834	-3391.081875	118.083639	338.479039	244.233345	0.000000	0.000000
45.000000	-1843.912936	-2426.441554	582.528618	87.106752	759.449929	-3391.081875	118.083639	338.456440	244.072177	0.000000	0.000000
45.200000	-1841.506725	-2423.852274	582.345549	87.106752	762.039209	-3391.081875	118.083639	338.434208	243.911342	0.000000	0.000000
45.400000	-1839.087518	-2421.250700	582.163182	87.106754	764.640781	-3391.081875	118.083639	338.412345	243.750838	0.000000	0.000000
45.600000	-1836.655470	-2418.637008	581.981538	87.106755	767.254472	-3391.081875	118.083639	338.390854	243.590684	0.000000	0.000000
45.800000	-1834.210606	-2416.011232	581.800626	87.106750	769.880253	-3391.081875	118.083639	338.369736	243.430890	0.000000	0.000000
46.000000	-1831.752806	-2413.373261	581.620455	87.106750	772.518224	-3391.081875	118.083639	338.349000	243.271455	0.000000	0.000000
46.200000	-1829.281985	-2410.723011	581.441026	87.106752	775.168472	-3391.081875	118.083639	338.328646	243.112380	0.000000	0.000000
46.400000	-1826.798327	-2408.060691	581.262364	87.106753	777.830790	-3391.081875	118.083639	338.308677	242.953687	0.000000	0.000000
46.600000	-1824.301775	-2405.386249	581.084474	87.106753	780.505233	-3391.081875	118.083639	338.289095	242.795378	0.000000	0.000000
46.800000	-1821.792349	-2402.699718	580.907368	87.106755	783.191763	-3391.081875	118.083639	338.269905	242.637463	0.000000	0.000000
47.000000	-1819.269938	-2400.000986	580.731048	87.106752	785.890497	-3391.081875	118.083639	338.251105	242.479942	0.000000	0.000000
47.200000	-1816.734640	-2397.290174	580.555534	87.106756	788.601305	-3391.081875	118.083639	338.232706	242.322828	0.000000	0.000000
47.400000	-1814.186464	-2394.567294	580.380830	87.106751	791.324191	-3391.081875	118.083639	338.214699	242.166131	0.000000	0.000000
47.600000	-1811.625310	-2391.832255	580.206945	87.106750	794.059230	-3391.081875	118.083639	338.197096	242.009849	0.000000	0.000000
47.800000	-1809.051258	-2389.085154	580.033896	87.106753	796.806328	-3391.081875	118.083639	338.179900	241.853996	0.000000	0.000000
48.000000	-1806.464286	-2386.325971	579.861685	87.106750	799.565515	-3391.081875	118.083639	338.163106	241.698579	0.000000	0.000000
48.200000	-1803.864352	-2383.554675	579.690324	87.106751	802.336809	-3391.081875	118.083639	338.146723	241.543600	0.000000	0.000000
48.400000	-1801.251538	-2380.771366	579.519828	87.106756	805.120113	-3391.081875	118.083639	338.130755	241.389073	0.000000	0.000000
48.600000	-1798.625770	-2377.975964	579.350193	87.106751	807.915520	-3391.081875	118.083639	338.115193	241.235001	0.000000	0.000000
48.800000	-1795.987113	-2375.168558	579.181445	87.106754	810.722923	-3391.081875	118.083639	338.100052	241.081393	0.000000	0.000000
49.000000	-1793.335517	-2372.349099	579.013582	87.106754	813.542382	-3391.081875	118.083639	338.085327	240.928255	0.000000	0.000000
49.200000	-1790.671069	-2369.517689	578.846620	87.106750	816.373796	-3391.081875	118.083639	338.071021	240.775599	0.000000	0.000000
49.400000	-1787.993636	-2366.674201	578.680565	87.106754	819.217281	-3391.081875	118.083639	338.057143	240.623422	0.000000	0.000000
49.600000	-1785.303262	-2363.818683	578.515421	87.106752	822.072801	-3391.081875	118.083639	338.043685	240.471736	0.000000	0.000000
49.800000	-1782.600021	-2360.951228	578.351207	87.106753	824.940254	-3391.081875	118.083639	338.030656	240.320551	0.000000	0.000000
50.000000	-1779.883830	-2358.071755	578.187925	87.106753	827.819728	-3391.081875	118.083639	338.018056	240.169870	0.000000	0.000000
50.200000	-1777.154803	-2355.180394	578.025591	87.106754	830.711087	-3391.081875	118.083639	338.005887	240.019704	0.000000	0.000000
50.400000	-1774.412762	-2352.276965	577.864203	87.106753	833.614517	-3391.081875	118.083639	337.994151	239.870052	0.000000	0.000000
50.600000	-1771.657823	-2349.361600	577.703777	87.106754	836.529882	-3391.081875	118.083639	337.982850	239.720927	0.000000	0.000000
50.800000	-1768.890023	-2346.434344	577.544321	87.106750	839.457141	-3391.081875	118.083639	337.971984	239.572337	0.000000	0.000000
51.000000	-1766.109386	-2343.495234	577.385847	87.106748	842.396253	-3391.081875	118.083639	337.961558	239.424289	0.000000	0.000000
51.200000	-1763.285813	-2340.544074	577.258260	87.106754	845.347408	-3391.081875	118.083639	337.981480	239.276780	0.000000	0.000000
51.400000	-1760.479317	-2337.581021	577.101703	87.106751	848.310464	-3391.081875	118.083639	337.971878	239.129825	0.000000	0.000000
51.600000	-1757.659943	-2334.606099	576.946155	87.106754	851.285383	-3391.081875	118.083639	337.962725	238.983430	0.000000	0.000000
51.800000	-1754.827678	-2331.619295	576.791618	87.106753	854.272187	-3391.081875	118.083639	337.954016	238.837602	0.000000	0.000000
52.000000	-1751.982543	-2328.620646	576.638103	87.106754	857.270835	-3391.081875	118.083639	337.945756	238.692347	0.000000	0.000000
52.200000	-1749.124554	-2325.610169	576.485616	87.106749	860.281317	-3391.081875	118.083639	337.937943	238.547673	0.000000	0.000000
52.400000	-1746.253661	-2322.587829	576.334168	87.106748	863.303659	-3391.081875	118.083639	337.930585	238.403583	0.000000	0.000000
52.600000	-1743.338613	-2319.553628	576.215015	87.106752	866.337855	-3391.081875	118.083639	337.954932	238.260083	0.000000	0.000000
52.800000	-1740.442055	-2316.507587	576.065532	87.106756	869.383892	-3391.081875	118.083639	337.948351	238.117182	0.000000	0.000000
53.000000	-1737.532645	-2313.449756	575.917110	87.106754	872.441725	-3391.081875	118.083639	337.942224	237.974886	0.000000	0.000000
53.200000	-1734.610408	-2310.380170	575.769762	87.106753	875.511313	-3391.081875	118.083639	337.936558	237.833204	0.000000	0.000000
53.400000	-1731.675314	-2307.298806	575.623492	87.106750	878.592679	-3391.081875	118.083639	337.931353	237.692139	0.000000	0.000000
53.600000	-1728.727282	-2304.205593	575.478312	87.106754	881.685888	-3391.081875	118.083639	337.926617	237.551695	0.000000	0.000000
53.800000	-1725.766534	-2301.100765	575.334231	87.106753	884.790717	-3391.081875	118.083639	337.922343	237.411887	0.000000	0.000000
54.000000	-1722.792837	-2297.984086	575.191249	87.106752	887.907397	-3391.081875	118.083639	337.918537	237.272712	0.000000	0.000000
54.200000	-1719.806315	-2294.855697	575.049382	87.106754	891.035784	-3391.081875	118.083639	337.915203	237.134179	0.000000	0.000000
54.400000	-1716.807066	-2291.715700	574.908635	87.106747	894.175788	-3391.081875	118.083639	337.912333	236.996301	0.000000	0.000000
54.600000	-1713.794907	-2288.563927	574.769020	87.106752	897.327556	-3391.081875	118.083639	337.909946	236.859074	0.000000	0.000000
54.800000	-1710.769988	-2285.400529	574.630541	87.106751	900.490956	-3391.081875	118.083639	337.908030	236.722511	0.000000	0.000000
55.000000	-1707.732147	-2282.225353	574.493206	87.106754	903.666128	-3391.081875	118.083639	337.906595	236.586611	0.000000	0.000000
55.200000	-1704.681512	-2279.038533	574.357022	87.106754	906.852948	-3391.081875	118.083639	337.905637	236.451385	0.000000	0.000000
55.400000	-1701.618159	-2275.840157	574.221998	87.106749	910.051329	-3391.081875	118.083639	337.905156	236.316842	0.000000	0.000000
55.600000	-1698.542032	-2272.630180	574.088148	87.106748	913.261307	-3391.081875	118.083639	337.905161	236.182986	0.000000	0.000000
55.800000	-1695.453074	-2269.408547	573.955473	87.106749	916.482939	-3391.081875	118.083639	337.905654	236.049819	0.000000	0.000000
56.000000	-1692.351279	-2266.175264	573.823985	87.106753	919.716219	-3391.081875	118.083639	337.906637	235.917348	0.000000	0.000000
56.200000	-1689.236781	-2262.930470	573.693689	87.106753	922.961013	-3391.081875	118.083639	337.908107	235.785582	0.000000	0.000000
56.400000	-1686.109466	-2259.674059	573.564593	87.106753	926.217424	-3391.081875	118.083639	337.910069	235.654524	0.000000	0.000000
56.600000	-1682.969415	-2256.406120	573.436705	87.106751	929.485365	-3391.081875	118.083639	337.912524	235.524181	0.000000	0.000000
56.800000	-1679.816733	-2253.126772	573.310039	87.106748	932.764715	-3391.081875	118.083639	337.915475	235.394564	0.000000	0.000000
57.000000	-1676.651111	-2249.835709	573.184598	87.106754	936.055772	-3391.081875	118.083639	337.918932	235.265666	0.000000	0.000000
57.200000	-1673.472856	-2246.533245	573.060389	87.106753	939.358237	-3391.081875	118.083639	337.922886	235.137504	0.000000	0.000000
57.400000	-1670.281964	-2243.219386	572.937422	87.106747	942.672102	-3391.081875	118.083639	337.927339	235.010083	0.000000	0.000000
57.600000	-1667.078287	-2239.893996	572.815709	87.106750	945.997489	-3391.081875	118.083639	337.932306	234.883403	0.000000	0.000000
57.800000	-1663.861827	-2236.557079	572.695251	87.106751	949.334405	-3391.081875	118.083639	337.937782	234.757469	0.000000	0.000000
58.000000	-1660.632692	-2233.208753	572.576062	87.106754	952.682728	-3391.081875	118.083639	337.943770	234.632291	0.000000	0.000000
58.200000	-1657.390937	-2229.849084	572.458147	87.106752	956.042399	-3391.081875	118.083639	337.950271	234.507876	0.000000	0.000000
58.400000	-1654.136473	-2226.477990	572.341517	87.106754	959.413491	-3391.081875	118.083639	337.957291	234.384226	0.000000	0.000000
58.600000	-1650.869443	-2223.095623	572.226179	87.106751	962.795862	-3391.081875	118.083639	337.964828	234.261351	0.000000	0.000000
58.800000	-1647.559728	-2219.701782	572.142054	87.106751	966.189702	-3391.081875	118.083639	338.002805	234.139248	0.000000	0.000000
59.000000	-1644.267219	-2216.296473	572.029254	87.106756	969.595006	-3391.081875	118.083639	338.011331	234.017923	0.000000	0.000000
59.200000	-1640.962283	-2212.880056	571.917774	87.106755	973.011424	-3391.081875	118.083639	338.020380	233.897394	0.000000	0.000000
59.400000	-1637.644596	-2209.452213	571.807617	87.106755	976.439268	-3391.081875	118.083639	338.029964	233.777653	0.000000	0.000000
59.600000	-1634.314334	-2206.013128	571.698793	87.106751	979.878356	-3391.081875	118.083639	338.040082	233.658711	0.000000	0.000000
59.800000	-1630.971401	-2202.562715	571.591314	87.106751	983.328769	-3391.081875	118.083639	338.050743	233.540571	0.000000	0.000000
60.000000	-1627.615882	-2199.101072	571.485190	87.106753	986.790411	-3391.081875	118.083639	338.061950	233.423240	0.000000	0.000000
