0,0,-3.379502e+003
0,1,-3.380032e+003
0,2,-3.380457e+003
0,3,-3.380726e+003
0,4,-3.381117e+003
0,5,-3.381261e+003
0,6,-3.381507e+003
0,7,-3.381635e+003
0,8,-3.381821e+003
0,9,-3.382032e+003
0,10,-3.382217e+003
1,0,-3.382346e+003
1,1,-3.382530e+003
1,2,-3.382525e+003
1,3,-3.382711e+003
1,4,-3.382837e+003
1,5,-3.382972e+003
1,6,-3.383197e+003
1,7,-3.383338e+003
1,8,-3.383746e+003
1,9,-3.383832e+003
1,10,-3.384511e+003
2,0,-3.385153e+003
2,1,-3.385566e+003
2,2,-3.386011e+003
2,3,-3.386490e+003
2,4,-3.386968e+003
2,5,-3.387370e+003
2,6,-3.387514e+003
2,7,-3.387825e+003
2,8,-3.387905e+003
2,9,-3.388159e+003
2,10,-3.388198e+003
3,0,-3.388425e+003
3,1,-3.388643e+003
3,2,-3.388860e+003
3,3,-3.389572e+003
3,4,-3.389804e+003
3,5,-3.390118e+003
3,6,-3.390411e+003
3,7,-3.391244e+003
3,8,-3.391511e+003
3,9,-3.392041e+003
3,10,-3.392259e+003
4,0,-3.392423e+003
4,1,-3.392599e+003
4,2,-3.392935e+003
4,3,-3.393094e+003
4,4,-3.393412e+003
4,5,-3.393776e+003
4,6,-3.393883e+003
4,7,-3.393985e+003
4,8,-3.393942e+003
4,9,-3.393917e+003
4,10,-3.394032e+003
5,0,-3.394072e+003
5,1,-3.394035e+003
5,2,-3.393983e+003
5,3,-3.393998e+003
5,4,-3.394001e+003
5,5,-3.394009e+003
5,6,-3.394015e+003
5,7,-3.393949e+003
5,8,-3.393960e+003
5,9,-3.393963e+003
5,10,-3.393966e+003
6,0,-3.393975e+003
6,1,-3.393978e+003
6,2,-3.393980e+003
6,3,-3.393981e+003
6,4,-3.393984e+003
6,5,-3.393986e+003
6,6,-3.393989e+003
6,7,-3.393990e+003
6,8,-3.394063e+003
6,9,-3.394065e+003
6,10,-3.394068e+003
7,0,-3.394148e+003
7,1,-3.394079e+003
7,2,-3.394152e+003
7,3,-3.394147e+003
7,4,-3.394150e+003
7,5,-3.394153e+003
7,6,-3.394155e+003
7,7,-3.394016e+003
7,8,-3.394018e+003
7,9,-3.394020e+003
7,10,-3.393951e+003
8,0,-3.393959e+003
8,1,-3.393961e+003
8,2,-3.393893e+003
8,3,-3.393827e+003
8,4,-3.393830e+003
8,5,-3.393835e+003
8,6,-3.393792e+003
8,7,-3.393796e+003
8,8,-3.393871e+003
8,9,-3.393874e+003
8,10,-3.393879e+003
9,0,-3.393817e+003
9,1,-3.393827e+003
9,2,-3.393830e+003
9,3,-3.393902e+003
9,4,-3.393834e+003
9,5,-3.393907e+003
9,6,-3.393980e+003
9,7,-3.393983e+003
9,8,-3.394055e+003
9,9,-3.394057e+003
9,10,-3.394059e+003
10,0,-3.394063e+003
10,1,-3.394111e+003
10,2,-3.394112e+003
10,3,-3.394113e+003
10,4,-3.394184e+003
10,5,-3.394193e+003
10,6,-3.394193e+003
10,7,-3.394265e+003
10,8,-3.394273e+003
10,9,-3.394266e+003
10,10,-3.394266e+003
11,0,-3.394269e+003
11,1,-3.394206e+003
11,2,-3.394207e+003
11,3,-3.394207e+003
11,4,-3.394207e+003
11,5,-3.394207e+003
11,6,-3.394208e+003
11,7,-3.394208e+003
11,8,-3.394208e+003
11,9,-3.394208e+003
11,10,-3.394208e+003
12,0,-3.394139e+003
12,1,-3.394139e+003
12,2,-3.394140e+003
12,3,-3.394140e+003
12,4,-3.394140e+003
12,5,-3.394132e+003
12,6,-3.394132e+003
12,7,-3.394132e+003
12,8,-3.394132e+003
12,9,-3.394132e+003
12,10,-3.394133e+003
13,0,-3.394133e+003
13,1,-3.394134e+003
13,2,-3.394134e+003
13,3,-3.394205e+003
13,4,-3.394206e+003
13,5,-3.394206e+003
13,6,-3.394238e+003
13,7,-3.394238e+003
13,8,-3.394238e+003
13,9,-3.394239e+003
13,10,-3.394239e+003
14,0,-3.394238e+003
14,1,-3.394239e+003
14,2,-3.394239e+003
14,3,-3.394239e+003
14,4,-3.394239e+003
14,5,-3.394239e+003
14,6,-3.394239e+003
14,7,-3.394169e+003
14,8,-3.394169e+003
14,9,-3.394169e+003
14,10,-3.394169e+003
15,0,-3.394167e+003
15,1,-3.394167e+003
15,2,-3.394167e+003
15,3,-3.394167e+003
15,4,-3.394167e+003
15,5,-3.394167e+003
15,6,-3.394167e+003
15,7,-3.394167e+003
15,8,-3.394167e+003
15,9,-3.394167e+003
15,10,-3.394167e+003
16,0,-3.394165e+003
16,1,-3.394165e+003
16,2,-3.394165e+003
16,3,-3.394165e+003
16,4,-3.394165e+003
16,5,-3.394165e+003
16,6,-3.394165e+003
16,7,-3.394165e+003
16,8,-3.394165e+003
16,9,-3.394165e+003
16,10,-3.394165e+003
17,0,-3.394161e+003
17,1,-3.394161e+003
17,2,-3.394161e+003
17,3,-3.394161e+003
17,4,-3.394161e+003
17,5,-3.394161e+003
17,6,-3.394161e+003
17,7,-3.394161e+003
17,8,-3.394161e+003
17,9,-3.394161e+003
17,10,-3.394161e+003
18,0,-3.394157e+003
18,1,-3.394157e+003
18,2,-3.394157e+003
18,3,-3.394157e+003
18,4,-3.394157e+003
18,5,-3.394228e+003
18,6,-3.394228e+003
18,7,-3.394228e+003
18,8,-3.394228e+003
18,9,-3.394228e+003
18,10,-3.394228e+003
19,0,-3.394222e+003
19,1,-3.394222e+003
19,2,-3.394222e+003
19,3,-3.394222e+003
19,4,-3.394222e+003
19,5,-3.394222e+003
19,6,-3.394222e+003
19,7,-3.394222e+003
19,8,-3.394222e+003
19,9,-3.394222e+003
19,10,-3.394222e+003
20,0,-3.394216e+003
20,1,-3.394216e+003
20,2,-3.394216e+003
20,3,-3.394216e+003
20,4,-3.394216e+003
20,5,-3.394216e+003
20,6,-3.394216e+003
20,7,-3.394216e+003
20,8,-3.394216e+003
20,9,-3.394216e+003
20,10,-3.394216e+003
21,0,-3.394209e+003
21,1,-3.394209e+003
21,2,-3.394209e+003
21,3,-3.394209e+003
21,4,-3.394209e+003
21,5,-3.394209e+003
21,6,-3.394209e+003
21,7,-3.394209e+003
21,8,-3.394209e+003
21,9,-3.394209e+003
21,10,-3.394209e+003
22,0,-3.394201e+003
22,1,-3.394201e+003
22,2,-3.394201e+003
22,3,-3.394201e+003
22,4,-3.394201e+003
22,5,-3.394201e+003
22,6,-3.394201e+003
22,7,-3.394201e+003
22,8,-3.394201e+003
22,9,-3.394201e+003
22,10,-3.394201e+003
23,0,-3.394192e+003
23,1,-3.394192e+003
23,2,-3.394192e+003
23,3,-3.394192e+003
23,4,-3.394192e+003
23,5,-3.394192e+003
23,6,-3.394192e+003
23,7,-3.394192e+003
23,8,-3.394192e+003
23,9,-3.394192e+003
23,10,-3.394192e+003
24,0,-3.394182e+003
24,1,-3.394182e+003
24,2,-3.394182e+003
24,3,-3.394182e+003
24,4,-3.394182e+003
24,5,-3.394182e+003
24,6,-3.394182e+003
24,7,-3.394182e+003
24,8,-3.394182e+003
24,9,-3.394182e+003
24,10,-3.394182e+003
25,0,-3.394171e+003
25,1,-3.394171e+003
25,2,-3.394171e+003
25,3,-3.394171e+003
25,4,-3.394171e+003
25,5,-3.394171e+003
25,6,-3.394171e+003
25,7,-3.394171e+003
25,8,-3.394171e+003
25,9,-3.394171e+003
25,10,-3.394171e+003
26,0,-3.394159e+003
26,1,-3.394159e+003
26,2,-3.394159e+003
26,3,-3.394159e+003
26,4,-3.394159e+003
26,5,-3.394159e+003
26,6,-3.394159e+003
26,7,-3.394159e+003
26,8,-3.394159e+003
26,9,-3.394159e+003
26,10,-3.394159e+003
27,0,-3.394147e+003
27,1,-3.394147e+003
27,2,-3.394147e+003
27,3,-3.394147e+003
27,4,-3.394147e+003
27,5,-3.394147e+003
27,6,-3.394147e+003
27,7,-3.394147e+003
27,8,-3.394147e+003
27,9,-3.394147e+003
27,10,-3.394147e+003
28,0,-3.394133e+003
28,1,-3.394133e+003
28,2,-3.394133e+003
28,3,-3.394133e+003
28,4,-3.394133e+003
28,5,-3.394133e+003
28,6,-3.394133e+003
28,7,-3.394133e+003
28,8,-3.394133e+003
28,9,-3.394133e+003
28,10,-3.394133e+003
29,0,-3.394119e+003
29,1,-3.394119e+003
29,2,-3.394119e+003
29,3,-3.394119e+003
29,4,-3.394119e+003
29,5,-3.394119e+003
29,6,-3.394119e+003
29,7,-3.394119e+003
29,8,-3.394119e+003
29,9,-3.394119e+003
29,10,-3.394119e+003
30,0,-3.394104e+003
30,1,-3.394104e+003
30,2,-3.394104e+003
30,3,-3.394104e+003
30,4,-3.394104e+003
30,5,-3.394104e+003
30,6,-3.394104e+003
30,7,-3.394104e+003
30,8,-3.394104e+003
30,9,-3.394104e+003
30,10,-3.394104e+003
31,0,-3.394088e+003
31,1,-3.394088e+003
31,2,-3.394088e+003
31,3,-3.394088e+003
31,4,-3.394088e+003
31,5,-3.394088e+003
31,6,-3.394088e+003
31,7,-3.394088e+003
31,8,-3.394088e+003
31,9,-3.394088e+003
31,10,-3.394088e+003
32,0,-3.394071e+003
32,1,-3.394071e+003
32,2,-3.394071e+003
32,3,-3.394071e+003
32,4,-3.394071e+003
32,5,-3.394071e+003
32,6,-3.394071e+003
32,7,-3.394071e+003
32,8,-3.394071e+003
32,9,-3.394071e+003
32,10,-3.394071e+003
33,0,-3.394054e+003
33,1,-3.394054e+003
33,2,-3.394054e+003
33,3,-3.394054e+003
33,4,-3.394054e+003
33,5,-3.394054e+003
33,6,-3.394054e+003
33,7,-3.394054e+003
33,8,-3.394054e+003
33,9,-3.394054e+003
33,10,-3.394054e+003
34,0,-3.393763e+003
34,1,-3.393763e+003
34,2,-3.393763e+003
34,3,-3.393763e+003
34,4,-3.393763e+003
34,5,-3.393763e+003
34,6,-3.393763e+003
34,7,-3.393763e+003
34,8,-3.393763e+003
34,9,-3.393763e+003
34,10,-3.393763e+003
35,0,-3.392651e+003
35,1,-3.392651e+003
35,2,-3.392651e+003
35,3,-3.392651e+003
35,4,-3.392651e+003
35,5,-3.392651e+003
35,6,-3.392651e+003
35,7,-3.392651e+003
35,8,-3.392651e+003
35,9,-3.392651e+003
35,10,-3.392651e+003
36,0,-3.391278e+003
36,1,-3.391278e+003
36,2,-3.391278e+003
36,3,-3.391278e+003
36,4,-3.391278e+003
36,5,-3.391278e+003
36,6,-3.391278e+003
36,7,-3.391278e+003
36,8,-3.391278e+003
36,9,-3.391278e+003
36,10,-3.391278e+003
37,0,-3.391283e+003
37,1,-3.391283e+003
37,2,-3.391283e+003
37,3,-3.391283e+003
37,4,-3.391283e+003
37,5,-3.391283e+003
37,6,-3.391283e+003
37,7,-3.391283e+003
37,8,-3.391283e+003
37,9,-3.391283e+003
37,10,-3.391283e+003
38,0,-3.391287e+003
38,1,-3.391287e+003
38,2,-3.391287e+003
38,3,-3.391287e+003
38,4,-3.391287e+003
38,5,-3.391287e+003
38,6,-3.391287e+003
38,7,-3.391287e+003
38,8,-3.391287e+003
38,9,-3.391287e+003
38,10,-3.391287e+003
39,0,-3.391290e+003
39,1,-3.391290e+003
39,2,-3.391290e+003
39,3,-3.391290e+003
39,4,-3.391290e+003
39,5,-3.391290e+003
39,6,-3.391290e+003
39,7,-3.391290e+003
39,8,-3.391290e+003
39,9,-3.391290e+003
39,10,-3.391290e+003
40,0,-3.391292e+003
40,1,-3.391292e+003
40,2,-3.391292e+003
40,3,-3.391292e+003
40,4,-3.391292e+003
40,5,-3.391292e+003
40,6,-3.391292e+003
40,7,-3.391292e+003
40,8,-3.391292e+003
40,9,-3.391292e+003
40,10,-3.391292e+003
41,0,-3.391293e+003
41,1,-3.391293e+003
41,2,-3.391293e+003
41,3,-3.391293e+003
41,4,-3.391293e+003
41,5,-3.391293e+003
41,6,-3.391293e+003
41,7,-3.391293e+003
41,8,-3.391293e+003
41,9,-3.391293e+003
41,10,-3.391293e+003
42,0,-3.391293e+003
42,1,-3.391293e+003
42,2,-3.391293e+003
42,3,-3.391293e+003
42,4,-3.391293e+003
42,5,-3.391293e+003
42,6,-3.391293e+003
42,7,-3.391293e+003
42,8,-3.391293e+003
42,9,-3.391293e+003
42,10,-3.391293e+003
43,0,-3.391293e+003
43,1,-3.391293e+003
43,2,-3.391293e+003
43,3,-3.391293e+003
43,4,-3.391293e+003
43,5,-3.391293e+003
43,6,-3.391293e+003
43,7,-3.391293e+003
43,8,-3.391293e+003
43,9,-3.391293e+003
43,10,-3.391293e+003
44,0,-3.391291e+003
44,1,-3.391291e+003
44,2,-3.391291e+003
44,3,-3.391291e+003
44,4,-3.391291e+003
44,5,-3.391291e+003
44,6,-3.391291e+003
44,7,-3.391284e+003
44,8,-3.391284e+003
44,9,-3.391284e+003
44,10,-3.391284e+003
45,0,-3.391281e+003
45,1,-3.391281e+003
45,2,-3.391281e+003
45,3,-3.391281e+003
45,4,-3.391281e+003
45,5,-3.391281e+003
45,6,-3.391281e+003
45,7,-3.391281e+003
45,8,-3.391281e+003
45,9,-3.391281e+003
45,10,-3.391281e+003
46,0,-3.391279e+003
46,1,-3.391279e+003
46,2,-3.391279e+003
46,3,-3.391286e+003
46,4,-3.391286e+003
46,5,-3.391286e+003
46,6,-3.391286e+003
46,7,-3.391286e+003
46,8,-3.391286e+003
46,9,-3.391286e+003
46,10,-3.391286e+003
47,0,-3.391283e+003
47,1,-3.391283e+003
47,2,-3.391283e+003
47,3,-3.391283e+003
47,4,-3.391283e+003
47,5,-3.391283e+003
47,6,-3.391283e+003
47,7,-3.391283e+003
47,8,-3.391283e+003
47,9,-3.391283e+003
47,10,-3.391283e+003
48,0,-3.391278e+003
48,1,-3.391278e+003
48,2,-3.391278e+003
48,3,-3.391278e+003
48,4,-3.391278e+003
48,5,-3.391278e+003
48,6,-3.391278e+003
48,7,-3.391278e+003
48,8,-3.391278e+003
48,9,-3.391278e+003
48,10,-3.391278e+003
49,0,-3.391273e+003
49,1,-3.391273e+003
49,2,-3.391273e+003
49,3,-3.391273e+003
49,4,-3.391273e+003
49,5,-3.391273e+003
49,6,-3.391273e+003
49,7,-3.391273e+003
49,8,-3.391273e+003
49,9,-3.391273e+003
49,10,-3.391273e+003
50,0,-3.391267e+003
50,1,-3.391267e+003
50,2,-3.391267e+003
50,3,-3.391267e+003
50,4,-3.391267e+003
50,5,-3.391267e+003
50,6,-3.391267e+003
50,7,-3.391267e+003
50,8,-3.391267e+003
50,9,-3.391267e+003
50,10,-3.391267e+003
51,0,-3.391261e+003
51,1,-3.391261e+003
51,2,-3.391261e+003
51,3,-3.391261e+003
51,4,-3.391261e+003
51,5,-3.391261e+003
51,6,-3.391261e+003
51,7,-3.391261e+003
51,8,-3.391261e+003
51,9,-3.391261e+003
51,10,-3.391261e+003
52,0,-3.391254e+003
52,1,-3.391254e+003
52,2,-3.391254e+003
52,3,-3.391254e+003
52,4,-3.391254e+003
52,5,-3.391254e+003
52,6,-3.391254e+003
52,7,-3.391254e+003
52,8,-3.391254e+003
52,9,-3.391254e+003
52,10,-3.391254e+003
53,0,-3.391246e+003
53,1,-3.391246e+003
53,2,-3.391246e+003
53,3,-3.391246e+003
53,4,-3.391246e+003
53,5,-3.391246e+003
53,6,-3.391246e+003
53,7,-3.391246e+003
53,8,-3.391246e+003
53,9,-3.391246e+003
53,10,-3.391246e+003
54,0,-3.391238e+003
54,1,-3.391238e+003
54,2,-3.391238e+003
54,3,-3.391238e+003
54,4,-3.391238e+003
54,5,-3.391238e+003
54,6,-3.391238e+003
54,7,-3.391238e+003
54,8,-3.391238e+003
54,9,-3.391238e+003
54,10,-3.391238e+003
55,0,-3.391229e+003
55,1,-3.391229e+003
55,2,-3.391229e+003
55,3,-3.391229e+003
55,4,-3.391229e+003
55,5,-3.391229e+003
55,6,-3.391229e+003
55,7,-3.391229e+003
55,8,-3.391229e+003
55,9,-3.391229e+003
55,10,-3.391229e+003
56,0,-3.391219e+003
56,1,-3.391219e+003
56,2,-3.391219e+003
56,3,-3.391219e+003
56,4,-3.391219e+003
56,5,-3.391219e+003
56,6,-3.391219e+003
56,7,-3.391219e+003
56,8,-3.391219e+003
56,9,-3.391219e+003
56,10,-3.391219e+003
57,0,-3.391209e+003
57,1,-3.391209e+003
57,2,-3.391209e+003
57,3,-3.391209e+003
57,4,-3.391209e+003
57,5,-3.391209e+003
57,6,-3.391209e+003
57,7,-3.391209e+003
57,8,-3.391209e+003
57,9,-3.391209e+003
57,10,-3.391209e+003
58,0,-3.391198e+003
58,1,-3.391198e+003
58,2,-3.391198e+003
58,3,-3.391198e+003
58,4,-3.391198e+003
58,5,-3.391198e+003
58,6,-3.391198e+003
58,7,-3.391198e+003
58,8,-3.391198e+003
58,9,-3.391198e+003
58,10,-3.391198e+003
59,0,-3.391187e+003
59,1,-3.391187e+003
59,2,-3.391187e+003
59,3,-3.391187e+003
59,4,-3.391187e+003
59,5,-3.391187e+003
59,6,-3.391187e+003
59,7,-3.391187e+003
59,8,-3.391187e+003
59,9,-3.391187e+003
59,10,-3.391187e+003
60,0,-3.391175e+003
60,1,-3.391175e+003
60,2,-3.391175e+003
60,3,-3.391175e+003
60,4,-3.391175e+003
60,5,-3.391175e+003
60,6,-3.391175e+003
60,7,-3.391175e+003
60,8,-3.391175e+003
60,9,-3.391175e+003
60,10,-3.391175e+003
61,0,-3.391162e+003
61,1,-3.391162e+003
61,2,-3.391162e+003
61,3,-3.391162e+003
61,4,-3.391162e+003
61,5,-3.391162e+003
61,6,-3.391154e+003
61,7,-3.391154e+003
61,8,-3.391154e+003
61,9,-3.391154e+003
61,10,-3.391154e+003
62,0,-3.391141e+003
62,1,-3.391141e+003
62,2,-3.391141e+003
62,3,-3.391141e+003
62,4,-3.391141e+003
62,5,-3.391141e+003
62,6,-3.391141e+003
62,7,-3.391141e+003
62,8,-3.391141e+003
62,9,-3.391141e+003
62,10,-3.391141e+003
63,0,-3.391128e+003
63,1,-3.391128e+003
63,2,-3.391128e+003
63,3,-3.391128e+003
63,4,-3.391128e+003
63,5,-3.391128e+003
63,6,-3.391128e+003
63,7,-3.391128e+003
63,8,-3.391128e+003
63,9,-3.391128e+003
63,10,-3.391128e+003
64,0,-3.391114e+003
64,1,-3.391114e+003
64,2,-3.391114e+003
64,3,-3.391114e+003
64,4,-3.391114e+003
64,5,-3.391114e+003
64,6,-3.391114e+003
64,7,-3.391122e+003
64,8,-3.391122e+003
64,9,-3.391122e+003
64,10,-3.391122e+003
65,0,-3.391108e+003
65,1,-3.391108e+003
65,2,-3.391108e+003
65,3,-3.391108e+003
65,4,-3.391108e+003
65,5,-3.391108e+003
65,6,-3.391108e+003
65,7,-3.391108e+003
65,8,-3.391108e+003
65,9,-3.391108e+003
65,10,-3.391108e+003
66,0,-3.391093e+003
66,1,-3.391093e+003
66,2,-3.391093e+003
66,3,-3.391093e+003
66,4,-3.391093e+003
66,5,-3.391093e+003
66,6,-3.391093e+003
66,7,-3.391093e+003
66,8,-3.391093e+003
66,9,-3.391093e+003
66,10,-3.391093e+003
67,0,-3.391078e+003
67,1,-3.391078e+003
67,2,-3.391078e+003
67,3,-3.391078e+003
67,4,-3.391078e+003
67,5,-3.391078e+003
67,6,-3.391078e+003
67,7,-3.391078e+003
67,8,-3.391078e+003
67,9,-3.391078e+003
67,10,-3.391078e+003
68,0,-3.391062e+003
68,1,-3.391062e+003
68,2,-3.391062e+003
68,3,-3.391062e+003
68,4,-3.391062e+003
68,5,-3.391062e+003
68,6,-3.391062e+003
68,7,-3.391062e+003
68,8,-3.391062e+003
68,9,-3.391062e+003
68,10,-3.391062e+003
69,0,-3.391046e+003
69,1,-3.391046e+003
69,2,-3.391046e+003
69,3,-3.391046e+003
69,4,-3.391046e+003
69,5,-3.391046e+003
69,6,-3.391046e+003
69,7,-3.391046e+003
69,8,-3.391046e+003
69,9,-3.391046e+003
69,10,-3.391046e+003
70,0,-3.391030e+003
70,1,-3.391030e+003
70,2,-3.391030e+003
70,3,-3.391030e+003
70,4,-3.391030e+003
70,5,-3.391030e+003
70,6,-3.391030e+003
70,7,-3.391030e+003
70,8,-3.391030e+003
70,9,-3.391030e+003
70,10,-3.391030e+003
71,0,-3.391013e+003
71,1,-3.391013e+003
71,2,-3.391005e+003
71,3,-3.391005e+003
71,4,-3.391005e+003
71,5,-3.391005e+003
71,6,-3.391005e+003
71,7,-3.391005e+003
71,8,-3.391005e+003
71,9,-3.391005e+003
71,10,-3.391005e+003
72,0,-3.390988e+003
72,1,-3.390988e+003
72,2,-3.390988e+003
72,3,-3.390988e+003
72,4,-3.390988e+003
72,5,-3.390988e+003
72,6,-3.390988e+003
72,7,-3.390988e+003
72,8,-3.390988e+003
72,9,-3.390988e+003
72,10,-3.390988e+003
73,0,-3.390971e+003
73,1,-3.390971e+003
73,2,-3.390971e+003
73,3,-3.390971e+003
73,4,-3.390971e+003
73,5,-3.390971e+003
73,6,-3.390971e+003
73,7,-3.390971e+003
73,8,-3.390971e+003
73,9,-3.390971e+003
73,10,-3.390971e+003
74,0,-3.390961e+003
74,1,-3.390961e+003
74,2,-3.390961e+003
74,3,-3.390961e+003
74,4,-3.390961e+003
74,5,-3.390961e+003
74,6,-3.390961e+003
74,7,-3.390961e+003
74,8,-3.390961e+003
74,9,-3.390961e+003
74,10,-3.390961e+003
75,0,-3.390942e+003
75,1,-3.390942e+003
75,2,-3.390942e+003
75,3,-3.390942e+003
75,4,-3.390942e+003
75,5,-3.390942e+003
75,6,-3.390942e+003
75,7,-3.390942e+003
75,8,-3.390942e+003
75,9,-3.390942e+003
75,10,-3.390942e+003
76,0,-3.390924e+003
76,1,-3.390924e+003
76,2,-3.390924e+003
76,3,-3.390924e+003
76,4,-3.390924e+003
76,5,-3.390924e+003
76,6,-3.390924e+003
76,7,-3.390924e+003
76,8,-3.390924e+003
76,9,-3.390924e+003
76,10,-3.390924e+003
77,0,-3.390905e+003
77,1,-3.390905e+003
77,2,-3.390905e+003
77,3,-3.390905e+003
77,4,-3.390905e+003
77,5,-3.390905e+003
77,6,-3.390905e+003
77,7,-3.390905e+003
77,8,-3.390905e+003
77,9,-3.390905e+003
77,10,-3.390905e+003
78,0,-3.390886e+003
78,1,-3.390886e+003
78,2,-3.390886e+003
78,3,-3.390886e+003
78,4,-3.390886e+003
78,5,-3.390886e+003
78,6,-3.390886e+003
78,7,-3.390886e+003
78,8,-3.390886e+003
78,9,-3.390886e+003
78,10,-3.390886e+003
79,0,-3.391690e+003
79,1,-3.391690e+003
79,2,-3.391690e+003
79,3,-3.391690e+003
79,4,-3.391690e+003
79,5,-3.391690e+003
79,6,-3.391690e+003
79,7,-3.391690e+003
79,8,-3.391690e+003
79,9,-3.391690e+003
79,10,-3.391683e+003
80,0,-3.393048e+003
80,1,-3.393048e+003
80,2,-3.393048e+003
80,3,-3.393048e+003
80,4,-3.393048e+003
80,5,-3.393048e+003
80,6,-3.393048e+003
80,7,-3.393048e+003
80,8,-3.393048e+003
80,9,-3.393048e+003
80,10,-3.393048e+003
81,0,-3.393602e+003
81,1,-3.393602e+003
81,2,-3.393602e+003
81,3,-3.393602e+003
81,4,-3.393602e+003
81,5,-3.393602e+003
81,6,-3.393602e+003
81,7,-3.393602e+003
81,8,-3.393602e+003
81,9,-3.393602e+003
81,10,-3.393602e+003
82,0,-3.393608e+003
82,1,-3.393608e+003
82,2,-3.393608e+003
82,3,-3.393608e+003
82,4,-3.393616e+003
82,5,-3.393616e+003
82,6,-3.393616e+003
82,7,-3.393616e+003
82,8,-3.393616e+003
82,9,-3.393616e+003
82,10,-3.393616e+003
83,0,-3.393621e+003
83,1,-3.393621e+003
83,2,-3.393621e+003
83,3,-3.393621e+003
83,4,-3.393621e+003
83,5,-3.393621e+003
83,6,-3.393621e+003
83,7,-3.393621e+003
83,8,-3.393621e+003
83,9,-3.393621e+003
83,10,-3.393621e+003
84,0,-3.393626e+003
84,1,-3.393626e+003
84,2,-3.393626e+003
84,3,-3.393626e+003
84,4,-3.393626e+003
84,5,-3.393626e+003
84,6,-3.393626e+003
84,7,-3.393626e+003
84,8,-3.393626e+003
84,9,-3.393626e+003
84,10,-3.393626e+003
85,0,-3.393631e+003
85,1,-3.393631e+003
85,2,-3.393631e+003
85,3,-3.393631e+003
85,4,-3.393631e+003
85,5,-3.393631e+003
85,6,-3.393631e+003
85,7,-3.393631e+003
85,8,-3.393631e+003
85,9,-3.393631e+003
85,10,-3.393631e+003
86,0,-3.393636e+003
86,1,-3.393636e+003
86,2,-3.393636e+003
86,3,-3.393636e+003
86,4,-3.393636e+003
86,5,-3.393636e+003
86,6,-3.393636e+003
86,7,-3.393636e+003
86,8,-3.393636e+003
86,9,-3.393636e+003
86,10,-3.393636e+003
87,0,-3.393641e+003
87,1,-3.393641e+003
87,2,-3.393641e+003
87,3,-3.393641e+003
87,4,-3.393641e+003
87,5,-3.393641e+003
87,6,-3.393641e+003
87,7,-3.393641e+003
87,8,-3.393641e+003
87,9,-3.393641e+003
87,10,-3.393641e+003
88,0,-3.393646e+003
88,1,-3.393646e+003
88,2,-3.393646e+003
88,3,-3.393646e+003
88,4,-3.393646e+003
88,5,-3.393646e+003
88,6,-3.393646e+003
88,7,-3.393646e+003
88,8,-3.393646e+003
88,9,-3.393646e+003
88,10,-3.393646e+003
89,0,-3.393376e+003
89,1,-3.393376e+003
89,2,-3.393376e+003
89,3,-3.393376e+003
89,4,-3.393376e+003
89,5,-3.393376e+003
89,6,-3.393376e+003
89,7,-3.393376e+003
89,8,-3.393376e+003
89,9,-3.393376e+003
89,10,-3.393376e+003
90,0,-3.393110e+003
90,1,-3.393110e+003
90,2,-3.393110e+003
90,3,-3.393110e+003
90,4,-3.393110e+003
90,5,-3.393110e+003
90,6,-3.393110e+003
90,7,-3.393110e+003
90,8,-3.393110e+003
90,9,-3.393110e+003
90,10,-3.393110e+003
91,0,-3.392300e+003
91,1,-3.392300e+003
91,2,-3.392300e+003
91,3,-3.392300e+003
91,4,-3.392300e+003
91,5,-3.392300e+003
91,6,-3.392300e+003
91,7,-3.392300e+003
91,8,-3.392300e+003
91,9,-3.392300e+003
91,10,-3.392300e+003
92,0,-3.391226e+003
92,1,-3.391226e+003
92,2,-3.391226e+003
92,3,-3.391226e+003
92,4,-3.391226e+003
92,5,-3.391226e+003
92,6,-3.391226e+003
92,7,-3.391226e+003
92,8,-3.391226e+003
92,9,-3.391226e+003
92,10,-3.391226e+003
93,0,-3.390981e+003
93,1,-3.390981e+003
93,2,-3.390981e+003
93,3,-3.390981e+003
93,4,-3.390981e+003
93,5,-3.390981e+003
93,6,-3.390981e+003
93,7,-3.390981e+003
93,8,-3.390981e+003
93,9,-3.390981e+003
93,10,-3.390981e+003
94,0,-3.391010e+003
94,1,-3.391010e+003
94,2,-3.391010e+003
94,3,-3.391010e+003
94,4,-3.391010e+003
94,5,-3.391010e+003
94,6,-3.391010e+003
94,7,-3.391010e+003
94,8,-3.391010e+003
94,9,-3.391010e+003
94,10,-3.391010e+003
95,0,-3.391039e+003
95,1,-3.391039e+003
95,2,-3.391039e+003
95,3,-3.391039e+003
95,4,-3.391039e+003
95,5,-3.391039e+003
95,6,-3.391039e+003
95,7,-3.391039e+003
95,8,-3.391039e+003
95,9,-3.391039e+003
95,10,-3.391039e+003
96,0,-3.392017e+003
96,1,-3.392017e+003
96,2,-3.392017e+003
96,3,-3.392017e+003
96,4,-3.392017e+003
96,5,-3.392017e+003
96,6,-3.392017e+003
96,7,-3.392017e+003
96,8,-3.392017e+003
96,9,-3.392017e+003
96,10,-3.392017e+003
97,0,-3.392057e+003
97,1,-3.392057e+003
97,2,-3.392057e+003
97,3,-3.392057e+003
97,4,-3.392057e+003
97,5,-3.392057e+003
97,6,-3.392057e+003
97,7,-3.392057e+003
97,8,-3.392057e+003
97,9,-3.392057e+003
97,10,-3.392057e+003
98,0,-3.392096e+003
98,1,-3.392096e+003
98,2,-3.392096e+003
98,3,-3.392096e+003
98,4,-3.392096e+003
98,5,-3.392096e+003
98,6,-3.392096e+003
98,7,-3.392096e+003
98,8,-3.392096e+003
98,9,-3.392096e+003
98,10,-3.392096e+003
99,0,-3.392136e+003
99,1,-3.392136e+003
99,2,-3.392136e+003
99,3,-3.392136e+003
99,4,-3.392136e+003
99,5,-3.392136e+003
99,6,-3.392136e+003
99,7,-3.392136e+003
99,8,-3.392136e+003
99,9,-3.392136e+003
99,10,-3.392136e+003
100,0,-3.392175e+003
100,1,-3.392175e+003
100,2,-3.392175e+003
100,3,-3.392175e+003
100,4,-3.392175e+003
100,5,-3.392175e+003
100,6,-3.392175e+003
100,7,-3.392175e+003
100,8,-3.392175e+003
100,9,-3.392175e+003
100,10,-3.392175e+003
101,0,-3.392215e+003
101,1,-3.392215e+003
101,2,-3.392215e+003
101,3,-3.392215e+003
101,4,-3.392215e+003
101,5,-3.392215e+003
101,6,-3.392215e+003
101,7,-3.392215e+003
101,8,-3.392215e+003
101,9,-3.392215e+003
101,10,-3.392215e+003
102,0,-3.392253e+003
102,1,-3.392253e+003
102,2,-3.392253e+003
102,3,-3.392253e+003
102,4,-3.392253e+003
102,5,-3.392253e+003
102,6,-3.392253e+003
102,7,-3.392253e+003
102,8,-3.392253e+003
102,9,-3.392253e+003
102,10,-3.392253e+003
103,0,-3.392292e+003
103,1,-3.392292e+003
103,2,-3.392292e+003
103,3,-3.392292e+003
103,4,-3.392292e+003
103,5,-3.392292e+003
103,6,-3.392292e+003
103,7,-3.392292e+003
103,8,-3.392292e+003
103,9,-3.392292e+003
103,10,-3.392292e+003
104,0,-3.392331e+003
104,1,-3.392331e+003
104,2,-3.392331e+003
104,3,-3.392331e+003
104,4,-3.392331e+003
104,5,-3.392331e+003
104,6,-3.392331e+003
104,7,-3.392331e+003
104,8,-3.392331e+003
104,9,-3.392331e+003
104,10,-3.392331e+003
105,0,-3.392369e+003
105,1,-3.392369e+003
105,2,-3.392369e+003
105,3,-3.392369e+003
105,4,-3.392369e+003
105,5,-3.392369e+003
105,6,-3.392369e+003
105,7,-3.392369e+003
105,8,-3.392369e+003
105,9,-3.392369e+003
105,10,-3.392369e+003
106,0,-3.392407e+003
106,1,-3.392407e+003
106,2,-3.392407e+003
106,3,-3.392407e+003
106,4,-3.392407e+003
106,5,-3.392407e+003
106,6,-3.392407e+003
106,7,-3.392407e+003
106,8,-3.392407e+003
106,9,-3.392407e+003
106,10,-3.392407e+003
107,0,-3.392445e+003
107,1,-3.392445e+003
107,2,-3.392445e+003
107,3,-3.392445e+003
107,4,-3.392445e+003
107,5,-3.392445e+003
107,6,-3.392445e+003
107,7,-3.392445e+003
107,8,-3.392445e+003
107,9,-3.392445e+003
107,10,-3.392445e+003
108,0,-3.392483e+003
108,1,-3.392483e+003
108,2,-3.392483e+003
108,3,-3.392483e+003
108,4,-3.392483e+003
108,5,-3.392483e+003
108,6,-3.392483e+003
108,7,-3.392483e+003
108,8,-3.392483e+003
108,9,-3.392483e+003
108,10,-3.392483e+003
109,0,-3.393070e+003
109,1,-3.393070e+003
109,2,-3.393070e+003
109,3,-3.393070e+003
109,4,-3.393070e+003
109,5,-3.393070e+003
109,6,-3.393070e+003
109,7,-3.393070e+003
109,8,-3.393070e+003
109,9,-3.393345e+003
109,10,-3.393345e+003
110,0,-3.393940e+003
110,1,-3.393940e+003
110,2,-3.393940e+003
110,3,-3.393940e+003
110,4,-3.393940e+003
110,5,-3.393940e+003
110,6,-3.393940e+003
110,7,-3.393940e+003
110,8,-3.393940e+003
110,9,-3.393940e+003
110,10,-3.393940e+003
111,0,-3.393991e+003
111,1,-3.3939