0,0,-3.313487e+003
0,1,-3.317479e+003
0,2,-3.321676e+003
0,3,-3.324060e+003
0,4,-3.326582e+003
0,5,-3.328489e+003
0,6,-3.330145e+003
0,7,-3.331829e+003
0,8,-3.332971e+003
0,9,-3.333989e+003
0,10,-3.334673e+003
0,11,-3.335406e+003
0,12,-3.335864e+003
0,13,-3.336164e+003
0,14,-3.336435e+003
0,15,-3.336749e+003
0,16,-3.336930e+003
0,17,-3.337034e+003
0,18,-3.337193e+003
0,19,-3.337270e+003
0,20,-3.337427e+003
0,21,-3.337519e+003
0,22,-3.337716e+003
0,23,-3.337661e+003
0,24,-3.337757e+003
0,25,-3.337968e+003
0,26,-3.338093e+003
0,27,-3.338135e+003
0,28,-3.338181e+003
0,29,-3.338305e+003
0,30,-3.338367e+003
0,31,-3.338345e+003
0,32,-3.338270e+003
0,33,-3.338406e+003
0,34,-3.338700e+003
0,35,-3.338742e+003
0,36,-3.338960e+003
0,37,-3.339079e+003
0,38,-3.338932e+003
0,39,-3.339237e+003
0,40,-3.339354e+003
0,41,-3.339430e+003
0,42,-3.339554e+003
0,43,-3.339697e+003
0,44,-3.340255e+003
0,45,-3.340646e+003
0,46,-3.340868e+003
0,47,-3.341230e+003
0,48,-3.341623e+003
0,49,-3.341809e+003
0,50,-3.341936e+003
0,51,-3.342035e+003
0,52,-3.341994e+003
0,53,-3.342341e+003
0,54,-3.342939e+003
0,55,-3.343623e+003
0,56,-3.344372e+003
0,57,-3.344951e+003
0,58,-3.345904e+003
0,59,-3.346269e+003
0,60,-3.346490e+003
0,61,-3.346537e+003
0,62,-3.346718e+003
0,63,-3.346787e+003
0,64,-3.346847e+003
0,65,-3.346988e+003
0,66,-3.347033e+003
0,67,-3.347085e+003
0,68,-3.347117e+003
0,69,-3.347222e+003
0,70,-3.347176e+003
0,71,-3.347199e+003
0,72,-3.347219e+003
0,73,-3.347225e+003
0,74,-3.347235e+003
0,75,-3.347242e+003
0,76,-3.347248e+003
0,77,-3.347253e+003
0,78,-3.347257e+003
0,79,-3.347261e+003
0,80,-3.347272e+003
0,81,-3.347276e+003
0,82,-3.347280e+003
0,83,-3.347289e+003
0,84,-3.347292e+003
0,85,-3.347294e+003
0,86,-3.347296e+003
0,87,-3.347299e+003
0,88,-3.347302e+003
0,89,-3.347305e+003
0,90,-3.347308e+003
0,91,-3.347313e+003
0,92,-3.347317e+003
0,93,-3.347321e+003
0,94,-3.347324e+003
0,95,-3.347326e+003
0,96,-3.347329e+003
0,97,-3.347331e+003
0,98,-3.347333e+003
0,99,-3.347334e+003
0,100,-3.347335e+003
0,101,-3.347329e+003
0,102,-3.347330e+003
0,103,-3.347331e+003
0,104,-3.347331e+003
0,105,-3.347332e+003
0,106,-3.347334e+003
0,107,-3.347341e+003
0,108,-3.347329e+003
0,109,-3.347330e+003
0,110,-3.347331e+003
0,111,-3.347332e+003
0,112,-3.347333e+003
0,113,-3.347334e+003
0,114,-3.347335e+003
0,115,-3.347336e+003
0,116,-3.347338e+003
0,117,-3.347339e+003
0,118,-3.347341e+003
0,119,-3.347342e+003
0,120,-3.347343e+003
0,121,-3.347269e+003
0,122,-3.347271e+003
0,123,-3.347272e+003
0,124,-3.347273e+003
0,125,-3.347274e+003
0,126,-3.347275e+003
0,127,-3.347276e+003
0,128,-3.347278e+003
0,129,-3.347279e+003
0,130,-3.347279e+003
0,131,-3.347280e+003
0,132,-3.347281e+003
0,133,-3.347282e+003
0,134,-3.347284e+003
0,135,-3.347285e+003
0,136,-3.347286e+003
0,137,-3.347287e+003
0,138,-3.347289e+003
0,139,-3.347283e+003
0,140,-3.347285e+003
0,141,-3.347286e+003
0,142,-3.347287e+003
0,143,-3.347287e+003
0,144,-3.347288e+003
0,145,-3.347288e+003
0,146,-3.347289e+003
0,147,-3.347289e+003
0,148,-3.347289e+003
0,149,-3.347290e+003
0,150,-3.347290e+003
0,151,-3.347290e+003
0,152,-3.347290e+003
0,153,-3.347290e+003
0,154,-3.347290e+003
0,155,-3.347290e+003
0,156,-3.347290e+003
0,157,-3.347290e+003
0,158,-3.347290e+003
0,159,-3.347290e+003
0,160,-3.347290e+003
0,161,-3.347290e+003
0,162,-3.347290e+003
0,163,-3.347290e+003
0,164,-3.347290e+003
0,165,-3.347290e+003
0,166,-3.347290e+003
0,167,-3.347290e+003
0,168,-3.347290e+003
0,169,-3.347290e+003
0,170,-3.347290e+003
0,171,-3.347290e+003
0,172,-3.347290e+003
0,173,-3.347290e+003
0,174,-3.347215e+003
0,175,-3.347215e+003
0,176,-3.347215e+003
0,177,-3.347215e+003
0,178,-3.347215e+003
0,179,-3.347215e+003
0,180,-3.347215e+003
0,181,-3.347215e+003
0,182,-3.347215e+003
0,183,-3.347215e+003
0,184,-3.347215e+003
0,185,-3.347215e+003
0,186,-3.347215e+003
0,187,-3.347215e+003
0,188,-3.347215e+003
0,189,-3.347215e+003
1,0,-3.347197e+003
1,1,-3.347197e+003
1,2,-3.347197e+003
1,3,-3.347197e+003
1,4,-3.347197e+003
1,5,-3.347197e+003
1,6,-3.347197e+003
1,7,-3.347197e+003
1,8,-3.347197e+003
1,9,-3.347197e+003
1,10,-3.347197e+003
1,11,-3.347197e+003
1,12,-3.347197e+003
1,13,-3.347197e+003
1,14,-3.347197e+003
1,15,-3.347197e+003
1,16,-3.347197e+003
1,17,-3.347197e+003
1,18,-3.347197e+003
1,19,-3.347197e+003
1,20,-3.347197e+003
1,21,-3.347197e+003
2,0,-3.347170e+003
2,1,-3.347170e+003
2,2,-3.347170e+003
2,3,-3.347170e+003
2,4,-3.347170e+003
2,5,-3.347170e+003
2,6,-3.347170e+003
2,7,-3.347170e+003
2,8,-3.347170e+003
2,9,-3.347170e+003
2,10,-3.347170e+003
2,11,-3.347170e+003
2,12,-3.347170e+003
2,13,-3.347170e+003
2,14,-3.347170e+003
2,15,-3.347170e+003
2,16,-3.347170e+003
2,17,-3.347170e+003
2,18,-3.347170e+003
2,19,-3.347170e+003
2,20,-3.347170e+003
2,21,-3.347170e+003
3,0,-3.346776e+003
3,1,-3.346776e+003
3,2,-3.346776e+003
3,3,-3.346776e+003
3,4,-3.346776e+003
3,5,-3.346776e+003
3,6,-3.346776e+003
3,7,-3.346776e+003
3,8,-3.346776e+003
3,9,-3.346776e+003
3,10,-3.346776e+003
3,11,-3.346776e+003
3,12,-3.346776e+003
3,13,-3.346776e+003
3,14,-3.346776e+003
3,15,-3.346776e+003
3,16,-3.346776e+003
3,17,-3.346776e+003
3,18,-3.346776e+003
3,19,-3.346776e+003
3,20,-3.346776e+003
3,21,-3.346776e+003
4,0,-3.346731e+003
4,1,-3.346731e+003
4,2,-3.346731e+003
4,3,-3.346731e+003
4,4,-3.346731e+003
4,5,-3.346731e+003
4,6,-3.346731e+003
4,7,-3.346731e+003
4,8,-3.346731e+003
4,9,-3.346731e+003
4,10,-3.346731e+003
4,11,-3.346731e+003
4,12,-3.346731e+003
4,13,-3.346731e+003
4,14,-3.346731e+003
4,15,-3.346731e+003
4,16,-3.346731e+003
4,17,-3.346731e+003
4,18,-3.346731e+003
4,19,-3.346731e+003
4,20,-3.346731e+003
4,21,-3.346731e+003
5,0,-3.346715e+003
5,1,-3.346715e+003
5,2,-3.346715e+003
5,3,-3.346715e+003
5,4,-3.346715e+003
5,5,-3.346715e+003
5,6,-3.346715e+003
5,7,-3.346715e+003
5,8,-3.346715e+003
5,9,-3.346715e+003
5,10,-3.346715e+003
5,11,-3.346715e+003
5,12,-3.346715e+003
5,13,-3.346715e+003
5,14,-3.346715e+003
5,15,-3.346715e+003
5,16,-3.346715e+003
5,17,-3.346715e+003
5,18,-3.346715e+003
5,19,-3.346715e+003
5,20,-3.346715e+003
5,21,-3.346715e+003
6,0,-3.346688e+003
6,1,-3.346688e+003
6,2,-3.346688e+003
6,3,-3.346688e+003
6,4,-3.346688e+003
6,5,-3.346688e+003
6,6,-3.346688e+003
6,7,-3.346688e+003
6,8,-3.346688e+003
6,9,-3.346688e+003
6,10,-3.346688e+003
6,11,-3.346688e+003
6,12,-3.346688e+003
6,13,-3.346688e+003
6,14,-3.346688e+003
6,15,-3.346688e+003
6,16,-3.346688e+003
6,17,-3.346688e+003
6,18,-3.346688e+003
6,19,-3.346688e+003
6,20,-3.346688e+003
6,21,-3.346688e+003
7,0,-3.346652e+003
7,1,-3.346652e+003
7,2,-3.346652e+003
7,3,-3.346652e+003
7,4,-3.346652e+003
7,5,-3.346652e+003
7,6,-3.346652e+003
7,7,-3.346652e+003
7,8,-3.346652e+003
7,9,-3.346652e+003
7,10,-3.346652e+003
7,11,-3.346652e+003
7,12,-3.346652e+003
7,13,-3.346652e+003
7,14,-3.346652e+003
7,15,-3.346652e+003
7,16,-3.346652e+003
7,17,-3.346652e+003
7,18,-3.346652e+003
7,19,-3.346652e+003
7,20,-3.346652e+003
7,21,-3.346652e+003
8,0,-3.346605e+003
8,1,-3.346605e+003
8,2,-3.346605e+003
8,3,-3.346605e+003
8,4,-3.346605e+003
8,5,-3.346605e+003
8,6,-3.346605e+003
8,7,-3.346605e+003
8,8,-3.346605e+003
8,9,-3.346605e+003
8,10,-3.346605e+003
8,11,-3.346605e+003
8,12,-3.346605e+003
8,13,-3.346605e+003
8,14,-3.346605e+003
8,15,-3.346605e+003
8,16,-3.346605e+003
8,17,-3.346605e+003
8,18,-3.346605e+003
8,19,-3.346605e+003
8,20,-3.346605e+003
8,21,-3.346605e+003
9,0,-3.346588e+003
9,1,-3.346588e+003
9,2,-3.346588e+003
9,3,-3.346588e+003
9,4,-3.346588e+003
9,5,-3.346588e+003
9,6,-3.346588e+003
9,7,-3.346588e+003
9,8,-3.346588e+003
9,9,-3.346588e+003
9,10,-3.346588e+003
9,11,-3.346588e+003
9,12,-3.346588e+003
9,13,-3.346588e+003
9,14,-3.346588e+003
9,15,-3.346588e+003
9,16,-3.346588e+003
9,17,-3.346588e+003
9,18,-3.346588e+003
9,19,-3.346588e+003
9,20,-3.346588e+003
9,21,-3.346588e+003
10,0,-3.346708e+003
10,1,-3.346708e+003
10,2,-3.346708e+003
10,3,-3.346708e+003
10,4,-3.346708e+003
10,5,-3.346708e+003
10,6,-3.346708e+003
10,7,-3.346708e+003
10,8,-3.346708e+003
10,9,-3.346708e+003
10,10,-3.346708e+003
10,11,-3.346708e+003
10,12,-3.346708e+003
10,13,-3.346708e+003
10,14,-3.346708e+003
10,15,-3.346708e+003
10,16,-3.346708e+003
10,17,-3.346708e+003
10,18,-3.346708e+003
10,19,-3.346708e+003
10,20,-3.346708e+003
10,21,-3.346708e+003
11,0,-3.346757e+003
11,1,-3.346757e+003
11,2,-3.346757e+003
11,3,-3.346757e+003
11,4,-3.346757e+003
11,5,-3.346757e+003
11,6,-3.346757e+003
11,7,-3.346757e+003
11,8,-3.346757e+003
11,9,-3.346757e+003
11,10,-3.346757e+003
11,11,-3.346757e+003
11,12,-3.346757e+003
11,13,-3.346757e+003
11,14,-3.346757e+003
11,15,-3.346757e+003
11,16,-3.346757e+003
11,17,-3.346757e+003
11,18,-3.346757e+003
11,19,-3.346757e+003
11,20,-3.346757e+003
11,21,-3.346757e+003
12,0,-3.346986e+003
12,1,-3.346986e+003
12,2,-3.346986e+003
12,3,-3.346986e+003
12,4,-3.346986e+003
12,5,-3.346986e+003
12,6,-3.346986e+003
12,7,-3.346986e+003
12,8,-3.346986e+003
12,9,-3.346986e+003
12,10,-3.346986e+003
12,11,-3.346986e+003
12,12,-3.346986e+003
12,13,-3.346986e+003
12,14,-3.346986e+003
12,15,-3.346986e+003
12,16,-3.346986e+003
12,17,-3.346986e+003
12,18,-3.346986e+003
12,19,-3.346986e+003
12,20,-3.346986e+003
12,21,-3.346986e+003
13,0,-3.347019e+003
13,1,-3.347019e+003
13,2,-3.347019e+003
13,3,-3.347019e+003
13,4,-3.347019e+003
13,5,-3.347019e+003
13,6,-3.347019e+003
13,7,-3.347019e+003
13,8,-3.347019e+003
13,9,-3.347019e+003
13,10,-3.347019e+003
13,11,-3.347019e+003
13,12,-3.347019e+003
13,13,-3.347019e+003
13,14,-3.347019e+003
13,15,-3.347019e+003
13,16,-3.347019e+003
13,17,-3.347019e+003
13,18,-3.347019e+003
13,19,-3.347019e+003
13,20,-3.347019e+003
13,21,-3.347019e+003
14,0,-3.347049e+003
14,1,-3.347049e+003
14,2,-3.347049e+003
14,3,-3.347049e+003
14,4,-3.347049e+003
14,5,-3.347049e+003
14,6,-3.347049e+003
14,7,-3.347049e+003
14,8,-3.347049e+003
14,9,-3.347049e+003
14,10,-3.347049e+003
14,11,-3.347049e+003
14,12,-3.347049e+003
14,13,-3.347049e+003
14,14,-3.347049e+003
14,15,-3.347049e+003
14,16,-3.347049e+003
14,17,-3.347049e+003
14,18,-3.347049e+003
14,19,-3.347049e+003
14,20,-3.347049e+003
14,21,-3.347049e+003
15,0,-3.347075e+003
15,1,-3.347075e+003
15,2,-3.347075e+003
15,3,-3.347075e+003
15,4,-3.347075e+003
15,5,-3.347075e+003
15,6,-3.347075e+003
15,7,-3.347075e+003
15,8,-3.347075e+003
15,9,-3.347075e+003
15,10,-3.347075e+003
15,11,-3.347075e+003
15,12,-3.347075e+003
15,13,-3.347075e+003
15,14,-3.347075e+003
15,15,-3.347075e+003
15,16,-3.347075e+003
15,17,-3.347075e+003
15,18,-3.347075e+003
15,19,-3.347075e+003
15,20,-3.347075e+003
15,21,-3.347075e+003
16,0,-3.347305e+003
16,1,-3.347305e+003
16,2,-3.347305e+003
16,3,-3.347305e+003
16,4,-3.347305e+003
16,5,-3.347305e+003
16,6,-3.347305e+003
16,7,-3.347305e+003
16,8,-3.347305e+003
16,9,-3.347305e+003
16,10,-3.347305e+003
16,11,-3.347305e+003
16,12,-3.347305e+003
16,13,-3.347305e+003
16,14,-3.347305e+003
16,15,-3.347305e+003
16,16,-3.347305e+003
16,17,-3.347305e+003
16,18,-3.347305e+003
16,19,-3.347305e+003
16,20,-3.347305e+003
16,21,-3.347305e+003
17,0,-3.347348e+003
17,1,-3.347348e+003
17,2,-3.347348e+003
17,3,-3.347348e+003
17,4,-3.347348e+003
17,5,-3.347348e+003
17,6,-3.347348e+003
17,7,-3.347348e+003
17,8,-3.347348e+003
17,9,-3.347348e+003
17,10,-3.347348e+003
17,11,-3.347348e+003
17,12,-3.347348e+003
17,13,-3.347348e+003
17,14,-3.347348e+003
17,15,-3.347348e+003
17,16,-3.347348e+003
17,17,-3.347348e+003
17,18,-3.347348e+003
17,19,-3.347348e+003
17,20,-3.347348e+003
17,21,-3.347348e+003
18,0,-3.347391e+003
18,1,-3.347391e+003
18,2,-3.347391e+003
18,3,-3.347391e+003
18,4,-3.347391e+003
18,5,-3.347391e+003
18,6,-3.347391e+003
18,7,-3.347391e+003
18,8,-3.347391e+003
18,9,-3.347391e+003
18,10,-3.347391e+003
18,11,-3.347391e+003
18,12,-3.347391e+003
18,13,-3.347391e+003
18,14,-3.347391e+003
18,15,-3.347391e+003
18,16,-3.347391e+003
18,17,-3.347391e+003
18,18,-3.347391e+003
18,19,-3.347391e+003
18,20,-3.347391e+003
18,21,-3.347391e+003
19,0,-3.347157e+003
19,1,-3.347157e+003
19,2,-3.347157e+003
19,3,-3.347157e+003
19,4,-3.347157e+003
19,5,-3.347157e+003
19,6,-3.347157e+003
19,7,-3.347157e+003
19,8,-3.347157e+003
19,9,-3.347157e+003
19,10,-3.347157e+003
19,11,-3.347157e+003
19,12,-3.347157e+003
19,13,-3.347157e+003
19,14,-3.347157e+003
19,15,-3.347157e+003
19,16,-3.347157e+003
19,17,-3.347157e+003
19,18,-3.347157e+003
19,19,-3.347157e+003
19,20,-3.347157e+003
19,21,-3.347157e+003
19,22,-3.347157e+003
20,0,-3.347122e+003
20,1,-3.347122e+003
20,2,-3.347122e+003
20,3,-3.347122e+003
20,4,-3.347122e+003
20,5,-3.347122e+003
20,6,-3.347122e+003
20,7,-3.347122e+003
20,8,-3.347122e+003
20,9,-3.347122e+003
20,10,-3.347122e+003
20,11,-3.347122e+003
20,12,-3.347122e+003
20,13,-3.347122e+003
20,14,-3.347122e+003
20,15,-3.347122e+003
20,16,-3.347122e+003
20,17,-3.347122e+003
20,18,-3.347122e+003
20,19,-3.347122e+003
20,20,-3.347122e+003
20,21,-3.347122e+003
21,0,-3.347208e+003
21,1,-3.347208e+003
21,2,-3.347208e+003
21,3,-3.347208e+003
21,4,-3.347208e+003
21,5,-3.347208e+003
21,6,-3.347208e+003
21,7,-3.347208e+003
21,8,-3.347208e+003
21,9,-3.347208e+003
21,10,-3.347208e+003
21,11,-3.347208e+003
21,12,-3.347208e+003
21,13,-3.347208e+003
21,14,-3.347208e+003
21,15,-3.347208e+003
21,16,-3.347208e+003
21,17,-3.347208e+003
21,18,-3.347208e+003
21,19,-3.347208e+003
21,20,-3.347208e+003
21,21,-3.347208e+003
22,0,-3.347296e+003
22,1,-3.347296e+003
22,2,-3.347296e+003
22,3,-3.347296e+003
22,4,-3.347296e+003
22,5,-3.347296e+003
22,6,-3.347296e+003
22,7,-3.347296e+003
22,8,-3.347296e+003
22,9,-3.347296e+003
22,10,-3.347296e+003
22,11,-3.347296e+003
22,12,-3.347296e+003
22,13,-3.347296e+003
22,14,-3.347296e+003
22,15,-3.347296e+003
22,16,-3.347296e+003
22,17,-3.347296e+003
22,18,-3.347296e+003
22,19,-3.347296e+003
22,20,-3.347296e+003
22,21,-3.347296e+003
23,0,-3.347385e+003
23,1,-3.347385e+003
23,2,-3.347385e+003
23,3,-3.347385e+003
23,4,-3.347385e+003
23,5,-3.347385e+003
23,6,-3.347385e+003
23,7,-3.347385e+003
23,8,-3.347385e+003
23,9,-3.347385e+003
23,10,-3.347385e+003
23,11,-3.347385e+003
23,12,-3.347385e+003
23,13,-3.347385e+003
23,14,-3.347385e+003
23,15,-3.347385e+003
23,16,-3.347385e+003
23,17,-3.347385e+003
23,18,-3.347385e+003
23,19,-3.347385e+003
23,20,-3.347385e+003
23,21,-3.347385e+003
24,0,-3.347491e+003
24,1,-3.347491e+003
24,2,-3.347491e+003
24,3,-3.347491e+003
24,4,-3.347491e+003
24,5,-3.347491e+003
24,6,-3.347491e+003
24,7,-3.347491e+003
24,8,-3.347491e+003
24,9,-3.347491e+003
24,10,-3.347491e+003
24,11,-3.347491e+003
24,12,-3.347491e+003
24,13,-3.347491e+003
24,14,-3.347491e+003
24,15,-3.347491e+003
24,16,-3.347491e+003
24,17,-3.347491e+003
24,18,-3.347491e+003
24,19,-3.347491e+003
24,20,-3.347491e+003
24,21,-3.347491e+003
25,0,-3.347209e+003
25,1,-3.347209e+003
25,2,-3.347209e+003
25,3,-3.347209e+003
25,4,-3.347209e+003
25,5,-3.347209e+003
25,6,-3.347209e+003
25,7,-3.347209e+003
25,8,-3.347209e+003
25,9,-3.347209e+003
25,10,-3.347209e+003
25,11,-3.347209e+003
25,12,-3.347209e+003
25,13,-3.347209e+003
25,14,-3.347209e+003
25,15,-3.347209e+003
25,16,-3.347209e+003
25,17,-3.347209e+003
25,18,-3.347209e+003
25,19,-3.347209e+003
25,20,-3.347209e+003
25,21,-3.347209e+003
26,0,-3.347330e+003
26,1,-3.347330e+003
26,2,-3.347330e+003
26,3,-3.347330e+003
26,4,-3.347330e+003
26,5,-3.347330e+003
26,6,-3.347330e+003
26,7,-3.347330e+003
26,8,-3.347330e+003
26,9,-3.347330e+003
26,10,-3.347330e+003
26,11,-3.347330e+003
26,12,-3.347330e+003
26,13,-3.347330e+003
26,14,-3.347330e+003
26,15,-3.347330e+003
26,16,-3.347330e+003
26,17,-3.347330e+003
26,18,-3.347330e+003
26,19,-3.347330e+003
26,20,-3.347330e+003
26,21,-3.347330e+003
27,0,-3.347598e+003
27,1,-3.347598e+003
27,2,-3.347598e+003
27,3,-3.347598e+003
27,4,-3.347598e+003
27,5,-3.347598e+003
27,6,-3.347598e+003
27,7,-3.347598e+003
27,8,-3.347598e+003
27,9,-3.347598e+003
27,10,-3.347598e+003
27,11,-3.347598e+003
27,12,-3.347598e+003
27,13,-3.347598e+003
27,14,-3.347598e+003
27,15,-3.347598e+003
27,16,-3.347598e+003
27,17,-3.347598e+003
27,18,-3.347598e+003
27,19,-3.347598e+003
27,20,-3.347598e+003
27,21,-3.347598e+003
28,0,-3.347740e+003
28,1,-3.347740e+003
28,2,-3.347740e+003
28,3,-3.347740e+003
28,4,-3.347740e+003
28,5,-3.347740e+003
28,6,-3.347740e+003
28,7,-3.347740e+003
28,8,-3.347740e+003
28,9,-3.347740e+003
28,10,-3.347740e+003
28,11,-3.347740e+003
28,12,-3.347740e+003
28,13,-3.347740e+003
28,14,-3.347740e+003
28,15,-3.347740e+003
28,16,-3.347740e+003
28,17,-3.347740e+003
28,18,-3.347740e+003
28,19,-3.347740e+003
28,20,-3.347740e+003
28,21,-3.347740e+003
28,22,-3.347740e+003
28,23,-3.347740e+003
28,24,-3.347740e+003
28,25,-3.347740e+003
29,0,-3.347800e+003
29,1,-3.347800e+003
29,2,-3.347800e+003
29,3,-3.347800e+003
29,4,-3.347800e+003
29,5,-3.347800e+003
29,6,-3.347800e+003
29,7,-3.347800e+003
29,8,-3.347800e+003
29,9,-3.347800e+003
29,10,-3.347800e+003
29,11,-3.347800e+003
29,12,-3.347800e+003
29,13,-3.347800e+003
29,14,-3.347800e+003
29,15,-3.347800e+003
29,16,-3.347800e+003
29,17,-3.347800e+003
29,18,-3.347800e+003
29,19,-3.347800e+003
29,20,-3.347800e+003
29,21,-3.347800e+003
30,0,-3.347795e+003
30,1,-3.347795e+003
30,2,-3.347795e+003
30,3,-3.347795e+003
30,4,-3.347795e+003
30,5,-3.347795e+003
30,6,-3.347795e+003
30,7,-3.347795e+003
30,8,-3.347795e+003
30,9,-3.347795e+003
30,10,-3.347795e+003
30,11,-3.347795e+003
30,12,-3.347795e+003
30,13,-3.347795e+003
30,14,-3.347795e+003
30,15,-3.347795e+003
30,16,-3.347795e+003
30,17,-3.347795e+003
30,18,-3.347795e+003
30,19,-3.347795e+003
30,20,-3.347795e+003
30,21,-3.347795e+003
31,0,-3.347688e+003
31,1,-3.347688e+003
31,2,-3.347688e+003
31,3,-3.347688e+003
31,4,-3.347688e+003
31,5,-3.347688e+003
31,6,-3.347688e+003
31,7,-3.347688e+003
31,8,-3.347688e+003
31,9,-3.347688e+003
31,10,-3.347688e+003
31,11,-3.347688e+003
31,12,-3.347688e+003
31,13,-3.347688e+003
31,14,-3.347688e+003
31,15,-3.347688e+003
31,16,-3.347688e+003
31,17,-3.347688e+003
31,18,-3.347688e+003
31,19,-3.347688e+003
31,20,-3.347688e+003
31,21,-3.347688e+003
32,0,-3.347429e+003
32,1,-3.347429e+003
32,2,-3.347429e+003
32,3,-3.347429e+003
32,4,-3.347429e+003
32,5,-3.347429e+003
32,6,-3.347429e+003
32,7,-3.347429e+003
32,8,-3.347429e+003
32,9,-3.347429e+003
32,10,-3.347429e+003
32,11,-3.347429e+003
32,12,-3.347429e+003
32,13,-3.347429e+003
32,14,-3.347429e+003
32,15,-3.347429e+003
32,16,-3.347429e+003
32,17,-3.347429e+003
32,18,-3.347429e+003
32,19,-3.347429e+003
32,20,-3.347429e+003
32,21,-3.347429e+003
33,0,-3.346949e+003
33,1,-3.346950e+003
33,2,-3.346950e+003
33,3,-3.346951e+003
33,4,-3.346951e+003
33,5,-3.346952e+003
33,6,-3.346952e+003
33,7,-3.346952e+003
33,8,-3.346952e+003
33,9,-3.346952e+003
33,10,-3.347003e+003
33,11,-3.347003e+003
33,12,-3.347003e+003
33,13,-3.347003e+003
33,14,-3.347003e+003
33,15,-3.347003e+003
33,16,-3.347003e+003
33,17,-3.347003e+003
33,18,-3.347003e+003
33,19,-3.347003e+003
33,20,-3.347003e+003
33,21,-3.347003e+003
33,22,-3.347003e+003
33,23,-3.347003e+003
33,24,-3.347003e+003
33,25,-3.347003e+003
33,26,-3.347003e+003
33,27,-3.347003e+003
33,28,-3.347003e+003
33,29,-3.347003e+003
33,30,-3.347003e+003
33,31,-3.347003e+003
33,32,-3.347003e+003
33,33,-3.347003e+003
33,34,-3.347003e+003
33,35,-3.347003e+003
33,36,-3.347003e+003
33,37,-3.347003e+003
34,0,-3.346623e+003
34,1,-3.346623e+003
34,2,-3.346623e+003
34,3,-3.346623e+003
34,4,-3.346623e+003
34,5,-3.346623e+003
34,6,-3.346623e+003
34,7,-3.346623e+003
34,8,-3.346623e+003
34,9,-3.346623e+003
34,10,-3.346623e+003
34,11,-3.346623e+003
34,12,-3.346623e+003
34,13,-3.346623e+003
34,14,-3.346623e+003
34,15,-3.346623e+003
34,16,-3.346623e+003
34,17,-3.346623e+003
34,18,-3.346623e+003
34,19,-3.346623e+003
34,20,-3.346623e+003
34,21,-3.346623e+003
34,22,-3.346623e+003
34,23,-3.346623e+003
34,24,-3.346623e+003
34,25,-3.346623e+003
34,26,-3.346623e+003
34,27,-3.346623e+003
34,28,-3.346623e+003
34,29,-3.346623e+003
34,30,-3.346623e+003
34,31,-3.346623e+003
34,32,-3.346623e+003
34,33,-3.346623e+003
34,34,-3.346623e+003
34,35,-3.346623e+003
34,36,-3.346623e+003
34,37,-3.346623e+003
34,38,-3.346623e+003
34,39,-3.346623e+003
34,40,-3.346623e+003
34,41,-3.346623e+003
34,42,-3.346623e+003
34,43,-3.346623e+003
34,44,-3.346623e+003
34,45,-3.346623e+003
34,46,-3.346623e+003
34,47,-3.346623e+003
34,48,-3.346623e+003
34,49,-3.346623e+003
34,50,-3.346623e+003
34,51,-3.346623e+003
34,52,-3.346623e+003
34,53,-3.346623e+003
34,54,-3.346623e+003
34,55,-3.346623e+003
34,56,-3.346623e+003
34,57,-3.346623e+003
34,58,-3.346623e+003
34,59,-3.346623e+003
34,60,-3.346623e+003
34,61,-3.346623e+003
34,62,-3.346623e+003
34,63,-3.346624e+003
34,64,-3.346624e+003
34,65,-3.346625e+003
34,66,-3.346700e+003
34,67,-3.346701e+003
34,68,-3.346701e+003
34,69,-3.346701e+003
34,70,-3.346701e+003
34,71,-3.346701e+003
34,72,-3.346708e+003
34,73,-3.346708e+003
34,74,-3.346708e+003
34,75,-3.346708e+003
34,76,-3.346708e+003
34,77,-3.346708e+003
34,78,-3.346708e+003
34,79,-3.346708e+003
34,80,-3.346708e+003
34,81,-3.346708e+003
34,82,-3.346708e+003
34,83,-3.346708e+003
34,84,-3.346708e+003
34,85,-3.346708e+003
34,86,-3.346708e+003
34,87,-3.346708e+003
34,88,-3.346708e+003
34,89,-3.346708e+003
34,90,-3.346708e+003
34,91,-3.346708e+003
34,92,-3.346708e+003
34,93,-3.346708e+003
34,94,-3.346708e+003
34,95,-3.346708e+003
34,96,-3.346708e+003
34,97,-3.346708e+003
34,98,-3.346708e+003
34,99,-3.346708e+003
34,100,-3.346708e+003
34,101,-3.346708e+003
34,102,-3.346708e+003
35,0,-3.345160e+003
35,1,-3.345160e+003
35,2,-3.345160e+003
35,3,-3.345160e+003
35,4,-3.345160e+003
35,5,-3.345160e+003
35,6,-3.345160e+003
35,7,-3.345160e+003
35,8,-3.345160e+003
35,9,-3.345160e+003
35,10,-3.345160e+003
35,11,-3.345160e+003
35,12,-3.345160e+003
35,13,-3.345160e+003
35,14,-3.345160e+003
35,15,-3.345160e+003
35,16,-3.345160e+003
35,17,-3.345160e+003
35,18,-3.345160e+003
35,19,-3.345160e+003
35,20,-3.345160e+003
35,21,-3.345160e+003
35,22,-3.345160e+003
35,23,-3.345160e+003
35,24,-3.345160e+003
35,25,-3.345160e+003
35,26,-3.345160e+003
35,27,-3.345160e+003
35,28,-3.345160e+003
35,29,-3.345160e+003
35,30,-3.345160e+003
35,31,-3.345160e+003
35,32,-3.345160e+003
35,33,-3.345160e+003
35,34,-3.345160e+003
35,35,-3.345160e+003
35,36,-3.345160e+003
35,37,-3.345160e+003
35,38,-3.345160e+003
35,39,-3.345160e+003
35,40,-3.345160e+003
35,41,-3.345160e+003
35,42,-3.345160e+003
35,43,-3.345160e+003
35,44,-3.345160e+003
35,45,-3.345160e+003
35,46,-3.345160e+003
35,47,-3.345160e+003
35,48,-3.345160e+003
35,49,-3.345160e+003
35,50,-3.345160e+003
35,51,-3.345160e+003
35,52,-3.345160e+003
35,53,-3.345160e+003
35,54,-3.345160e+003
35,55,-3.345160e+003
35,56,-3.345160e+003
35,57,-3.345160e+003
35,58,-3.345160e+003
35,59,-3.345160e+003
35,60,-3.345163e+003
35,61,-3.345164e+003
35,62,-3.345165e+003
35,63,-3.345166e+003
35,64,-3.345173e+003
35,65,-3.345173e+003
35,66,-3.345174e+003
35,67,-3.345174e+003
35,68,-3.345175e+003
35,69,-3.345175e+003
35,70,-3.345175e+003
35,71,-3.345175e+003
35,72,-3.345175e+003
35,73,-3.345175e+003
35,74,-3.345175e+003
35,75,-3.345175e+003
35,76,-3.345175e+003
35,77,-3.345175e+003
35,78,-3.345175e+003
35,79,-3.345175e+003
35,80,-3.345175e+003
35,81,-3.345175e+003
35,82,-3.345175e+003
35,83,-3.345175e+003
35,84,-3.345175e+003
35,85,-3.345175e+003
35,86,-3.345175e+003
35,87,-3.345175e+003
35,88,-3.345175e+003
35,89,-3.345175e+003
35,90,-3.345175e+003
35,91,-3.345175e+003
35,92,-3.345175e+003
35,93,-3.345175e+003
35,94,-3.345175e+003
35,95,-3.345175e+003
35,96,-3.345175e+003
35,97,-3.345175e+003
35,98,-3.345175e+003
35,99,-3.345175e+003
35,100,-3.345175e+003
35,101,-3.345175e+003
35,102,-3.345175e+003
35,103,-3.345175e+003
35,104,-3.345175e+003
35,105,-3.345175e+003
35,106,-3.345175e+003
36,0,-3.343791e+003
36,1,-3.343791e+003
36,2,-3.343791e+003
36,3,-3.343791e+003
36,4,-3.343791e+003
36,5,-3.343791e+003
36,6,-3.343791e+003
36,7,-3.343791e+003
36,8,-3.343791e+003
36,9,-3.343791e+003
36,10,-3.343791e+003
36,11,-3.343791e+003
36,12,-3.343791e+003
36,13,-3.343791e+003
36,14,-3.343791e+003
36,15,-3.343791e+003
36,16,-3.343791e+003
36,17,-3.343791e+003
36,18,-3.343791e+003
36,19,-3.343791e+003
36,20,-3.343791e+003
36,21,-3.343791e+003
37,0,-3.341474e+003
37,1,-3.341474e+003
37,2,-3.341474e+003
37,3,-3.341474e+003
37,4,-3.341474e+003
37,5,-3.341474e+003
37,6,-3.341474e+003
37,7,-3.341474e+003
37,8,-3.341474e+003
37,9,-3.341474e+003
37,10,-3.341474e+003
37,11,-3.341474e+003
37,12,-3.341474e+003
37,13,-3.341474e+003
37,14,-3.341474e+003
37,15,-3.341474e+003
37,16,-3.341474e+003
37,17,-3.341474e+003
37,18,-3.341474e+003
37,19,-3.341474e+003
37,20,-3.341474e+003
37,21,-3.341474e+003
37,22,-3.341474e+003
37,23,-3.341474e+003
37,24,-3.341474e+003
37,25,-3.341474e+003
37,26,-3.341474e+003
37,27,-3.341474e+003
37,28,-3.341474e+003
37,29,-3.341474e+003
37,30,-3.341474e+003
37,31,-3.341486e+003
37,32,-3.341506e+003
37,33,-3.341518e+003
37,34,-3.341532e+003
37,35,-3.341542e+003
37,36,-3.341549e+003
37,37,-3.341555e+003
37,38,-3.341559e+003
37,39,-3.341562e+003
37,40,-3.341564e+003
37,41,-3.341565e+003
37,42,-3.341566e+003
37,43,-3.341567e+003
37,44,-3.341567e+003
37,45,-3.341567e+003
37,46,-3.341567e+003
37,47,-3.341567e+003
37,48,-3.341567e+003
37,49,-3.341568e+003
37,50,-3.341568e+003
37,51,-3.341568e+003
37,52,-3.341568e+003
37,53,-3.341568e+003
37,54,-3.341568e+003
37,55,-3.341568e+003
37,56,-3.341568e+003
37,57,-3.341568e+003
37,58,-3.341568e+003
37,59,-3.341568e+003
37,60,-3.341568e+003
37,61,-3.341568e+003
37,62,-3.341568e+003
37,63,-3.341568e+003
37,64,-3.341568e+003
37,65,-3.341568e+003
37,66,-3.341568e+003
37,67,-3.341568e+003
37,68,-3.341568e+003
37,69,-3.341568e+003
37,70,-3.341568e+003
37,71,-3.341568e+003
37,72,-3.341568e+003
37,73,-3.341568e+003
37,74,-3.341568e+003
37,75,-3.341568e+003
37,76,-3.341568e+003
37,77,-3.341568e+003
37,78,-3.341568e+003
37,79,-3.341568e+003
37,80,-3.341568e+003
37,81,-3.341568e+003
37,82,-3.341568e+003
37,83,-3.341568e+003
37,84,-3.341568e+003
37,85,-3.341568e+003
37,86,-3.341568e+003
37,87,-3.341568e+003
37,88,-3.341568e+003
37,89,-3.341568e+003
37,90,-3.341568e+003
37,91,-3.341568e+003
37,92,-3.341568e+003
37,93,-3.341568e+003
37,94,-3.341568e+003
37,95,-3.341568e+003
37,96,-3.341568e+003
37,97,-3.341568e+003
37,98,-3.341568e+003
37,99,-3.341568e+003
37,100,-3.341568e+003
37,101,-3.341568e+003
37,102,-3.341568e+003
37,103,-3.341568e+003
37,104,-3.341568e+003
37,105,-3.341568e+003
37,106,-3.341568e+003
37,107,-3.341568e+003
37,108,-3.341568e+003
37,109,-3.341568e+003
37,110,-3.341568e+003
37,111,-3.341568e+003
37,112,-3.341568e+003
37,113,-3.341568e+003
37,114,-3.341568e+003
37,115,-3.341568e+003
37,116,-3.341568e+003
37,117,-3.341568e+003
37,118,-3.341568e+003
37,119,-3.341568e+003
37,120,-3.341568e+003
37,121,-3.341568e+003
37,122,-3.341568e+003
38,0,-3.338560e+003
38,1,-3.338560e+003
38,2,-3.338560e+003
38,3,-3.338560e+003
38,4,-3.338560e+003
38,5,-3.338560e+003
38,6,-3.338560e+003
38,7,-3.338560e+003
38,8,-3.338571e+003
38,9,-3.338580e+003
38,10,-3.338585e+003
38,11,-3.338602e+003
38,12,-3.338681e+003
38,13,-3.338685e+003
38,14,-3.338688e+003
38,15,-3.338691e+003
38,16,-3.338692e+003
38,17,-3.338693e+003
38,18,-3.338693e+003
38,19,-3.338694e+003
38,20,-3.338694e+003
38,21,-3.338694e+003
38,22,-3.338694e+003
38,23,-3.338694e+003
38,24,-3.338694e+003
38,25,-3.338694e+003
38,26,-3.338694e+003
38,27,-3.338694e+003
38,28,-3.338694e+003
38,29,-3.338694e+003
38,30,-3.338694e+003
38,31,-3.338694e+003
38,32,-3.338694e+003
38,33,-3.338694e+003
38,34,-3.338694e+003
38,35,-3.338694e+003
38,36,-3.338694e+003
38,37,-3.338694e+003
38,38,-3.338694e+003
38,39,-3.338694e+003
38,40,-3.338694e+003
38,41,-3.338694e+003
38,42,-3.338694e+003
38,43,-3.338694e+003
38,44,-3.338694e+003
38,45,-3.338694e+003
38,46,-3.338694e+003
38,47,-3.338694e+003
38,48,-3.338694e+003
39,0,-3.334913e+003
39,1,-3.334913e+003
39,2,-3.334913e+003
39,3,-3.334913e+003
39,4,-3.334913e+003
39,5,-3.334913e+003
39,6,-3.334913e+003
39,7,-3.334913e+003
39,8,-3.334913e+003
39,9,-3.334913e+003
39,10,-3.334913e+003
39,11,-3.334913e+003
39,12,-3.334913e+003
39,13,-3.334913e+003
39,14,-3.334913e+003
39,15,-3.334913e+003
39,16,-3.334913e+003
39,17,-3.334913e+003
39,18,-3.334913e+003
39,19,-3.334913e+003
39,20,-3.334913e+003
39,21,-3.334913e+003
40,0,-3.330018e+003
40,1,-3.330018e+003
40,2,-3.330018e+003
40,3,-3.330018e+003
40,4,-3.330018e+003
40,5,-3.330018e+003
40,6,-3.330018e+003
40,7,-3.330018e+003
40,8,-3.330018e+003
40,9,-3.330018e+003
40,10,-3.330018e+003
40,11,-3.330018e+003
40,12,-3.330018e+003
40,13,-3.330018e+003
40,14,-3.330018e+003
40,15,-3.330018e+003
40,16,-3.330018e+003
40,17,-3.330018e+003
40,18,-3.330018e+003
40,19,-3.330018e+003
40,20,-3.330018e+003
40,21,-3.330018e+003
41,0,-3.324308e+003
41,1,-3.324308e+003
41,2,-3.324308e+003
41,3,-3.324308e+003
41,4,-3.324308e+003
41,5,-3.324308e+003
41,6,-3.324308e+003
41,7,-3.324308e+003
41,8,-3.324308e+003
41,9,-3.324308e+003
41,10,-3.324308e+003
41,11,-3.324308e+003
41,12,-3.324308e+003
41,13,-3.324308e+003
41,14,-3.324308e+003
41,15,-3.324488e+003
41,16,-3.324659e+003
41,17,-3.324750e+003
41,18,-3.324963e+003
41,19,-3.325073e+003
41,20,-3.325134e+003
41,21,-3.325187e+003
41,22,-3.325245e+003
41,23,-3.325265e+003
41,24,-3.325277e+003
41,25,-3.325289e+003
41,26,-3.325295e+003
41,27,-3.325299e+003
41,28,-3.325300e+003
41,29,-3.325302e+003
41,30,-3.325302e+003
41,31,-3.325303e+003
41,32,-3.325304e+003
41,33,-3.325304e+003
41,34,-3.325305e+003
41,35,-3.325305e+003
41,36,-3.325305e+003
41,37,-3.325305e+003
41,38,-3.325305e+003
41,39,-3.325305e+003
41,40,-3.325305e+003
41,41,-3.325305e+003
41,42,-3.325305e+003
41,43,-3.325305e+003
41,44,-3.325305e+003
41,45,-3.325305e+003
41,46,-3.325305e+003
41,47,-3.325306e+003
41,48,-3.325306e+003
41,49,-3.325306e+003
41,50,-3.325306e+003
41,51,-3.325306e+003
41,52,-3.325306e+003
41,53,-3.325306e+003
41,54,-3.325306e+003
41,55,-3.325306e+003
41,56,-3.325306e+003
41,57,-3.325306e+003
41,58,-3.325306e+003
41,59,-3.325306e+003
41,60,-3.325306e+003
41,61,-3.325306e+003
41,62,-3.325306e+003
41,63,-3.325306e+003
41,64,-3.325306e+003
41,65,-3.325306e+003
41,66,-3.325306e+003
41,67,-3.325306e+003
41,68,-3.325306e+003
41,69,-3.325306e+003
41,70,-3.325306e+003
41,71,-3.325306e+003
41,72,-3.325306e+003
41,73,-3.325306e+003
41,74,-3.325307e+003
41,75,-3.325307e+003
41,76,-3.325307e+003
41,77,-3.325307e+003
41,78,-3.325307e+003
41,79,-3.325307e+003
41,80,-3.325307e+003
41,81,-3.325307e+003
41,82,-3.325307e+003
41,83,-3.325307e+003
41,84,-3.325307e+003
41,85,-3.325307e+003
41,86,-3.325307e+003
41,87,-3.325307e+003
41,88,-3.325307e+003
41,89,-3.325307e+003
41,90,-3.325307e+003
41,91,-3.325307e+003
41,92,-3.325307e+003
41,93,-3.325307e+003
41,94,-3.325307e+003
41,95,-3.325307e+003
41,96,-3.325307e+003
41,97,-3.325307e+003
41,98,-3.325307e+003
41,99,-3.325307e+003
41,100,-3.325307e+003
41,101,-3.325307e+003
41,102,-3.325307e+003
41,103,-3.325307e+003
41,104,-3.325307e+003
41,105,-3.325307e+003
41,106,-3.325307e+003
41,107,-3.325307e+003
41,108,-3.325307e+003
41,109,-3.325307e+003
41,110,-3.325307e+003
41,111,-3.325307e+003
41,112,-3.325307e+003
41,113,-3.325307e+003
41,114,-3.325307e+003
41,115,-3.325307e+003
41,116,-3.325307e+003
41,117,-3.325307e+003
41,118,-3.325307e+003
41,119,-3.325307e+003
41,120,-3.325307e+003
41,121,-3.325307e+003
41,122,-3.325307e+003
41,123,-3.325307e+003
41,124,-3.325307e+003
41,125,-3.325307e+003
41,126,-3.325307e+003
41,127,-3.325307e+003
41,128,-3.325307e+003
41,129,-3.325307e+003
42,0,-3.319990e+003
42,1,-3.319990e+003
42,2,-3.319990e+003
42,3,-3.319990e+003
42,4,-3.319990e+003
42,5,-3.319990e+003
42,6,-3.319990e+003
42,7,-3.319990e+003
42,8,-3.319990e+003
42,9,-3.319990e+003
42,10,-3.319990e+003
42,11,-3.319990e+003
42,12,-3.319990e+003
42,13,-3.319990e+003
42,14,-3.319990e+003
42,15,-3.319990e+003
42,16,-3.319990e+003
42,17,-3.319990e+003
42,18,-3.319990e+003
42,19,-3.319990e+003
42,20,-3.319990e+003
42,21,-3.319990e+003
43,0,-3.314441e+003
43,1,-3.314441e+003
43,2,-3.314441e+003
43,3,-3.314441e+003
43,4,-3.314441e+003
43,5,-3.314441e+003
43,6,-3.314441e+003
43,7,-3.314441e+003
43,8,-3.314441e+003
43,9,-3.314441e+003
43,10,-3.314441e+003
43,11,-3.314441e+003
43,12,-3.314441e+003
43,13,-3.314441e+003
43,14,-3.314441e+003
43,15,-3.314441e+003
43,16,-3.314441e+003
43,17,-3.314441e+003
43,18,-3.314441e+003
43,19,-3.314441e+003
43,20,-3.314441e+003
43,21,-3.314441e+003
44,0,-3.309107e+003
44,1,-3.309107e+003
44,2,-3.309107e+003
44,3,-3.309107e+003
44,4,-3.309107e+003
44,5,-3.309107e+003
44,6,-3.309107e+003
44,7,-3.309107e+003
44,8,-3.309107e+003
44,9,-3.309107e+003
44,10,-3.309107e+003
44,11,-3.309107e+003
44,12,-3.309107e+003
44,13,-3.309107e+003
44,14,-3.309107e+003
44,15,-3.309107e+003
44,16,-3.309107e+003
44,17,-3.309107e+003
44,18,-3.309107e+003
44,19,-3.309107e+003
44,20,-3.309107e+003
44,21,-3.309107e+003
45,0,-3.304943e+003
45,1,-3.304943e+003
45,2,-3.304943e+003
45,3,-3.304943e+003
45,4,-3.304943e+003
45,5,-3.304943e+003
45,6,-3.304943e+003
45,7,-3.304943e+003
45,8,-3.304943e+003
45,9,-3.304943e+003
45,10,-3.304943e+003
45,11,-3.304943e+003
45,12,-3.304943e+003
45,13,-3.304943e+003
45,14,-3.304943e+003
45,15,-3.304943e+003
45,16,-3.304943e+003
45,17,-3.304943e+003
45,18,-3.304943e+003
45,19,-3.305345e+003
45,20,-3.305748e+003
45,21,-3.305949e+003
45,22,-3.306521e+003
45,23,-3.307024e+003
45,24,-3.307163e+003
45,25,-3.307217e+003
45,26,-3.307284e+003
45,27,-3.307317e+003
45,28,-3.307331e+003
45,29,-3.307342e+003
45,30,-3.307349e+003
45,31,-3.307353e+003
45,32,-3.307355e+003
45,33,-3.307357e+003
45,34,-3.307358e+003
45,35,-3.307359e+003
45,36,-3.307359e+003
45,37,-3.307360e+003
45,38,-3.307361e+003
45,39,-3.307361e+003
45,40,-3.307361e+003
45,41,-3.307361e+003
45,42,-3.307361e+003
45,43,-3.307361e+003
45,44,-3.307361e+003
45,45,-3.307361e+003
45,46,-3.307362e+003
45,47,-3.307362e+003
45,48,-3.307362e+003
45,49,-3.307362e+003
45,50,-3.307362e+003
45,51,-3.307362e+003
45,52,-3.307362e+003
45,53,-3.307362e+003
45,54,-3.307362e+003
45,55,-3.307362e+003
45,56,-3.307362e+003
45,57,-3.307362e+003
45,58,-3.307362e+003
45,59,-3.307362e+003
45,60,-3.307363e+003
45,61,-3.307363e+003
45,62,-3.307363e+003
45,63,-3.307363e+003
45,64,-3.307363e+003
45,65,-3.307363e+003
45,66,-3.307363e+003
45,67,-3.307363e+003
45,68,-3.307363e+003
45,69,-3.307363e+003
45,70,-3.307363e+003
45,71,-3.307363e+003
45,72,-3.307363e+003
45,73,-3.307363e+003
45,74,-3.307363e+003
45,75,-3.307363e+003
45,76,-3.307363e+003
45,77,-3.307363e+003
45,78,-3.307363e+003
45,79,-3.307363e+003
45,80,-3.307363e+003
45,81,-3.307363e+003
45,82,-3.307364e+003
45,83,-3.307364e+003
45,84,-3.307364e+003
45,85,-3.307364e+003
45,86,-3.307364e+003
45,87,-3.307364e+003
45,88,-3.307364e+003
45,89,-3.307364e+003
45,90,-3.307364e+003
45,91,-3.307364e+003
45,92,-3.307364e+003
45,93,-3.307364e+003
45,94,-3.307364e+003
45,95,-3.307364e+003
45,96,-3.307364e+003
45,97,-3.307364e+003
45,98,-3.307364e+003
45,99,-3.307364e+003
45,100,-3.307364e+003
45,101,-3.307364e+003
45,102,-3.307364e+003
45,103,-3.307364e+003
45,104,-3.307364e+003
45,105,-3.307364e+003
45,106,-3.307364e+003
45,107,-3.307364e+003
45,108,-3.307364e+003
45,109,-3.307364e+003
45,110,-3.307364e+003
45,111,-3.307364e+003
46,0,-3.304772e+003
46,1,-3.304772e+003
46,2,-3.304772e+003
46,3,-3.304772e+003
46,4,-3.304772e+003
46,5,-3.304772e+003
46,6,-3.304772e+003
46,7,-3.304780e+003
46,8,-3.304790e+003
46,9,-3.304797e+003
46,10,-3.304811e+003
46,11,-3.304820e+003
46,12,-3.304825e+003
46,13,-3.304827e+003
46,14,-3.304754e+003
46,15,-3.304755e+003
46,16,-3.304755e+003
46,17,-3.304755e+003
46,18,-3.304756e+003
46,19,-3.304756e+003
46,20,-3.304681e+003
46,21,-3.304681e+003
46,22,-3.304681e+003
46,23,-3.304681e+003
46,24,-3.304681e+003
46,25,-3.304681e+003
46,26,-3.304681e+003
46,27,-3.304681e+003
46,28,-3.304681e+003
46,29,-3.304681e+003
46,30,-3.304681e+003
46,31,-3.304681e+003
46,32,-3.304681e+003
46,33,-3.304681e+003
46,34,-3.304681e+003
46,35,-3.304681e+003
46,36,-3.304682e+003
46,37,-3.304682e+003
46,38,-3.304682e+003
46,39,-3.304682e+003
46,40,-3.304682e+003
46,41,-3.304682e+003
46,42,-3.304682e+003
46,43,-3.304682e+003
46,44,-3.304682e+003
46,45,-3.304683e+003
46,46,-3.304683e+003
46,47,-3.304683e+003
46,48,-3.304683e+003
46,49,-3.304683e+003
46,50,-3.304683e+003
46,51,-3.304683e+003
46,52,-3.304683e+003
46,53,-3.304683e+003
46,54,-3.304683e+003
46,55,-3.304683e+003
46,56,-3.304683e+003
46,57,-3.304683e+003
46,58,-3.304683e+003
46,59,-3.304683e+003
46,60,-3.304683e+003
46,61,-3.304683e+003
46,62,-3.304683e+003
46,63,-3.304683e+003
46,64,-3.304683e+003
46,65,-3.304683e+003
46,66,-3.304683e+003
46,67,-3.304683e+003
46,68,-3.304683e+003
46,69,-3.304683e+003
46,70,-3.304683e+003
46,71,-3.304683e+003
46,72,-3.304683e+003
46,73,-3.304683e+003
46,74,-3.304683e+003
47,0,-3.303527e+003
47,1,-3.303527e+003
47,2,-3.303527e+003
47,3,-3.303527e+003
47,4,-3.303527e+003
47,5,-3.303527e+003
47,6,-3.303527e+003
47,7,-3.303527e+003
47,8,-3.303527e+003
47,9,-3.303527e+003
47,10,-3.303527e+003
47,11,-3.303527e+003
47,12,-3.303527e+003
47,13,-3.303527e+003
47,14,-3.303527e+003
47,15,-3.303527e+003
47,16,-3.303527e+003
47,17,-3.303527e+003
47,18,-3.303527e+003
47,19,-3.303527e+003
47,20,-3.303527e+003
47,21,-3.303527e+003
48,0,-3.303840e+003
48,1,-3.303840e+003
48,2,-3.303840e+003
48,3,-3.303840e+003
48,4,-3.303840e+003
48,5,-3.303840e+003
48,6,-3.303840e+003
48,7,-3.303840e+003
48,8,-3.303840e+003
48,9,-3.303840e+003
48,10,-3.303861e+003
48,11,-3.303889e+003
48,12,-3.303897e+003
48,13,-3.303908e+003
48,14,-3.303918e+003
48,15,-3.303925e+003
48,16,-3.303928e+003
48,17,-3.303932e+003
48,18,-3.303933e+003
48,19,-3.303935e+003
48,20,-3.303936e+003
48,21,-3.303936e+003
48,22,-3.303937e+003
48,23,-3.303937e+003
48,24,-3.303937e+003
48,25,-3.303937e+003
48,26,-3.303937e+003
48,27,-3.303937e+003
48,28,-3.303937e+003
48,29,-3.303937e+003
48,30,-3.303937e+003
48,31,-3.303937e+003
48,32,-3.303937e+003
48,33,-3.303937e+003
48,34,-3.303937e+003
48,35,-3.303937e+003
48,36,-3.303937e+003
48,37,-3.303938e+003
48,38,-3.303938e+003
48,39,-3.303938e+003
48,40,-3.303938e+003
48,41,-3.303938e+003
48,42,-3.303938e+003
48,43,-3.303938e+003
48,44,-3.303938e+003
48,45,-3.303938e+003
48,46,-3.303938e+003
48,47,-3.303938e+003
48,48,-3.303939e+003
48,49,-3.303939e+003
48,50,-3.303939e+003
48,51,-3.303939e+003
48,52,-3.303939e+003
48,53,-3.303939e+003
48,54,-3.303939e+003
48,55,-3.303939e+003
48,56,-3.303939e+003
48,57,-3.303939e+003
48,58,-3.303939e+003
48,59,-3.303939e+003
48,60,-3.303939e+003
48,61,-3.303939e+003
48,62,-3.303940e+003
48,63,-3.303940e+003
48,64,-3.303940e+003
48,65,-3.303940e+003
48,66,-3.303940e+003
48,67,-3.303940e+003
48,68,-3.303940e+003
48,69,-3.303940e+003
48,70,-3.303940e+003
48,71,-3.303940e+003
48,72,-3.303940e+003
48,73,-3.303940e+003
48,74,-3.303940e+003
48,75,-3.303940e+003
48,76,-3.303940e+003
48,77,-3.303940e+003
48,78,-3.303940e+003
48,79,-3.303940e+003
48,80,-3.303940e+003
49,0,-3.305732e+003
49,1,-3.305732e+003
49,2,-3.305732e+003
49,3,-3.305732e+003
49,4,-3.305732e+003
49,5,-3.305732e+003
49,6,-3.305732e+003
49,7,-3.305732e+003
49,8,-3.305732e+003
49,9,-3.305732e+003
49,10,-3.305732e+003
49,11,-3.305732e+003
49,12,-3.305732e+003
49,13,-3.305732e+003
49,14,-3.305732e+003
49,15,-3.305732e+003
49,16,-3.305732e+003
49,17,-3.305732e+003
49,18,-3.305732e+003
49,19,-3.305732e+003
49,20,-3.305732e+003
49,21,-3.305732e+003
50,0,-3.309107e+003
50,1,-3.309107e+003
50,2,-3.309107e+003
50,3,-3.309107e+003
50,4,-3.309107e+003
50,5,-3.309107e+003
50,6,-3.309107e+003
50,7,-3.309150e+003
50,8,-3.309188e+003
50,9,-3.309207e+003
50,10,-3.309242e+003
50,11,-3.309255e+003
50,12,-3.309265e+003
50,13,-3.309276e+003
50,14,-3.309283e+003
50,15,-3.309285e+003
50,16,-3.309363e+003
50,17,-3.309440e+003
50,18,-3.309441e+003
50,19,-3.309441e+003
50,20,-3.309441e+003
50,21,-3.309441e+003
50,22,-3.309441e+003
50,23,-3.309442e+003
50,24,-3.309442e+003
50,25,-3.309442e+003
50,26,-3.309442e+003
50,27,-3.309442e+003
50,28,-3.309442e+003
50,29,-3.309442e+003
50,30,-3.309442e+003
50,31,-3.309442e+003
50,32,-3.309442e+003
50,33,-3.309442e+003
50,34,-3.309442e+003
50,35,-3.309442e+003
50,36,-3.309442e+003
50,37,-3.309442e+003
50,38,-3.309442e+003
50,39,-3.309442e+003
50,40,-3.309442e+003
50,41,-3.309442e+003
50,42,-3.309442e+003
50,43,-3.309442e+003
50,44,-3.309442e+003
50,45,-3.309442e+003
50,46,-3.309443e+003
50,47,-3.309443e+003
50,48,-3.309443e+003
50,49,-3.309443e+003
50,50,-3.309443e+003
50,51,-3.309443e+003
50,52,-3.309443e+003
50,53,-3.309443e+003
50,54,-3.309443e+003
50,55,-3.309443e+003
50,56,-3.309443e+003
50,57,-3.309443e+003
50,58,-3.309443e+003
50,59,-3.309443e+003
50,60,-3.309443e+003
50,61,-3.309443e+003
50,62,-3.309443e+003
50,63,-3.309444e+003
50,64,-3.309444e+003
50,65,-3.309444e+003
50,66,-3.309444e+003
50,67,-3.309444e+003
50,68,-3.309444e+003
50,69,-3.309444e+003
50,70,-3.309444e+003
50,71,-3.309444e+003
50,72,-3.309444e+003
50,73,-3.309444e+003
50,74,-3.309444e+003
50,75,-3.309444e+003
50,76,-3.309444e+003
50,77,-3.309444e+003
50,78,-3.309444e+003
50,79,-3.309444e+003
51,0,-3.313115e+003
51,1,-3.313115e+003
51,2,-3.313115e+003
51,3,-3.313115e+003
51,4,-3.313115e+003
51,5,-3.313115e+003
51,6,-3.313115e+003
51,7,-3.313115e+003
51,8,-3.313115e+003
51,9,-3.313115e+003
51,10,-3.313115e+003
51,11,-3.313115e+003
51,12,-3.313115e+003
51,13,-3.313115e+003
51,14,-3.313115e+003
51,15,-3.313115e+003
51,16,-3.313115e+003
51,17,-3.313115e+003
51,18,-3.313115e+003
51,19,-3.313115e+003
51,20,-3.313115e+003
51,21,-3.313115e+003
52,0,-3.317619e+003
52,1,-3.317619e+003
52,2,-3.317619e+003
52,3,-3.317619e+003
52,4,-3.317619e+003
52,5,-3.317679e+003
52,6,-3.317754e+003
52,7,-3.317793e+003
52,8,-3.317812e+003
52,9,-3.317881e+003
52,10,-3.317915e+003
52,11,-3.317933e+003
52,12,-3.317952e+003
52,13,-3.317961e+003
52,14,-3.317965e+003
52,15,-3.317968e+003
52,16,-3.317971e+003
52,17,-3.317972e+003
52,18,-3.317972e+003
52,19,-3.317972e+003
52,20,-3.317973e+003
52,21,-3.317973e+003
52,22,-3.317973e+003
52,23,-3.317973e+003
52,24,-3.317973e+003
52,25,-3.317973e+003
52,26,-3.317973e+003
52,27,-3.317973e+003
52,28,-3.317973e+003
52,29,-3.317973e+003
52,30,-3.317973e+003
52,31,-3.317973e+003
52,32,-3.317973e+003
52,33,-3.317973e+003
52,34,-3.317973e+003
52,35,-3.317973e+003
52,36,-3.317973e+003
52,37,-3.317973e+003
52,38,-3.317974e+003
52,39,-3.317974e+003
52,40,-3.317974e+003
52,41,-3.317974e+003
52,42,-3.317974e+003
52,43,-3.317974e+003
52,44,-3.317974e+003
52,45,-3.317974e+003
52,46,-3.317974e+003
52,47,-3.317974e+003
52,48,-3.317974e+003
52,49,-3.317974e+003
52,50,-3.317974e+003
52,51,-3.317974e+003
52,52,-3.317974e+003
52,53,-3.317974e+003
52,54,-3.317974e+003
52,55,-3.317974e+003
52,56,-3.317974e+003
52,57,-3.317974e+003
52,58,-3.317974e+003
52,59,-3.317974e+003
52,60,-3.317974e+003
52,61,-3.317974e+003
52,62,-3.317974e+003
52,63,-3.317974e+003
52,64,-3.317974e+003
52,65,-3.317974e+003
52,66,-3.317974e+003
52,67,-3.317974e+003
52,68,-3.317974e+003
52,69,-3.317974e+003
52,70,-3.317974e+003
52,71,-3.317974e+003
52,72,-3.317974e+003
52,73,-3.317974e+003
52,74,-3.317974e+003
52,75,-3.317974e+003
52,76,-3.317974e+003
52,77,-3.317974e+003
52,78,-3.317974e+003
52,79,-3.317974e+003
52,80,-3.317974e+003
53,0,-3.322933e+003
53,1,-3.322933e+003
53,2,-3.322933e+003
53,3,-3.322933e+003
53,4,-3.322933e+003
53,5,-3.322933e+003
53,6,-3.322933e+003
53,7,-3.322933e+003
53,8,-3.322933e+003
53,9,-3.322933e+003
53,10,-3.322933e+003
53,11,-3.322933e+003
53,12,-3.322933e+003
53,13,-3.322933e+003
53,14,-3.322933e+003
53,15,-3.322933e+003
53,16,-3.322933e+003
53,17,-3.322933e+003
53,18,-3.322933e+003
53,19,-3.322933e+003
53,20,-3.322933e+003
53,21,-3.322933e+003
54,0,-3.327537e+003
54,1,-3.327537e+003
54,2,-3.327607e+003
54,3,-3.327685e+003
54,4,-3.327730e+003
54,5,-3.327887e+003
54,6,-3.327947e+003
54,7,-3.327993e+003
54,8,-3.328005e+003
54,9,-3.328021e+003
54,10,-3.328028e+003
54,11,-3.328031e+003
54,12,-3.328033e+003
54,13,-3.328035e+003
54,14,-3.328036e+003
54,15,-3.328036e+003
54,16,-3.328036e+003
54,17,-3.328036e+003
54,18,-3.328036e+003
54,19,-3.328036e+003
54,20,-3.328036e+003
54,21,-3.328036e+003
54,22,-3.328036e+003
54,23,-3.328036e+003
54,24,-3.328037e+003
54,25,-3.328037e+003
54,26,-3.328037e+003
54,27,-3.328037e+003
54,28,-3.328037e+003
54,29,-3.328037e+003
54,30,-3.328037e+003
54,31,-3.328037e+003
54,32,-3.328037e+003
54,33,-3.328037e+003
54,34,-3.328037e+003
54,35,-3.328037e+003
54,36,-3.328037e+003
54,37,-3.328037e+003
54,38,-3.328037e+003
54,39,-3.328037e+003
54,40,-3.328037e+003
54,41,-3.328037e+003
54,42,-3.328037e+003
54,43,-3.328037e+003
54,44,-3.328037e+003
54,45,-3.328037e+003
54,46,-3.328037e+003
54,47,-3.328037e+003
54,48,-3.328037e+003
54,49,-3.328037e+003
54,50,-3.328037e+003
54,51,-3.328037e+003
54,52,-3.328037e+003
54,53,-3.328037e+003
54,54,-3.328037e+003
54,55,-3.328037e+003
54,56,-3.328037e+003
54,57,-3.328037e+003
54,58,-3.328037e+003
54,59,-3.328037e+003
54,60,-3.328037e+003
54,61,-3.328037e+003
54,62,-3.328037e+003
54,63,-3.328037e+003
54,64,-3.328037e+003
54,65,-3.328037e+003
54,66,-3.328037e+003
54,67,-3.328037e+003
54,68,-3.328037e+003
54,69,-3.328037e+003
54,70,-3.328037e+003
54,71,-3.328037e+003
54,72,-3.328037e+003
54,73,-3.328037e+003
54,74,-3.328037e+003
54,75,-3.328037e+003
54,76,-3.328037e+003
54,77,-3.328037e+003
54,78,-3.328037e+003
54,79,-3.328037e+003
54,80,-3.328037e+003
55,0,-3.332531e+003
55,1,-3.332531e+003
55,2,-3.332531e+003
55,3,-3.332531e+003
55,4,-3.332531e+003
55,5,-3.332531e+003
55,6,-3.332531e+003
55,7,-3.332531e+003
55,8,-3.332531e+003
55,9,-3.332531e+003
55,10,-3.332531e+003
55,11,-3.332531e+003
55,12,-3.332531e+003
55,13,-3.332531e+003
55,14,-3.332531e+003
55,15,-3.332531e+003
55,16,-3.332531e+003
55,17,-3.332531e+003
55,18,-3.332531e+003
55,19,-3.332531e+003
55,20,-3.332531e+003
55,21,-3.332546e+003
55,22,-3.332514e+003
55,23,-3.332525e+003
55,24,-3.332559e+003
55,25,-3.332586e+003
55,26,-3.332520e+003
55,27,-3.332523e+003
55,28,-3.332525e+003
55,29,-3.332527e+003
55,30,-3.332527e+003
55,31,-3.332528e+003
55,32,-3.332528e+003
55,33,-3.332528e+003
55,34,-3.332528e+003
55,35,-3.332528e+003
55,36,-3.332528e+003
55,37,-3.332528e+003
55,38,-3.332529e+003
55,39,-3.332529e+003
55,40,-3.332529e+003
55,41,-3.332529e+003
55,42,-3.332529e+003
55,43,-3.332529e+003
55,44,-3.332529e+003
55,45,-3.332529e+003
55,46,-3.332529e+003
55,47,-3.332529e+003
55,48,-3.332529e+003
55,49,-3.332529e+003
55,50,-3.332529e+003
55,51,-3.332529e+003
55,52,-3.332529e+003
55,53,-3.332529e+003
55,54,-3.332529e+003
55,55,-3.332529e+003
55,56,-3.332529e+003
55,57,-3.332529e+003
55,58,-3.332529e+003
55,59,-3.332529e+003
55,60,-3.332529e+003
55,61,-3.332529e+003
55,62,-3.332529e+003
55,63,-3.332529e+003
55,64,-3.332529e+003
55,65,-3.332529e+003
55,66,-3.332529e+003
55,67,-3.332529e+003
55,68,-3.332529e+003
55,69,-3.332529e+003
55,70,-3.332529e+003
55,71,-3.332529e+003
55,72,-3.332529e+003
55,73,-3.332529e+003
55,74,-3.332529e+003
55,75,-3.332529e+003
55,76,-3.332529e+003
55,77,-3.332529e+003
55,78,-3.332529e+003
55,79,-3.332529e+003
55,80,-3.332529e+003
55,81,-3.332529e+003
55,82,-3.332529e+003
55,83,-3.332529e+003
55,84,-3.332529e+003
55,85,-3.332529e+003
55,86,-3.332529e+003
55,87,-3.332529e+003
55,88,-3.332529e+003
55,89,-3.332529e+003
55,90,-3.332529e+003
55,91,-3.332529e+003
55,92,-3.332529e+003
55,93,-3.332529e+003
56,0,-3.336061e+003
56,1,-3.336061e+003
56,2,-3.336061e+003
56,3,-3.336061e+003
56,4,-3.336061e+003
56,5,-3.336061e+003
56,6,-3.336061e+003
56,7,-3.336061e+003
56,8,-3.336061e+003
56,9,-3.336061e+003
56,10,-3.336061e+003
56,11,-3.336061e+003
56,12,-3.336061e+003
56,13,-3.336061e+003
56,14,-3.336061e+003
56,15,-3.336061e+003
56,16,-3.336061e+003
56,17,-3.336061e+003
56,18,-3.336061e+003
56,19,-3.336061e+003
56,20,-3.336061e+003
56,21,-3.336061e+003
56,22,-3.336061e+003
56,23,-3.336061e+003
56,24,-3.336061e+003
56,25,-3.336061e+003
56,26,-3.336061e+003
56,27,-3.336073e+003
56,28,-3.336086e+003
56,29,-3.336093e+003
56,30,-3.336120e+003
56,31,-3.336066e+003
56,32,-3.336074e+003
56,33,-3.336076e+003
56,34,-3.336078e+003
56,35,-3.336079e+003
56,36,-3.336080e+003
56,37,-3.336080e+003
56,38,-3.336081e+003
56,39,-3.336081e+003
56,40,-3.336081e+003
56,41,-3.336081e+003
56,42,-3.336081e+003
56,43,-3.336081e+003
56,44,-3.336081e+003
56,45,-3.336081e+003
56,46,-3.336081e+003
56,47,-3.336081e+003
56,48,-3.336081e+003
56,49,-3.336081e+003
56,50,-3.336081e+003
56,51,-3.336081e+003
56,52,-3.336081e+003
56,53,-3.336081e+003
56,54,-3.336081e+003
56,55,-3.336081e+003
56,56,-3.336081e+003
56,57,-3.336081e+003
56,58,-3.336081e+003
56,59,-3.336081e+003
56,60,-3.336081e+003
56,61,-3.336081e+003
56,62,-3.336081e+003
56,63,-3.336081e+003
56,64,-3.336081e+003
56,65,-3.336081e+003
56,66,-3.336081e+003
56,67,-3.336081e+003
56,68,-3.336081e+003
56,69,-3.336081e+003
57,0,-3.339352e+003
57,1,-3.339352e+003
57,2,-3.339352e+003
57,3,-3.339352e+003
57,4,-3.339352e+003
57,5,-3.339352e+003
57,6,-3.339352e+003
57,7,-3.339352e+003
57,8,-3.339352e+003
57,9,-3.339352e+003
57,10,-3.339352e+003
57,11,-3.339352e+003
57,12,-3.339352e+003
57,13,-3.339352e+003
57,14,-3.339352e+003
57,15,-3.339352e+003
57,16,-3.339352e+003
57,17,-3.339352e+003
57,18,-3.339352e+003
57,19,-3.339352e+003
57,20,-3.339352e+003
57,21,-3.339352e+003
58,0,-3.341819e+003
58,1,-3.341819e+003
58,2,-3.341819e+003
58,3,-3.341819e+003
58,4,-3.341819e+003
58,5,-3.341819e+003
58,6,-3.341819e+003
58,7,-3.341819e+003
58,8,-3.341819e+003
58,9,-3.341819e+003
58,10,-3.341819e+003
58,11,-3.341819e+003
58,12,-3.341819e+003
58,13,-3.341819e+003
58,14,-3.341819e+003
58,15,-3.341819e+003
58,16,-3.341819e+003
58,17,-3.341819e+003
58,18,-3.341819e+003
58,19,-3.341819e+003
58,20,-3.341819e+003
58,21,-3.341819e+003
58,22,-3.341819e+003
58,23,-3.341819e+003
58,24,-3.341819e+003
58,25,-3.341819e+003
58,26,-3.341819e+003
58,27,-3.341819e+003
58,28,-3.341819e+003
58,29,-3.341819e+003
58,30,-3.341819e+003
58,31,-3.341819e+003
58,32,-3.341819e+003
58,33,-3.341819e+003
58,34,-3.341819e+003
58,35,-3.341840e+003
58,36,-3.341868e+003
58,37,-3.341888e+003
58,38,-3.341933e+003
58,39,-3.341978e+003
58,40,-3.341997e+003
58,41,-3.342005e+003
58,42,-3.342012e+003
58,43,-3.342016e+003
58,44,-3.342018e+003
58,45,-3.342019e+003
58,46,-3.342020e+003
58,47,-3.342020e+003
58,48,-3.342021e+003
58,49,-3.342021e+003
58,50,-3.342021e+003
58,51,-3.342021e+003
58,52,-3.342021e+003
58,53,-3.342021e+003
58,54,-3.342021e+003
58,55,-3.342021e+003
58,56,-3.342021e+003
58,57,-3.342021e+003
58,58,-3.342021e+003
58,59,-3.342021e+003
58,60,-3.342021e+003
58,61,-3.342021e+003
58,62,-3.342021e+003
58,63,-3.342021e+003
58,64,-3.342021e+003
58,65,-3.342021e+003
58,66,-3.342021e+003
58,67,-3.342021e+003
58,68,-3.342021e+003
58,69,-3.342021e+003
58,70,-3.342021e+003
59,0,-3.343936e+003
59,1,-3.343936e+003
59,2,-3.343936e+003
59,3,-3.343936e+003
59,4,-3.343936e+003
59,5,-3.343936e+003
59,6,-3.343936e+003
59,7,-3.343936e+003
59,8,-3.343936e+003
59,9,-3.343936e+003
59,10,-3.343936e+003
59,11,-3.343936e+003
59,12,-3.343936e+003
59,13,-3.343936e+003
59,14,-3.343936e+003
59,15,-3.343936e+003
59,16,-3.343936e+003
59,17,-3.343936e+003
59,18,-3.343936e+003
59,19,-3.343936e+003
59,20,-3.343936e+003
59,21,-3.343936e+003
60,0,-3.345256e+003
60,1,-3.345256e+003
60,2,-3.345256e+003
60,3,-3.345256e+003
60,4,-3.345256e+003
60,5,-3.345256e+003
60,6,-3.345256e+003
60,7,-3.345256e+003
60,8,-3.345256e+003
60,9,-3.345256e+003
60,10,-3.345256e+003
60,11,-3.345256e+003
60,12,-3.345256e+003
60,13,-3.345256e+003
60,14,-3.345256e+003
60,15,-3.345256e+003
60,16,-3.345256e+003
60,17,-3.345256e+003
60,18,-3.345256e+003
60,19,-3.345256e+003
60,20,-3.345256e+003
60,21,-3.345256e+003
60,22,-3.345256e+003
60,23,-3.345256e+003
60,24,-3.345256e+003
60,25,-3.345256e+003
60,26,-3.345256e+003
60,27,-3.345256e+003
60,28,-3.345256e+003
60,29,-3.345256e+003
60,30,-3.345256e+003
60,31,-3.345256e+003
60,32,-3.345256e+003
60,33,-3.345256e+003
60,34,-3.345256e+003
60,35,-3.345256e+003
60,36,-3.345256e+003
60,37,-3.345256e+003
60,38,-3.345256e+003
60,39,-3.345256e+003
60,40,-3.345256e+003
60,41,-3.345256e+003
60,42,-3.345264e+003
60,43,-3.345273e+003
60,44,-3.345281e+003
60,45,-3.345294e+003
60,46,-3.345306e+003
60,47,-3.345315e+003
60,48,-3.345318e+003
60,49,-3.345322e+003
60,50,-3.345325e+003
60,51,-3.345326e+003
60,52,-3.345326e+003
60,53,-3.345327e+003
60,54,-3.345327e+003
60,55,-3.345327e+003
60,56,-3.345327e+003
60,57,-3.345327e+003
60,58,-3.345327e+003
60,59,-3.345327e+003
60,60,-3.345327e+003
60,61,-3.345327e+003
60,62,-3.345327e+003
60,63,-3.345327e+003
60,64,-3.345327e+003
60,65,-3.345327e+003
60,66,-3.345327e+003
61,0,-3.346652e+003
61,1,-3.346652e+003
61,2,-3.346652e+003
61,3,-3.346652e+003
61,4,-3.346652e+003
61,5,-3.346652e+003
61,6,-3.346652e+003
61,7,-3.346652e+003
61,8,-3.346652e+003
61,9,-3.346652e+003
61,10,-3.346652e+003
61,11,-3.346652e+003
61,12,-3.346652e+003
61,13,-3.346652e+003
61,14,-3.346652e+003
61,15,-3.346652e+003
61,16,-3.346652e+003
61,17,-3.346652e+003
61,18,-3.346652e+003
61,19,-3.346652e+003
61,20,-3.346652e+003
61,21,-3.346652e+003
61,22,-3.346652e+003
61,23,-3.346652e+003
61,24,-3.346652e+003
61,25,-3.346652e+003
61,26,-3.346652e+003
61,27,-3.346652e+003
61,28,-3.346652e+003
61,29,-3.346652e+003
61,30,-3.346652e+003
61,31,-3.346652e+003
61,32,-3.346652e+003
61,33,-3.346652e+003
61,34,-3.346652e+003
61,35,-3.346652e+003
61,36,-3.346652e+003
61,37,-3.346652e+003
61,38,-3.346652e+003
61,39,-3.346652e+003
61,40,-3.346652e+003
61,41,-3.346652e+003
61,42,-3.346652e+003
61,43,-3.346652e+003
61,44,-3.346652e+003
61,45,-3.346652e+003
61,46,-3.346652e+003
61,47,-3.346652e+003
61,48,-3.346652e+003
61,49,-3.346652e+003
61,50,-3.346652e+003
61,51,-3.346652e+003
61,52,-3.346652e+003
61,53,-3.346652e+003
61,54,-3.346652e+003
61,55,-3.346652e+003
61,56,-3.346652e+003
61,57,-3.346652e+003
61,58,-3.346652e+003
61,59,-3.346652e+003
61,60,-3.346652e+003
61,61,-3.346652e+003
61,62,-3.346652e+003
61,63,-3.346652e+003
61,64,-3.346652e+003
61,65,-3.346652e+003
61,66,-3.346652e+003
61,67,-3.346652e+003
61,68,-3.346652e+003
61,69,-3.346652e+003
61,70,-3.346652e+003
61,71,-3.346652e+003
61,72,-3.346652e+003
61,73,-3.346652e+003
61,74,-3.346652e+003
61,75,-3.346653e+003
61,76,-3.346654e+003
61,77,-3.346655e+003
61,78,-3.346656e+003
61,79,-3.346656e+003
61,80,-3.346657e+003
61,81,-3.346658e+003
61,82,-3.346658e+003
61,83,-3.346652e+003
61,84,-3.346652e+003
61,85,-3.346652e+003
61,86,-3.346652e+003
61,87,-3.346652e+003
61,88,-3.346652e+003
61,89,-3.346652e+003
61,90,-3.346652e+003
61,91,-3.346652e+003
61,92,-3.346652e+003
61,93,-3.346652e+003
61,94,-3.346652e+003
61,95,-3.346652e+003
62,0,-3.347254e+003
62,1,-3.347254e+003
62,2,-3.347254e+003
62,3,-3.347254e+003
62,4,-3.347254e+003
62,5,-3.347254e+003
62,6,-3.347254e+003
62,7,-3.347254e+003
62,8,-3.347254e+003
62,9,-3.347254e+003
62,10,-3.347254e+003
62,11,-3.347254e+003
62,12,-3.347254e+003
62,13,-3.347254e+003
62,14,-3.347254e+003
62,15,-3.347254e+003
62,16,-3.347254e+003
62,17,-3.347254e+003
62,18,-3.347254e+003
62,19,-3.347254e+003
62,20,-3.347254e+003
62,21,-3.347254e+003
62,22,-3.347254e+003
62,23,-3.347254e+003
62,24,-3.347254e+003
62,25,-3.347254e+003
62,26,-3.347254e+003
62,27,-3.347254e+003
62,28,-3.347254e+003
62,29,-3.347254e+003
62,30,-3.347254e+003
62,31,-3.347254e+003
62,32,-3.347254e+003
62,33,-3.347254e+003
62,34,-3.347254e+003
62,35,-3.347254e+003
62,36,-3.347254e+003
62,37,-3.347254e+003
62,38,-3.347254e+003
62,39,-3.347254e+003
62,40,-3.347254e+003
62,41,-3.347254e+003
62,42,-3.347254e+003
62,43,-3.347254e+003
62,44,-3.347254e+003
62,45,-3.347254e+003
62,46,-3.347254e+003
62,47,-3.347254e+003
62,48,-3.347254e+003
62,49,-3.347254e+003
62,50,-3.347254e+003
62,51,-3.347254e+003
62,52,-3.347254e+003
62,53,-3.347254e+003
62,54,-3.347254e+003
62,55,-3.347254e+003
62,56,-3.347254e+003
62,57,-3.347254e+003
62,58,-3.347254e+003
62,59,-3.347254e+003
62,60,-3.347254e+003
62,61,-3.347254e+003
62,62,-3.347254e+003
62,63,-3.347254e+003
62,64,-3.347254e+003
62,65,-3.347254e+003
62,66,-3.347254e+003
62,67,-3.347254e+003
62,68,-3.347254e+003
62,69,-3.347254e+003
62,70,-3.347254e+003
62,71,-3.347254e+003
62,72,-3.347254e+003
62,73,-3.347254e+003
62,74,-3.347254e+003
62,75,-3.347254e+003
62,76,-3.347254e+003
62,77,-3.347254e+003
62,78,-3.347254e+003
62,79,-3.347254e+003
62,80,-3.347255e+003
62,81,-3.347255e+003
62,82,-3.347255e+003
62,83,-3.347249e+003
62,84,-3.347249e+003
62,85,-3.347249e+003
62,86,-3.347249e+003
62,87,-3.347250e+003
62,88,-3.347250e+003
62,89,-3.347250e+003
62,90,-3.347250e+003
62,91,-3.347250e+003
62,92,-3.347250e+003
62,93,-3.347250e+003
62,94,-3.347250e+003
62,95,-3.347250e+003
62,96,-3.347250e+003
62,97,-3.347250e+003
62,98,-3.347250e+003
62,99,-3.347250e+003
62,100,-3.347250e+003
63,0,-3.347602e+003
63,1,-3.347602e+003
63,2,-3.347602e+003
63,3,-3.347602e+003
63,4,-3.347602e+003
63,5,-3.347602e+003
63,6,-3.347602e+003
63,7,-3.347602e+003
63,8,-3.347602e+003
63,9,-3.347602e+003
63,10,-3.347602e+003
63,11,-3.347602e+003
63,12,-3.347602e+003
63,13,-3.347602e+003
63,14,-3.347602e+003
63,15,-3.347602e+003
63,16,-3.347602e+003
63,17,-3.347602e+003
63,18,-3.347602e+003
63,19,-3.347602e+003
63,20,-3.347602e+003
63,21,-3.347602e+003
63,22,-3.347602e+003
63,23,-3.347602e+003
63,24,-3.347602e+003
63,25,-3.347602e+003
63,26,-3.347602e+003
63,27,-3.347602e+003
63,28,-3.347602e+003
63,29,-3.347602e+003
63,30,-3.347602e+003
63,31,-3.347602e+003
63,32,-3.347602e+003
63,33,-3.347602e+003
63,34,-3.347527e+003
63,35,-3.347527e+003
63,36,-3.347527e+003
63,37,-3.347527e+003
63,38,-3.347527e+003
63,39,-3.347527e+003
63,40,-3.347527e+003
63,41,-3.347527e+003
63,42,-3.347527e+003
63,43,-3.347527e+003
63,44,-3.347527e+003
63,45,-3.347528e+003
63,46,-3.347528e+003
63,47,-3.347528e+003
63,48,-3.347528e+003
63,49,-3.347528e+003
63,50,-3.347528e+003
63,51,-3.347528e+003
63,52,-3.347528e+003
63,53,-3.347477e+003
63,54,-3.347477e+003
63,55,-3.347477e+003
63,56,-3.347477e+003
63,57,-3.347477e+003
63,58,-3.347477e+003
63,59,-3.347477e+003
63,60,-3.347477e+003
63,61,-3.347477e+003
63,62,-3.347477e+003
63,63,-3.347477e+003
63,64,-3.347477e+003
63,65,-3.347477e+003
63,66,-3.347477e+003
63,67,-3.347477e+003
63,68,-3.347477e+003
63,69,-3.347477e+003
63,70,-3.347477e+003
63,71,-3.347477e+003
63,72,-3.347477e+003
63,73,-3.347477e+003
63,74,-3.347477e+003
63,75,-3.347477e+003
63,76,-3.347477e+003
63,77,-3.347477e+003
63,78,-3.347478e+003
63,79,-3.347478e+003
63,80,-3.347478e+003
63,81,-3.347478e+003
63,82,-3.347478e+003
63,83,-3.347478e+003
63,84,-3.347478e+003
63,85,-3.347478e+003
63,86,-3.347478e+003
63,87,-3.347478e+003
63,88,-3.347478e+003
63,89,-3.347478e+003
63,90,-3.347478e+003
63,91,-3.347478e+003
63,92,-3.347478e+003
63,93,-3.347478e+003
63,94,-3.347478e+003
63,95,-3.347478e+003
63,96,-3.347478e+003
63,97,-3.347529e+003
63,98,-3.347529e+003
63,99,-3.347529e+003
63,100,-3.347529e+003
63,101,-3.347529e+003
63,102,-3.347529e+003
63,103,-3.347529e+003
63,104,-3.347529e+003
64,0,-3.347707e+003
64,1,-3.347707e+003
64,2,-3.347707e+003
64,3,-3.347707e+003
64,4,-3.347707e+003
64,5,-3.347707e+003
64,6,-3.347707e+003
64,7,-3.347707e+003
64,8,-3.347707e+003
64,9,-3.347707e+003
64,10,-3.347707e+003
64,11,-3.347707e+003
64,12,-3.347707e+003
64,13,-3.347707e+003
64,14,-3.347707e+003
64,15,-3.347707e+003
64,16,-3.347707e+003
64,17,-3.347707e+003
64,18,-3.347707e+003
64,19,-3.347707e+003
64,20,-3.347707e+003
64,21,-3.347707e+003
65,0,-3.347766e+003
65,1,-3.347766e+003
65,2,-3.347766e+003
65,3,-3.347766e+003
65,4,-3.347766e+003
65,5,-3.347766e+003
65,6,-3.347766e+003
65,7,-3.347766e+003
65,8,-3.347766e+003
65,9,-3.347766e+003
65,10,-3.347766e+003
65,11,-3.347766e+003
65,12,-3.347766e+003
65,13,-3.347766e+003
65,14,-3.347766e+003
65,15,-3.347766e+003
65,16,-3.347766e+003
65,17,-3.347766e+003
65,18,-3.347766e+003
65,19,-3.347766e+003
65,20,-3.347766e+003
65,21,-3.347766e+003
65,22,-3.347766e+003
65,23,-3.347766e+003
65,24,-3.347766e+003
65,25,-3.347766e+003
65,26,-3.347766e+003
65,27,-3.347766e+003
65,28,-3.347766e+003
65,29,-3.347766e+003
65,30,-3.347766e+003
65,31,-3.347766e+003
65,32,-3.347766e+003
65,33,-3.347766e+003
65,34,-3.347766e+003
65,35,-3.347766e+003
65,36,-3.347766e+003
65,37,-3.347766e+003
65,38,-3.347766e+003
65,39,-3.347766e+003
65,40,-3.347766e+003
65,41,-3.347766e+003
65,42,-3.347766e+003
66,0,-3.347908e+003
66,1,-3.347908e+003
66,2,-3.347908e+003
66,3,-3.347908e+003
66,4,-3.347908e+003
66,5,-3.347908e+003
66,6,-3.347908e+003
66,7,-3.347908e+003
66,8,-3.347908e+003
66,9,-3.347908e+003
66,10,-3.347908e+003
66,11,-3.347909e+003
66,12,-3.347909e+003
66,13,-3.347909e+003
66,14,-3.347859e+003
66,15,-3.347859e+003
66,16,-3.347859e+003
66,17,-3.347859e+003
66,18,-3.347859e+003
66,19,-3.347859e+003
66,20,-3.347859e+003
66,21,-3.347859e+003
66,22,-3.347859e+003
66,23,-3.347859e+003
66,24,-3.347899e+003
66,25,-3.347899e+003
66,26,-3.347899e+003
66,27,-3.347899e+003
66,28,-3.347899e+003
66,29,-3.347899e+003
66,30,-3.347899e+003
66,31,-3.347899e+003
66,32,-3.347899e+003
66,33,-3.347899e+003
66,34,-3.347899e+003
66,35,-3.347899e+003
66,36,-3.347899e+003
66,37,-3.347899e+003
66,38,-3.347899e+003
66,39,-3.347899e+003
67,0,-3.347713e+003
67,1,-3.347713e+003
67,2,-3.347713e+003
67,3,-3.347713e+003
67,4,-3.347713e+003
67,5,-3.347713e+003
67,6,-3.347713e+003
67,7,-3.347713e+003
67,8,-3.347713e+003
67,9,-3.347713e+003
67,10,-3.347713e+003
67,11,-3.347713e+003
67,12,-3.347713e+003
67,13,-3.347713e+003
67,14,-3.347713e+003
67,15,-3.347713e+003
67,16,-3.347713e+003
67,17,-3.347713e+003
67,18,-3.347713e+003
67,19,-3.347713e+003
67,20,-3.347713e+003
67,21,-3.347713e+003
68,0,-3.347657e+003
68,1,-3.347657e+003
68,2,-3.347657e+003
68,3,-3.347657e+003
68,4,-3.347657e+003
68,5,-3.347657e+003
68,6,-3.347657e+003
68,7,-3.347657e+003
68,8,-3.347657e+003
68,9,-3.347657e+003
68,10,-3.347657e+003
68,11,-3.347657e+003
68,12,-3.347657e+003
68,13,-3.347657e+003
68,14,-3.347657e+003
68,15,-3.347657e+003
68,16,-3.347657e+003
68,17,-3.347657e+003
68,18,-3.347657e+003
68,19,-3.347657e+003
68,20,-3.347657e+003
68,21,-3.347657e+003
69,0,-3.347623e+003
69,1,-3.347623e+003
69,2,-3.347623e+003
69,3,-3.347623e+003
69,4,-3.347623e+003
69,5,-3.347623e+003
69,6,-3.347623e+003
69,7,-3.347623e+003
69,8,-3.347623e+003
69,9,-3.347623e+003
69,10,-3.347623e+003
69,11,-3.347623e+003
69,12,-3.347623e+003
69,13,-3.347623e+003
69,14,-3.347623e+003
69,15,-3.347623e+003
69,16,-3.347623e+003
69,17,-3.347623e+003
69,18,-3.347623e+003
69,19,-3.347623e+003
69,20,-3.347623e+003
69,21,-3.347623e+003
70,0,-3.347578e+003
70,1,-3.347578e+003
70,2,-3.347578e+003
70,3,-3.347578e+003
70,4,-3.347578e+003
70,5,-3.347578e+003
70,6,-3.347578e+003
70,7,-3.347578e+003
70,8,-3.347578e+003
70,9,-3.347578e+003
70,10,-3.347578e+003
70,11,-3.347578e+003
70,12,-3.347578e+003
70,13,-3.347578e+003
70,14,-3.347578e+003
70,15,-3.347578e+003
70,16,-3.347578e+003
70,17,-3.347578e+003
70,18,-3.347578e+003
70,19,-3.347578e+003
70,20,-3.347578e+003
70,21,-3.347578e+003
71,0,-3.347514e+003
71,1,-3.347514e+003
71,2,-3.347514e+003
71,3,-3.347514e+003
71,4,-3.347514e+003
71,5,-3.347514e+003
71,6,-3.347514e+003
71,7,-3.347514e+003
71,8,-3.347514e+003
71,9,-3.347514e+003
71,10,-3.347514e+003
71,11,-3.347514e+003
71,12,-3.347514e+003
71,13,-3.347514e+003
71,14,-3.347514e+003
71,15,-3.347514e+003
71,16,-3.347514e+003
71,17,-3.347514e+003
71,18,-3.347514e+003
71,19,-3.347514e+003
71,20,-3.347514e+003
71,21,-3.347514e+003
72,0,-3.347460e+003
72,1,-3.347460e+003
72,2,-3.347460e+003
72,3,-3.347460e+003
72,4,-3.347460e+003
72,5,-3.347460e+003
72,6,-3.347460e+003
72,7,-3.347460e+003
72,8,-3.347460e+003
72,9,-3.347460e+003
72,10,-3.347460e+003
72,11,-3.347460e+003
72,12,-3.347460e+003
72,13,-3.347460e+003
72,14,-3.347460e+003
72,15,-3.347460e+003
72,16,-3.347460e+003
72,17,-3.347460e+003
72,18,-3.347460e+003
72,19,-3.347460e+003
72,20,-3.347460e+003
72,21,-3.347460e+003
73,0,-3.347405e+003
73,1,-3.347405e+003
73,2,-3.347405e+003
73,3,-3.347405e+003
73,4,-3.347405e+003
73,5,-3.347405e+003
73,6,-3.347405e+003
73,7,-3.347405e+003
73,8,-3.347405e+003
73,9,-3.347405e+003
73,10,-3.347405e+003
73,11,-3.347405e+003
73,12,-3.347405e+003
73,13,-3.347405e+003
73,14,-3.347405e+003
73,15,-3.347405e+003
73,16,-3.347405e+003
73,17,-3.347405e+003
73,18,-3.347405e+003
73,19,-3.347405e+003
73,20,-3.347405e+003
73,21,-3.347405e+003
74,0,-3.346972e+003
74,1,-3.346972e+003
74,2,-3.346972e+003
74,3,-3.346972e+003
74,4,-3.346972e+003
74,5,-3.346972e+003
74,6,-3.346972e+003
74,7,-3.346972e+003
74,8,-3.346972e+003
74,9,-3.346972e+003
74,10,-3.346972e+003
74,11,-3.346972e+003
74,12,-3.346972e+003
74,13,-3.346972e+003
74,14,-3.346972e+003
74,15,-3.346972e+003
74,16,-3.346972e+003
74,17,-3.346972e+003
74,18,-3.346972e+003
74,19,-3.346972e+003
74,20,-3.346972e+003
74,21,-3.346972e+003
74,22,-3.346972e+003
74,23,-3.346972e+003
74,24,-3.346972e+003
75,0,-3.346948e+003
75,1,-3.346948e+003
75,2,-3.346948e+003
75,3,-3.346948e+003
75,4,-3.346948e+003
75,5,-3.346948e+003
75,6,-3.346948e+003
75,7,-3.346948e+003
75,8,-3.346948e+003
75,9,-3.346948e+003
75,10,-3.346948e+003
75,11,-3.346948e+003
75,12,-3.346948e+003
75,13,-3.346948e+003
75,14,-3.346948e+003
75,15,-3.346948e+003
75,16,-3.346948e+003
75,17,-3.346948e+003
75,18,-3.346948e+003
75,19,-3.346948e+003
75,20,-3.346948e+003
75,21,-3.346948e+003
76,0,-3.346917e+003
76,1,-3.346917e+003
76,2,-3.346917e+003
76,3,-3.346917e+003
76,4,-3.346917e+003
76,5,-3.346917e+003
76,6,-3.346917e+003
76,7,-3.346917e+003
76,8,-3.346917e+003
76,9,-3.346917e+003
76,10,-3.346917e+003
76,11,-3.346917e+003
76,12,-3.346917e+003
76,13,-3.346917e+003
76,14,-3.346917e+003
76,15,-3.346917e+003
76,16,-3.346917e+003
76,17,-3.346917e+003
76,18,-3.346917e+003
76,19,-3.346917e+003
76,20,-3.346917e+003
76,21,-3.346917e+003
77,0,-3.347287e+003
77,1,-3.347287e+003
77,2,-3.347287e+003
77,3,-3.347287e+003
77,4,-3.347287e+003
77,5,-3.347287e+003
77,6,-3.347287e+003
77,7,-3.347287e+003
77,8,-3.347287e+003
77,9,-3.347287e+003
77,10,-3.347287e+003
77,11,-3.347287e+003
77,12,-3.347287e+003
77,13,-3.347287e+003
77,14,-3.347287e+003
77,15,-3.347287e+003
77,16,-3.347287e+003
77,17,-3.347287e+003
77,18,-3.347287e+003
77,19,-3.347287e+003
77,20,-3.347287e+003
77,21,-3.347287e+003
78,0,-3.347283e+003
78,1,-3.347283e+003
78,2,-3.347283e+003
78,3,-3.347283e+003
78,4,-3.347283e+003
78,5,-3.347283e+003
78,6,-3.347283e+003
78,7,-3.347283e+003
78,8,-3.347283e+003
78,9,-3.347283e+003
78,10,-3.347283e+003
78,11,-3.347283e+003
78,12,-3.347283e+003
78,13,-3.347283e+003
78,14,-3.347283e+003
78,15,-3.347283e+003
78,16,-3.347283e+003
78,17,-3.347283e+003
78,18,-3.347283e+003
78,19,-3.347283e+003
78,20,-3.347283e+003
78,21,-3.347283e+003
79,0,-3.347272e+003
79,1,-3.347272e+003
79,2,-3.347272e+003
79,3,-3.347272e+003
79,4,-3.347272e+003
79,5,-3.347272e+003
79,6,-3.347272e+003
79,7,-3.347272e+003
79,8,-3.347272e+003
79,9,-3.347272e+003
79,10,-3.347272e+003
79,11,-3.347272e+003
79,12,-3.347272e+003
79,13,-3.347272e+003
79,14,-3.347272e+003
79,15,-3.347272e+003
79,16,-3.347272e+003
79,17,-3.347272e+003
79,18,-3.347272e+003
79,19,-3.347272e+003
79,20,-3.347272e+003
79,21,-3.347272e+003
80,0,-3.347255e+003
80,1,-3.347255e+003
80,2,-3.347255e+003
80,3,-3.347255e+003
80,4,-3.347255e+003
80,5,-3.347255e+003
80,6,-3.347255e+003
80,7,-3.347255e+003
80,8,-3.347255e+003
80,9,-3.347255e+003
80,10,-3.347255e+003
80,11,-3.347255e+003
80,12,-3.347255e+003
80,13,-3.347255e+003
80,14,-3.347255e+003
80,15,-3.347255e+003
80,16,-3.347255e+003
80,17,-3.347255e+003
80,18,-3.347255e+003
80,19,-3.347255e+003
80,20,-3.347255e+003
80,21,-3.347255e+003
81,0,-3.347231e+003
81,1,-3.347231e+003
81,2,-3.347231e+003
81,3,-3.347231e+003
81,4,-3.347231e+003
81,5,-3.347231e+003
81,6,-3.347231e+003
81,7,-3.347231e+003
81,8,-3.347231e+003
81,9,-3.347231e+003
81,10,-3.347231e+003
81,11,-3.347231e+003
81,12,-3.347231e+003
81,13,-3.347231e+003
81,14,-3.347231e+003
81,15,-3.347231e+003
81,16,-3.347231e+003
81,17,-3.347231e+003
81,18,-3.347231e+003
81,19,-3.347231e+003
81,20,-3.347231e+003
81,21,-3.347231e+003
82,0,-3.347197e+003
82,1,-3.347197e+003
82,2,-3.347197e+003
82,3,-3.347197e+003
82,4,-3.347197e+003
82,5,-3.347197e+003
82,6,-3.347197e+003
82,7,-3.347197e+003
82,8,-3.347197e+003
82,9,-3.347197e+003
82,10,-3.347197e+003
82,11,-3.347197e+003
82,12,-3.347197e+003
82,13,-3.347197e+003
82,14,-3.347197e+003
82,15,-3.347197e+003
82,16,-3.347197e+003
82,17,-3.347197e+003
82,18,-3.347197e+003
82,19,-3.347197e+003
82,20,-3.347197e+003
82,21,-3.347197e+003
83,0,-3.347583e+003
83,1,-3.347583e+003
83,2,-3.347583e+003
83,3,-3.347583e+003
83,4,-3.347583e+003
83,5,-3.347583e+003
83,6,-3.347583e+003
83,7,-3.347583e+003
83,8,-3.347583e+003
83,9,-3.347583e+003
83,10,-3.347583e+003
83,11,-3.347583e+003
83,12,-3.347583e+003
83,13,-3.347583e+003
83,14,-3.347583e+003
83,15,-3.347583e+003
83,16,-3.347583e+003
83,17,-3.347583e+003
83,18,-3.347583e+003
83,19,-3.347583e+003
83,20,-3.347583e+003
83,21,-3.347583e+003
84,0,-3.347572e+003
84,1,-3.347572e+003
84,2,-3.347572e+003
84,3,-3.347572e+003
84,4,-3.347572e+003
84,5,-3.347572e+003
84,6,-3.347572e+003
84,7,-3.347572e+003
84,8,-3.347572e+003
84,9,-3.347572e+003
84,10,-3.347572e+003
84,11,-3.347572e+003
84,12,-3.347572e+003
84,13,-3.347572e+003
84,14,-3.347572e+003
84,15,-3.347572e+003
84,16,-3.347572e+003
84,17,-3.347572e+003
84,18,-3.347572e+003
84,19,-3.347572e+003
84,20,-3.347572e+003
84,21,-3.347572e+003
85,0,-3.347430e+003
85,1,-3.347430e+003
85,2,-3.347430e+003
85,3,-3.347430e+003
85,4,-3.347430e+003
85,5,-3.347430e+003
85,6,-3.347430e+003
85,7,-3.347430e+003
85,8,-3.347430e+003
85,9,-3.347430e+003
85,10,-3.347430e+003
85,11,-3.347430e+003
85,12,-3.347430e+003
85,13,-3.347430e+003
85,14,-3.347430e+003
85,15,-3.347430e+003
85,16,-3.347430e+003
85,17,-3.347430e+003
85,18,-3.347430e+003
85,19,-3.347430e+003
85,20,-3.347430e+003
85,21,-3.347430e+003
86,0,-3.346976e+003
86,1,-3.346976e+003
86,2,-3.346976e+003
86,3,-3.346976e+003
86,4,-3.346976e+003
86,5,-3.346976e+003
86,6,-3.346976e+003
86,7,-3.346976e+003
86,8,-3.346976e+003
86,9,-3.346976e+003
86,10,-3.346976e+003
86,11,-3.346976e+003
86,12,-3.346976e+003
86,13,-3.346976e+003
86,14,-3.346976e+003
86,15,-3.346976e+003
86,16,-3.346976e+003
86,17,-3.346976e+003
86,18,-3.346976e+003
86,19,-3.346976e+003
86,20,-3.346976e+003
86,21,-3.346976e+003
87,0,-3.346992e+003
87,1,-3.346992e+003
87,2,-3.346992e+003
87,3,-3.346992e+003
87,4,-3.346992e+003
87,5,-3.346992e+003
87,6,-3.346992e+003
87,7,-3.346992e+003
87,8,-3.346992e+003
87,9,-3.346992e+003
87,10,-3.346992e+003
87,11,-3.346992e+003
87,12,-3.346992e+003
87,13,-3.346992e+003
87,14,-3.346992e+003
87,15,-3.346992e+003
87,16,-3.346992e+003
87,17,-3.346992e+003
87,18,-3.346992e+003
87,19,-3.346992e+003
87,20,-3.346992e+003
87,21,-3.346992e+003
88,0,-3.346996e+003
88,1,-3.346996e+003
88,2,-3.346996e+003
88,3,-3.346996e+003
88,4,-3.346996e+003
88,5,-3.346996e+003
88,6,-3.346996e+003
88,7,-3.346996e+003
88,8,-3.346996e+003
88,9,-3.346996e+003
88,10,-3.346996e+003
88,11,-3.346996e+003
88,12,-3.346996e+003
88,13,-3.346996e+003
88,14,-3.346996e+003
88,15,-3.346996e+003
88,16,-3.346996e+003
88,17,-3.346996e+003
88,18,-3.346996e+003
88,19,-3.346996e+003
88,20,-3.346996e+003
88,21,-3.346996e+003
89,0,-3.346988e+003
89,1,-3.346988e+003
89,2,-3.346988e+003
89,3,-3.346988e+003
89,4,-3.346988e+003
89,5,-3.346988e+003
89,6,-3.346988e+003
89,7,-3.346988e+003
89,8,-3.346988e+003
89,9,-3.346988e+003
89,10,-3.346988e+003
89,11,-3.346988e+003
89,12,-3.346988e+003
89,13,-3.346988e+003
89,14,-3.346988e+003
89,15,-3.346988e+003
89,16,-3.346988e+003
89,17,-3.346988e+003
89,18,-3.346988e+003
89,19,-3.346988e+003
89,20,-3.346988e+003
89,21,-3.346988e+003
90,0,-3.346968e+003
90,1,-3.346968e+003
90,2,-3.346968e+003
90,3,-3.346968e+003
90,4,-3.346968e+003
90,5,-3.346968e+003
90,6,-3.346968e+003
90,7,-3.346968e+003
90,8,-3.346968e+003
90,9,-3.346968e+003
90,10,-3.346968e+003
90,11,-3.346968e+003
90,12,-3.346968e+003
90,13,-3.346968e+003
90,14,-3.346968e+003
90,15,-3.346968e+003
90,16,-3.346968e+003
90,17,-3.346968e+003
90,18,-3.346968e+003
90,19,-3.346968e+003
90,20,-3.346968e+003
90,21,-3.346968e+003
91,0,-3.346937e+003
91,1,-3.346937e+003
91,2,-3.346937e+003
91,3,-3.346937e+003
91,4,-3.346937e+003
91,5,-3.346937e+003
91,6,-3.346937e+003
91,7,-3.346937e+003
91,8,-3.346937e+003
91,9,-3.346937e+003
91,10,-3.346937e+003
91,11,-3.346937e+003
91,12,-3.346937e+003
91,13,-3.346937e+003
91,14,-3.346937e+003
91,15,-3.346937e+003
91,16,-3.346937e+003
91,17,-3.346937e+003
91,18,-3.346937e+003
91,19,-3.346937e+003
91,20,-3.346937e+003
91,21,-3.346937e+003
92,0,-3.346505e+003
92,1,-3.346505e+003
92,2,-3.346505e+003
92,3,-3.346505e+003
92,4,-3.346505e+003
92,5,-3.346505e+003
92,6,-3.346505e+003
92,7,-3.346505e+003
92,8,-3.346505e+003
92,9,-3.346505e+003
92,10,-3.346505e+003
92,11,-3.346505e+003
92,12,-3.346505e+003
92,13,-3.346505e+003
92,14,-3.346505e+003
92,15,-3.346505e+003
92,16,-3.346505e+003
92,17,-3.346505e+003
92,18,-3.346505e+003
92,19,-3.346505e+003
92,20,-3.346505e+003
92,21,-3.346505e+003
93,0,-3.346531e+003
93,1,-3.346531e+003
93,2,-3.346531e+003
93,3,-3.346531e+003
93,4,-3.346531e+003
93,5,-3.346531e+003
93,6,-3.346531e+003
93,7,-3.346531e+003
93,8,-3.346531e+003
93,9,-3.346531e+003
93,10,-3.346531e+003
93,11,-3.346531e+003
93,12,-3.346531e+003
93,13,-3.346531e+003
93,14,-3.346531e+003
93,15,-3.346531e+003
93,16,-3.346531e+003
93,17,-3.346531e+003
93,18,-3.346531e+003
93,19,-3.346531e+003
93,20,-3.346531e+003
93,21,-3.346531e+003
94,0,-3.346900e+003
94,1,-3.346900e+003
94,2,-3.346900e+003
94,3,-3.346900e+003
94,4,-3.346900e+003
94,5,-3.346900e+003
94,6,-3.346900e+003
94,7,-3.346900e+003
94,8,-3.346900e+003
94,9,-3.346900e+003
94,10,-3.346900e+003
94,11,-3.346900e+003
94,12,-3.346900e+003
94,13,-3.346900e+003
94,14,-3.346900e+003
94,15,-3.346900e+003
94,16,-3.346900e+003
94,17,-3.346900e+003
94,18,-3.346900e+003
94,19,-3.346900e+003
94,20,-3.346900e+003
94,21,-3.346900e+003
95,0,-3.346902e+003
95,1,-3.346902e+003
95,2,-3.346902e+003
95,3,-3.346902e+003
95,4,-3.346902e+003
95,5,-3.346902e+003
95,6,-3.346902e+003
95,7,-3.346902e+003
95,8,-3.346902e+003
95,9,-3.346902e+003
95,10,-3.346902e+003
95,11,-3.346902e+003
95,12,-3.346902e+003
95,13,-3.346902e+003
95,14,-3.346902e+003
95,15,-3.346902e+003
95,16,-3.346902e+003
95,17,-3.346902e+003
95,18,-3.346902e+003
95,19,-3.346902e+003
95,20,-3.346902e+003
95,21,-3.346902e+003
96,0,-3.346893e+003
96,1,-3.346893e+003
96,2,-3.346893e+003
96,3,-3.346893e+003
96,4,-3.346893e+003
96,5,-3.346893e+003
96,6,-3.346893e+003
96,7,-3.346893e+003
96,8,-3.346893e+003
96,9,-3.346893e+003
96,10,-3.346893e+003
96,11,-3.346893e+003
96,12,-3.346893e+003
96,13,-3.346893e+003
96,14,-3.346893e+003
96,15,-3.346893e+003
96,16,-3.346893e+003
96,17,-3.346893e+003
96,18,-3.346893e+003
96,19,-3.346893e+003
96,20,-3.346893e+003
96,21,-3.346893e+003
97,0,-3.346874e+003
97,1,-3.346874e+003
97,2,-3.346874e+003
97,3,-3.346874e+003
97,4,-3.346874e+003
97,5,-3.346874e+003
97,6,-3.346874e+003
97,7,-3.346874e+003
97,8,-3.346874e+003
97,9,-3.346874e+003
97,10,-3.346874e+003
97,11,-3.346874e+003
97,12,-3.346874e+003
97,13,-3.346874e+003
97,14,-3.346874e+003
97,15,-3.346874e+003
97,16,-3.346874e+003
97,17,-3.346874e+003
97,18,-3.346874e+003
97,19,-3.346874e+003
97,20,-3.346874e+003
97,21,-3.346874e+003
98,0,-3.346844e+003
98,1,-3.346844e+003
98,2,-3.346844e+003
98,3,-3.346844e+003
98,4,-3.346844e+003
98,5,-3.346844e+003
98,6,-3.346844e+003
98,7,-3.346844e+003
98,8,-3.346844e+003
98,9,-3.346844e+003
98,10,-3.346844e+003
98,11,-3.346844e+003
98,12,-3.346844e+003
98,13,-3.346844e+003
98,14,-3.346844e+003
98,15,-3.346844e+003
98,16,-3.346844e+003
98,17,-3.346844e+003
98,18,-3.346844e+003
98,19,-3.346844e+003
98,20,-3.346844e+003
98,21,-3.346844e+003
99,0,-3.347226e+003
99,1,-3.347226e+003
99,2,-3.347226e+003
99,3,-3.347226e+003
99,4,-3.347226e+003
99,5,-3.347226e+003
99,6,-3.347226e+003
99,7,-3.347226e+003
99,8,-3.347226e+003
99,9,-3.347226e+003
99,10,-3.347226e+003
99,11,-3.347226e+003
99,12,-3.347226e+003
99,13,-3.347226e+003
99,14,-3.347226e+003
99,15,-3.347226e+003
99,16,-3.347226e+003
99,17,-3.347226e+003
99,18,-3.347226e+003
99,19,-3.347226e+003
99,20,-3.347226e+003
99,21,-3.347226e+003
100,0,-3.347215e+003
100,1,-3.347215e+003
100,2,-3.347215e+003
100,3,-3.347215e+003
100,4,-3.347215e+003
100,5,-3.347215e+003
100,6,-3.347215e+003
100,7,-3.347215e+003
100,8,-3.347215e+003
100,9,-3.347215e+003
100,10,-3.347215e+003
100,11,-3.347215e+003
100,12,-3.347215e+003
100,13,-3.347215e+003
100,14,-3.347215e+003
100,15,-3.347215e+003
100,16,-3.347215e+003
100,17,-3.347215e+003
100,18,-3.347215e+003
100,19,-3.347215e+003
100,20,-3.347215e+003
100,21,-3.347215e+003
