0,0,-3.313487e+003
0,1,-3.317479e+003
0,2,-3.321676e+003
0,3,-3.324060e+003
0,4,-3.326582e+003
0,5,-3.328489e+003
0,6,-3.330145e+003
0,7,-3.331829e+003
0,8,-3.332971e+003
0,9,-3.333989e+003
0,10,-3.334673e+003
0,11,-3.335406e+003
0,12,-3.335864e+003
0,13,-3.336164e+003
0,14,-3.336435e+003
0,15,-3.336749e+003
0,16,-3.336930e+003
0,17,-3.337034e+003
0,18,-3.337193e+003
0,19,-3.337270e+003
0,20,-3.337427e+003
0,21,-3.337519e+003
0,22,-3.337716e+003
0,23,-3.337661e+003
0,24,-3.337757e+003
0,25,-3.337968e+003
0,26,-3.338093e+003
0,27,-3.338135e+003
0,28,-3.338181e+003
0,29,-3.338305e+003
0,30,-3.338367e+003
0,31,-3.338345e+003
0,32,-3.338270e+003
0,33,-3.338406e+003
0,34,-3.338700e+003
0,35,-3.338742e+003
0,36,-3.338960e+003
0,37,-3.339079e+003
0,38,-3.338932e+003
0,39,-3.339237e+003
0,40,-3.339354e+003
0,41,-3.339430e+003
0,42,-3.339554e+003
0,43,-3.339697e+003
0,44,-3.340255e+003
0,45,-3.340646e+003
0,46,-3.340868e+003
0,47,-3.341230e+003
0,48,-3.341623e+003
0,49,-3.341809e+003
0,50,-3.341936e+003
0,51,-3.342035e+003
0,52,-3.341994e+003
0,53,-3.342341e+003
0,54,-3.342939e+003
0,55,-3.343623e+003
0,56,-3.344372e+003
0,57,-3.344951e+003
0,58,-3.345904e+003
0,59,-3.346269e+003
0,60,-3.346490e+003
0,61,-3.346537e+003
0,62,-3.346718e+003
0,63,-3.346787e+003
0,64,-3.346847e+003
0,65,-3.346988e+003
0,66,-3.347033e+003
0,67,-3.347085e+003
0,68,-3.347117e+003
0,69,-3.347222e+003
0,70,-3.347176e+003
0,71,-3.347199e+003
0,72,-3.347219e+003
0,73,-3.347225e+003
0,74,-3.347235e+003
0,75,-3.347242e+003
0,76,-3.347248e+003
0,77,-3.347253e+003
0,78,-3.347257e+003
0,79,-3.347261e+003
0,80,-3.347272e+003
0,81,-3.347276e+003
0,82,-3.347280e+003
0,83,-3.347289e+003
0,84,-3.347292e+003
0,85,-3.347294e+003
0,86,-3.347296e+003
0,87,-3.347299e+003
0,88,-3.347302e+003
0,89,-3.347305e+003
0,90,-3.347308e+003
0,91,-3.347313e+003
0,92,-3.347317e+003
0,93,-3.347321e+003
0,94,-3.347324e+003
0,95,-3.347326e+003
0,96,-3.347329e+003
0,97,-3.347331e+003
0,98,-3.347333e+003
0,99,-3.347334e+003
0,100,-3.347335e+003
0,101,-3.347329e+003
0,102,-3.347330e+003
0,103,-3.347331e+003
0,104,-3.347331e+003
0,105,-3.347332e+003
0,106,-3.347334e+003
0,107,-3.347341e+003
0,108,-3.347329e+003
0,109,-3.347330e+003
0,110,-3.347331e+003
0,111,-3.347332e+003
0,112,-3.347333e+003
0,113,-3.347334e+003
0,114,-3.347335e+003
0,115,-3.347336e+003
0,116,-3.347338e+003
0,117,-3.347339e+003
0,118,-3.347341e+003
0,119,-3.347342e+003
0,120,-3.347343e+003
0,121,-3.347269e+003
0,122,-3.347271e+003
0,123,-3.347272e+003
0,124,-3.347273e+003
0,125,-3.347274e+003
0,126,-3.347275e+003
0,127,-3.347276e+003
0,128,-3.347278e+003
0,129,-3.347279e+003
0,130,-3.347279e+003
0,131,-3.347280e+003
0,132,-3.347281e+003
0,133,-3.347282e+003
0,134,-3.347284e+003
0,135,-3.347285e+003
0,136,-3.347286e+003
0,137,-3.347287e+003
0,138,-3.347289e+003
0,139,-3.347283e+003
0,140,-3.347285e+003
0,141,-3.347286e+003
0,142,-3.347287e+003
0,143,-3.347287e+003
0,144,-3.347288e+003
0,145,-3.347288e+003
0,146,-3.347289e+003
0,147,-3.347289e+003
0,148,-3.347289e+003
0,149,-3.347290e+003
0,150,-3.347290e+003
0,151,-3.347290e+003
0,152,-3.347290e+003
0,153,-3.347290e+003
0,154,-3.347290e+003
0,155,-3.347290e+003
0,156,-3.347290e+003
0,157,-3.347290e+003
0,158,-3.347290e+003
0,159,-3.347290e+003
0,160,-3.347290e+003
0,161,-3.347290e+003
0,162,-3.347290e+003
0,163,-3.347290e+003
0,164,-3.347290e+003
0,165,-3.347290e+003
0,166,-3.347290e+003
0,167,-3.347290e+003
0,168,-3.347290e+003
0,169,-3.347290e+003
0,170,-3.347290e+003
0,171,-3.347290e+003
0,172,-3.347290e+003
0,173,-3.347290e+003
0,174,-3.347215e+003
0,175,-3.347215e+003
0,176,-3.347215e+003
0,177,-3.347215e+003
0,178,-3.347215e+003
0,179,-3.347215e+003
0,180,-3.347215e+003
0,181,-3.347215e+003
0,182,-3.347215e+003
0,183,-3.347215e+003
0,184,-3.347215e+003
0,185,-3.347215e+003
0,186,-3.347215e+003
0,187,-3.347215e+003
0,188,-3.347215e+003
0,189,-3.347215e+003
1,0,-3.347226e+003
1,1,-3.347226e+003
1,2,-3.347226e+003
1,3,-3.347226e+003
1,4,-3.347226e+003
1,5,-3.347226e+003
1,6,-3.347226e+003
1,7,-3.347226e+003
1,8,-3.347226e+003
1,9,-3.347226e+003
1,10,-3.347226e+003
1,11,-3.347226e+003
1,12,-3.347226e+003
1,13,-3.347226e+003
1,14,-3.347226e+003
1,15,-3.347226e+003
1,16,-3.347226e+003
1,17,-3.347226e+003
1,18,-3.347226e+003
1,19,-3.347226e+003
1,20,-3.347226e+003
1,21,-3.347226e+003
2,0,-3.346844e+003
2,1,-3.346844e+003
2,2,-3.346844e+003
2,3,-3.346844e+003
2,4,-3.346844e+003
2,5,-3.346844e+003
2,6,-3.346844e+003
2,7,-3.346844e+003
2,8,-3.346844e+003
2,9,-3.346844e+003
2,10,-3.346844e+003
2,11,-3.346844e+003
2,12,-3.346844e+003
2,13,-3.346844e+003
2,14,-3.346844e+003
2,15,-3.346844e+003
2,16,-3.346844e+003
2,17,-3.346844e+003
2,18,-3.346844e+003
2,19,-3.346844e+003
2,20,-3.346844e+003
2,21,-3.346844e+003
3,0,-3.346874e+003
3,1,-3.346874e+003
3,2,-3.346874e+003
3,3,-3.346874e+003
3,4,-3.346874e+003
3,5,-3.346874e+003
3,6,-3.346874e+003
3,7,-3.346874e+003
3,8,-3.346874e+003
3,9,-3.346874e+003
3,10,-3.346874e+003
3,11,-3.346874e+003
3,12,-3.346874e+003
3,13,-3.346874e+003
3,14,-3.346874e+003
3,15,-3.346874e+003
3,16,-3.346874e+003
3,17,-3.346874e+003
3,18,-3.346874e+003
3,19,-3.346874e+003
3,20,-3.346874e+003
3,21,-3.346874e+003
4,0,-3.346893e+003
4,1,-3.346893e+003
4,2,-3.346893e+003
4,3,-3.346893e+003
4,4,-3.346893e+003
4,5,-3.346893e+003
4,6,-3.346893e+003
4,7,-3.346893e+003
4,8,-3.346893e+003
4,9,-3.346893e+003
4,10,-3.346893e+003
4,11,-3.346893e+003
4,12,-3.346893e+003
4,13,-3.346893e+003
4,14,-3.346893e+003
4,15,-3.346893e+003
4,16,-3.346893e+003
4,17,-3.346893e+003
4,18,-3.346893e+003
4,19,-3.346893e+003
4,20,-3.346893e+003
4,21,-3.346893e+003
5,0,-3.346902e+003
5,1,-3.346902e+003
5,2,-3.346902e+003
5,3,-3.346902e+003
5,4,-3.346902e+003
5,5,-3.346902e+003
5,6,-3.346902e+003
5,7,-3.346902e+003
5,8,-3.346902e+003
5,9,-3.346902e+003
5,10,-3.346902e+003
5,11,-3.346902e+003
5,12,-3.346902e+003
5,13,-3.346902e+003
5,14,-3.346902e+003
5,15,-3.346902e+003
5,16,-3.346902e+003
5,17,-3.346902e+003
5,18,-3.346902e+003
5,19,-3.346902e+003
5,20,-3.346902e+003
5,21,-3.346902e+003
6,0,-3.346900e+003
6,1,-3.346900e+003
6,2,-3.346900e+003
6,3,-3.346900e+003
6,4,-3.346900e+003
6,5,-3.346900e+003
6,6,-3.346900e+003
6,7,-3.346900e+003
6,8,-3.346900e+003
6,9,-3.346900e+003
6,10,-3.346900e+003
6,11,-3.346900e+003
6,12,-3.346900e+003
6,13,-3.346900e+003
6,14,-3.346900e+003
6,15,-3.346900e+003
6,16,-3.346900e+003
6,17,-3.346900e+003
6,18,-3.346900e+003
6,19,-3.346900e+003
6,20,-3.346900e+003
6,21,-3.346900e+003
7,0,-3.346531e+003
7,1,-3.346531e+003
7,2,-3.346531e+003
7,3,-3.346531e+003
7,4,-3.346531e+003
7,5,-3.346531e+003
7,6,-3.346531e+003
7,7,-3.346531e+003
7,8,-3.346531e+003
7,9,-3.346531e+003
7,10,-3.346531e+003
7,11,-3.346531e+003
7,12,-3.346531e+003
7,13,-3.346531e+003
7,14,-3.346531e+003
7,15,-3.346531e+003
7,16,-3.346531e+003
7,17,-3.346531e+003
7,18,-3.346531e+003
7,19,-3.346531e+003
7,20,-3.346531e+003
7,21,-3.346531e+003
8,0,-3.346505e+003
8,1,-3.346505e+003
8,2,-3.346505e+003
8,3,-3.346505e+003
8,4,-3.346505e+003
8,5,-3.346505e+003
8,6,-3.346505e+003
8,7,-3.346505e+003
8,8,-3.346505e+003
8,9,-3.346505e+003
8,10,-3.346505e+003
8,11,-3.346505e+003
8,12,-3.346505e+003
8,13,-3.346505e+003
8,14,-3.346505e+003
8,15,-3.346505e+003
8,16,-3.346505e+003
8,17,-3.346505e+003
8,18,-3.346505e+003
8,19,-3.346505e+003
8,20,-3.346505e+003
8,21,-3.346505e+003
9,0,-3.346937e+003
9,1,-3.346937e+003
9,2,-3.346937e+003
9,3,-3.346937e+003
9,4,-3.346937e+003
9,5,-3.346937e+003
9,6,-3.346937e+003
9,7,-3.346937e+003
9,8,-3.346937e+003
9,9,-3.346937e+003
9,10,-3.346937e+003
9,11,-3.346937e+003
9,12,-3.346937e+003
9,13,-3.346937e+003
9,14,-3.346937e+003
9,15,-3.346937e+003
9,16,-3.346937e+003
9,17,-3.346937e+003
9,18,-3.346937e+003
9,19,-3.346937e+003
9,20,-3.346937e+003
9,21,-3.346937e+003
10,0,-3.346968e+003
10,1,-3.346968e+003
10,2,-3.346968e+003
10,3,-3.346968e+003
10,4,-3.346968e+003
10,5,-3.346968e+003
10,6,-3.346968e+003
10,7,-3.346968e+003
10,8,-3.346968e+003
10,9,-3.346968e+003
10,10,-3.346968e+003
10,11,-3.346968e+003
10,12,-3.346968e+003
10,13,-3.346968e+003
10,14,-3.346968e+003
10,15,-3.346968e+003
10,16,-3.346968e+003
10,17,-3.346968e+003
10,18,-3.346968e+003
10,19,-3.346968e+003
10,20,-3.346968e+003
10,21,-3.346968e+003
11,0,-3.346988e+003
11,1,-3.346988e+003
11,2,-3.346988e+003
11,3,-3.346988e+003
11,4,-3.346988e+003
11,5,-3.346988e+003
11,6,-3.346988e+003
11,7,-3.346988e+003
11,8,-3.346988e+003
11,9,-3.346988e+003
11,10,-3.346988e+003
11,11,-3.346988e+003
11,12,-3.346988e+003
11,13,-3.346988e+003
11,14,-3.346988e+003
11,15,-3.346988e+003
11,16,-3.346988e+003
11,17,-3.346988e+003
11,18,-3.346988e+003
11,19,-3.346988e+003
11,20,-3.346988e+003
11,21,-3.346988e+003
12,0,-3.346996e+003
12,1,-3.346996e+003
12,2,-3.346996e+003
12,3,-3.346996e+003
12,4,-3.346996e+003
12,5,-3.346996e+003
12,6,-3.346996e+003
12,7,-3.346996e+003
12,8,-3.346996e+003
12,9,-3.346996e+003
12,10,-3.346996e+003
12,11,-3.346996e+003
12,12,-3.346996e+003
12,13,-3.346996e+003
12,14,-3.346996e+003
12,15,-3.346996e+003
12,16,-3.346996e+003
12,17,-3.346996e+003
12,18,-3.346996e+003
12,19,-3.346996e+003
12,20,-3.346996e+003
12,21,-3.346996e+003
13,0,-3.346992e+003
13,1,-3.346992e+003
13,2,-3.346992e+003
13,3,-3.346992e+003
13,4,-3.346992e+003
13,5,-3.346992e+003
13,6,-3.346992e+003
13,7,-3.346992e+003
13,8,-3.346992e+003
13,9,-3.346992e+003
13,10,-3.346992e+003
13,11,-3.346992e+003
13,12,-3.346992e+003
13,13,-3.346992e+003
13,14,-3.346992e+003
13,15,-3.346992e+003
13,16,-3.346992e+003
13,17,-3.346992e+003
13,18,-3.346992e+003
13,19,-3.346992e+003
13,20,-3.346992e+003
13,21,-3.346992e+003
14,0,-3.346976e+003
14,1,-3.346976e+003
14,2,-3.346976e+003
14,3,-3.346976e+003
14,4,-3.346976e+003
14,5,-3.346976e+003
14,6,-3.346976e+003
14,7,-3.346976e+003
14,8,-3.346976e+003
14,9,-3.346976e+003
14,10,-3.346976e+003
14,11,-3.346976e+003
14,12,-3.346976e+003
14,13,-3.346976e+003
14,14,-3.346976e+003
14,15,-3.346976e+003
14,16,-3.346976e+003
14,17,-3.346976e+003
14,18,-3.346976e+003
14,19,-3.346976e+003
14,20,-3.346976e+003
14,21,-3.346976e+003
15,0,-3.347430e+003
15,1,-3.347430e+003
15,2,-3.347430e+003
15,3,-3.347430e+003
15,4,-3.347430e+003
15,5,-3.347430e+003
15,6,-3.347430e+003
15,7,-3.347430e+003
15,8,-3.347430e+003
15,9,-3.347430e+003
15,10,-3.347430e+003
15,11,-3.347430e+003
15,12,-3.347430e+003
15,13,-3.347430e+003
15,14,-3.347430e+003
15,15,-3.347430e+003
15,16,-3.347430e+003
15,17,-3.347430e+003
15,18,-3.347430e+003
15,19,-3.347430e+003
15,20,-3.347430e+003
15,21,-3.347430e+003
16,0,-3.347572e+003
16,1,-3.347572e+003
16,2,-3.347572e+003
16,3,-3.347572e+003
16,4,-3.347572e+003
16,5,-3.347572e+003
16,6,-3.347572e+003
16,7,-3.347572e+003
16,8,-3.347572e+003
16,9,-3.347572e+003
16,10,-3.347572e+003
16,11,-3.347572e+003
16,12,-3.347572e+003
16,13,-3.347572e+003
16,14,-3.347572e+003
16,15,-3.347572e+003
16,16,-3.347572e+003
16,17,-3.347572e+003
16,18,-3.347572e+003
16,19,-3.347572e+003
16,20,-3.347572e+003
16,21,-3.347572e+003
17,0,-3.347583e+003
17,1,-3.347583e+003
17,2,-3.347583e+003
17,3,-3.347583e+003
17,4,-3.347583e+003
17,5,-3.347583e+003
17,6,-3.347583e+003
17,7,-3.347583e+003
17,8,-3.347583e+003
17,9,-3.347583e+003
17,10,-3.347583e+003
17,11,-3.347583e+003
17,12,-3.347583e+003
17,13,-3.347583e+003
17,14,-3.347583e+003
17,15,-3.347583e+003
17,16,-3.347583e+003
17,17,-3.347583e+003
17,18,-3.347583e+003
17,19,-3.347583e+003
17,20,-3.347583e+003
17,21,-3.347583e+003
18,0,-3.347197e+003
18,1,-3.347197e+003
18,2,-3.347197e+003
18,3,-3.347197e+003
18,4,-3.347197e+003
18,5,-3.347197e+003
18,6,-3.347197e+003
18,7,-3.347197e+003
18,8,-3.347197e+003
18,9,-3.347197e+003
18,10,-3.347197e+003
18,11,-3.347197e+003
18,12,-3.347197e+003
18,13,-3.347197e+003
18,14,-3.347197e+003
18,15,-3.347197e+003
18,16,-3.347197e+003
18,17,-3.347197e+003
18,18,-3.347197e+003
18,19,-3.347197e+003
18,20,-3.347197e+003
18,21,-3.347197e+003
19,0,-3.347231e+003
19,1,-3.347231e+003
19,2,-3.347231e+003
19,3,-3.347231e+003
19,4,-3.347231e+003
19,5,-3.347231e+003
19,6,-3.347231e+003
19,7,-3.347231e+003
19,8,-3.347231e+003
19,9,-3.347231e+003
19,10,-3.347231e+003
19,11,-3.347231e+003
19,12,-3.347231e+003
19,13,-3.347231e+003
19,14,-3.347231e+003
19,15,-3.347231e+003
19,16,-3.347231e+003
19,17,-3.347231e+003
19,18,-3.347231e+003
19,19,-3.347231e+003
19,20,-3.347231e+003
19,21,-3.347231e+003
20,0,-3.347255e+003
20,1,-3.347255e+003
20,2,-3.347255e+003
20,3,-3.347255e+003
20,4,-3.347255e+003
20,5,-3.347255e+003
20,6,-3.347255e+003
20,7,-3.347255e+003
20,8,-3.347255e+003
20,9,-3.347255e+003
20,10,-3.347255e+003
20,11,-3.347255e+003
20,12,-3.347255e+003
20,13,-3.347255e+003
20,14,-3.347255e+003
20,15,-3.347255e+003
20,16,-3.347255e+003
20,17,-3.347255e+003
20,18,-3.347255e+003
20,19,-3.347255e+003
20,20,-3.347255e+003
20,21,-3.347255e+003
21,0,-3.347272e+003
21,1,-3.347272e+003
21,2,-3.347272e+003
21,3,-3.347272e+003
21,4,-3.347272e+003
21,5,-3.347272e+003
21,6,-3.347272e+003
21,7,-3.347272e+003
21,8,-3.347272e+003
21,9,-3.347272e+003
21,10,-3.347272e+003
21,11,-3.347272e+003
21,12,-3.347272e+003
21,13,-3.347272e+003
21,14,-3.347272e+003
21,15,-3.347272e+003
21,16,-3.347272e+003
21,17,-3.347272e+003
21,18,-3.347272e+003
21,19,-3.347272e+003
21,20,-3.347272e+003
21,21,-3.347272e+003
22,0,-3.347283e+003
22,1,-3.347283e+003
22,2,-3.347283e+003
22,3,-3.347283e+003
22,4,-3.347283e+003
22,5,-3.347283e+003
22,6,-3.347283e+003
22,7,-3.347283e+003
22,8,-3.347283e+003
22,9,-3.347283e+003
22,10,-3.347283e+003
22,11,-3.347283e+003
22,12,-3.347283e+003
22,13,-3.347283e+003
22,14,-3.347283e+003
22,15,-3.347283e+003
22,16,-3.347283e+003
22,17,-3.347283e+003
22,18,-3.347283e+003
22,19,-3.347283e+003
22,20,-3.347283e+003
22,21,-3.347283e+003
23,0,-3.347287e+003
23,1,-3.347287e+003
23,2,-3.347287e+003
23,3,-3.347287e+003
23,4,-3.347287e+003
23,5,-3.347287e+003
23,6,-3.347287e+003
23,7,-3.347287e+003
23,8,-3.347287e+003
23,9,-3.347287e+003
23,10,-3.347287e+003
23,11,-3.347287e+003
23,12,-3.347287e+003
23,13,-3.347287e+003
23,14,-3.347287e+003
23,15,-3.347287e+003
23,16,-3.347287e+003
23,17,-3.347287e+003
23,18,-3.347287e+003
23,19,-3.347287e+003
23,20,-3.347287e+003
23,21,-3.347287e+003
24,0,-3.346917e+003
24,1,-3.346917e+003
24,2,-3.346917e+003
24,3,-3.346917e+003
24,4,-3.346917e+003
24,5,-3.346917e+003
24,6,-3.346917e+003
24,7,-3.346917e+003
24,8,-3.346917e+003
24,9,-3.346917e+003
24,10,-3.346917e+003
24,11,-3.346917e+003
24,12,-3.346917e+003
24,13,-3.346917e+003
24,14,-3.346917e+003
24,15,-3.346917e+003
24,16,-3.346917e+003
24,17,-3.346917e+003
24,18,-3.346917e+003
24,19,-3.346917e+003
24,20,-3.346917e+003
24,21,-3.346917e+003
25,0,-3.346948e+003
25,1,-3.346948e+003
25,2,-3.346948e+003
25,3,-3.346948e+003
25,4,-3.346948e+003
25,5,-3.346948e+003
25,6,-3.346948e+003
25,7,-3.346948e+003
25,8,-3.346948e+003
25,9,-3.346948e+003
25,10,-3.346948e+003
25,11,-3.346948e+003
25,12,-3.346948e+003
25,13,-3.346948e+003
25,14,-3.346948e+003
25,15,-3.346948e+003
25,16,-3.346948e+003
25,17,-3.346948e+003
25,18,-3.346948e+003
25,19,-3.346948e+003
25,20,-3.346948e+003
25,21,-3.346948e+003
26,0,-3.346972e+003
26,1,-3.346972e+003
26,2,-3.346972e+003
26,3,-3.346972e+003
26,4,-3.346972e+003
26,5,-3.346972e+003
26,6,-3.346972e+003
26,7,-3.346972e+003
26,8,-3.346972e+003
26,9,-3.346972e+003
26,10,-3.346972e+003
26,11,-3.346972e+003
26,12,-3.346972e+003
26,13,-3.346972e+003
26,14,-3.346972e+003
26,15,-3.346972e+003
26,16,-3.346972e+003
26,17,-3.346972e+003
26,18,-3.346972e+003
26,19,-3.346972e+003
26,20,-3.346972e+003
26,21,-3.346972e+003
27,0,-3.347405e+003
27,1,-3.347405e+003
27,2,-3.347405e+003
27,3,-3.347405e+003
27,4,-3.347405e+003
27,5,-3.347405e+003
27,6,-3.347405e+003
27,7,-3.347405e+003
27,8,-3.347405e+003
27,9,-3.347405e+003
27,10,-3.347405e+003
27,11,-3.347405e+003
27,12,-3.347405e+003
27,13,-3.347405e+003
27,14,-3.347405e+003
27,15,-3.347405e+003
27,16,-3.347405e+003
27,17,-3.347405e+003
27,18,-3.347405e+003
27,19,-3.347405e+003
27,20,-3.347405e+003
27,21,-3.347405e+003
28,0,-3.347460e+003
28,1,-3.347460e+003
28,2,-3.347460e+003
28,3,-3.347460e+003
28,4,-3.347460e+003
28,5,-3.347460e+003
28,6,-3.347460e+003
28,7,-3.347460e+003
28,8,-3.347460e+003
28,9,-3.347460e+003
28,10,-3.347460e+003
28,11,-3.347460e+003
28,12,-3.347460e+003
28,13,-3.347460e+003
28,14,-3.347460e+003
28,15,-3.347460e+003
28,16,-3.347460e+003
28,17,-3.347460e+003
28,18,-3.347460e+003
28,19,-3.347460e+003
28,20,-3.347460e+003
28,21,-3.347460e+003
28,22,-3.347460e+003
28,23,-3.347460e+003
28,24,-3.347460e+003
28,25,-3.347460e+003
28,26,-3.347460e+003
29,0,-3.347514e+003
29,1,-3.347514e+003
29,2,-3.347514e+003
29,3,-3.347514e+003
29,4,-3.347514e+003
29,5,-3.347514e+003
29,6,-3.347514e+003
29,7,-3.347514e+003
29,8,-3.347514e+003
29,9,-3.347514e+003
29,10,-3.347514e+003
29,11,-3.347514e+003
29,12,-3.347514e+003
29,13,-3.347514e+003
29,14,-3.347514e+003
29,15,-3.347514e+003
29,16,-3.347514e+003
29,17,-3.347514e+003
29,18,-3.347514e+003
29,19,-3.347514e+003
29,20,-3.347514e+003
29,21,-3.347514e+003
30,0,-3.347578e+003
30,1,-3.347578e+003
30,2,-3.347578e+003
30,3,-3.347578e+003
30,4,-3.347578e+003
30,5,-3.347578e+003
30,6,-3.347578e+003
30,7,-3.347578e+003
30,8,-3.347578e+003
30,9,-3.347578e+003
30,10,-3.347578e+003
30,11,-3.347578e+003
30,12,-3.347578e+003
30,13,-3.347578e+003
30,14,-3.347578e+003
30,15,-3.347578e+003
30,16,-3.347578e+003
30,17,-3.347578e+003
30,18,-3.347578e+003
30,19,-3.347578e+003
30,20,-3.347578e+003
30,21,-3.347578e+003
31,0,-3.347623e+003
31,1,-3.347623e+003
31,2,-3.347623e+003
31,3,-3.347623e+003
31,4,-3.347623e+003
31,5,-3.347623e+003
31,6,-3.347623e+003
31,7,-3.347623e+003
31,8,-3.347623e+003
31,9,-3.347623e+003
31,10,-3.347623e+003
31,11,-3.347623e+003
31,12,-3.347623e+003
31,13,-3.347623e+003
31,14,-3.347623e+003
31,15,-3.347623e+003
31,16,-3.347623e+003
31,17,-3.347623e+003
31,18,-3.347623e+003
31,19,-3.347623e+003
31,20,-3.347623e+003
31,21,-3.347623e+003
32,0,-3.347657e+003
32,1,-3.347657e+003
32,2,-3.347657e+003
32,3,-3.347657e+003
32,4,-3.347657e+003
32,5,-3.347657e+003
32,6,-3.347657e+003
32,7,-3.347657e+003
32,8,-3.347657e+003
32,9,-3.347657e+003
32,10,-3.347657e+003
32,11,-3.347657e+003
32,12,-3.347657e+003
32,13,-3.347657e+003
32,14,-3.347657e+003
32,15,-3.347657e+003
32,16,-3.347657e+003
32,17,-3.347657e+003
32,18,-3.347657e+003
32,19,-3.347657e+003
32,20,-3.347657e+003
32,21,-3.347657e+003
33,0,-3.347713e+003
33,1,-3.347713e+003
33,2,-3.347713e+003
33,3,-3.347713e+003
33,4,-3.347713e+003
33,5,-3.347713e+003
33,6,-3.347713e+003
33,7,-3.347713e+003
33,8,-3.347713e+003
33,9,-3.347713e+003
33,10,-3.347713e+003
33,11,-3.347713e+003
33,12,-3.347713e+003
33,13,-3.347713e+003
33,14,-3.347713e+003
33,15,-3.347713e+003
33,16,-3.347713e+003
33,17,-3.347713e+003
33,18,-3.347713e+003
33,19,-3.347713e+003
33,20,-3.347713e+003
33,21,-3.347713e+003
34,0,-3.347899e+003
34,1,-3.347899e+003
34,2,-3.347899e+003
34,3,-3.347899e+003
34,4,-3.347899e+003
34,5,-3.347899e+003
34,6,-3.347899e+003
34,7,-3.347899e+003
34,8,-3.347899e+003
34,9,-3.347899e+003
34,10,-3.347899e+003
34,11,-3.347899e+003
34,12,-3.347899e+003
34,13,-3.347899e+003
34,14,-3.347899e+003
34,15,-3.347899e+003
34,16,-3.347899e+003
34,17,-3.347899e+003
34,18,-3.347899e+003
34,19,-3.347899e+003
34,20,-3.347899e+003
34,21,-3.347899e+003
35,0,-3.347716e+003
35,1,-3.347716e+003
35,2,-3.347716e+003
35,3,-3.347716e+003
35,4,-3.347716e+003
35,5,-3.347716e+003
35,6,-3.347716e+003
35,7,-3.347716e+003
35,8,-3.347716e+003
35,9,-3.347716e+003
35,10,-3.347716e+003
35,11,-3.347716e+003
35,12,-3.347716e+003
35,13,-3.347716e+003
35,14,-3.347716e+003
35,15,-3.347716e+003
35,16,-3.347716e+003
35,17,-3.347716e+003
35,18,-3.347716e+003
35,19,-3.347716e+003
35,20,-3.347716e+003
35,21,-3.347716e+003
36,0,-3.347657e+003
36,1,-3.347657e+003
36,2,-3.347657e+003
36,3,-3.347657e+003
36,4,-3.347657e+003
36,5,-3.347657e+003
36,6,-3.347657e+003
36,7,-3.347657e+003
36,8,-3.347657e+003
36,9,-3.347657e+003
36,10,-3.347657e+003
36,11,-3.347657e+003
36,12,-3.347657e+003
36,13,-3.347657e+003
36,14,-3.347657e+003
36,15,-3.347657e+003
36,16,-3.347657e+003
36,17,-3.347657e+003
36,18,-3.347657e+003
36,19,-3.347657e+003
36,20,-3.347657e+003
36,21,-3.347657e+003
37,0,-3.347477e+003
37,1,-3.347477e+003
37,2,-3.347477e+003
37,3,-3.347477e+003
37,4,-3.347477e+003
37,5,-3.347477e+003
37,6,-3.347477e+003
37,7,-3.347477e+003
37,8,-3.347477e+003
37,9,-3.347477e+003
37,10,-3.347477e+003
37,11,-3.347477e+003
37,12,-3.347477e+003
37,13,-3.347477e+003
37,14,-3.347477e+003
37,15,-3.347478e+003
37,16,-3.347478e+003
37,17,-3.347478e+003
37,18,-3.347478e+003
37,19,-3.347478e+003
37,20,-3.347529e+003
37,21,-3.347529e+003
37,22,-3.347529e+003
37,23,-3.347529e+003
37,24,-3.347529e+003
37,25,-3.347529e+003
37,26,-3.347529e+003
37,27,-3.347529e+003
37,28,-3.347529e+003
37,29,-3.347529e+003
37,30,-3.347529e+003
37,31,-3.347529e+003
37,32,-3.347529e+003
37,33,-3.347529e+003
37,34,-3.347529e+003
38,0,-3.347174e+003
38,1,-3.347174e+003
38,2,-3.347174e+003
38,3,-3.347174e+003
38,4,-3.347174e+003
38,5,-3.347174e+003
38,6,-3.347174e+003
38,7,-3.347174e+003
38,8,-3.347174e+003
38,9,-3.347174e+003
38,10,-3.347174e+003
38,11,-3.347174e+003
38,12,-3.347174e+003
38,13,-3.347174e+003
38,14,-3.347174e+003
38,15,-3.347174e+003
38,16,-3.347174e+003
38,17,-3.347174e+003
38,18,-3.347174e+003
38,19,-3.347174e+003
38,20,-3.347174e+003
38,21,-3.347174e+003
38,22,-3.347174e+003
38,23,-3.347174e+003
38,24,-3.347174e+003
38,25,-3.347174e+003
38,26,-3.347174e+003
38,27,-3.347174e+003
38,28,-3.347174e+003
38,29,-3.347174e+003
38,30,-3.347174e+003
38,31,-3.347174e+003
38,32,-3.347174e+003
38,33,-3.347174e+003
38,34,-3.347174e+003
38,35,-3.347174e+003
38,36,-3.347174e+003
38,37,-3.347174e+003
38,38,-3.347249e+003
38,39,-3.347249e+003
38,40,-3.347249e+003
38,41,-3.347249e+003
38,42,-3.347249e+003
38,43,-3.347249e+003
38,44,-3.347249e+003
38,45,-3.347249e+003
38,46,-3.347249e+003
38,47,-3.347249e+003
38,48,-3.347249e+003
38,49,-3.347249e+003
38,50,-3.347249e+003
38,51,-3.347249e+003
38,52,-3.347249e+003
38,53,-3.347249e+003
38,54,-3.347249e+003
38,55,-3.347249e+003
38,56,-3.347249e+003
38,57,-3.347249e+003
38,58,-3.347249e+003
38,59,-3.347249e+003
38,60,-3.347249e+003
38,61,-3.347249e+003
38,62,-3.347249e+003
38,63,-3.347249e+003
38,64,-3.347249e+003
38,65,-3.347249e+003
38,66,-3.347249e+003
38,67,-3.347249e+003
38,68,-3.347249e+003
38,69,-3.347249e+003
38,70,-3.347249e+003
38,71,-3.347249e+003
38,72,-3.347249e+003
38,73,-3.347249e+003
38,74,-3.347249e+003
38,75,-3.347249e+003
38,76,-3.347249e+003
38,77,-3.347249e+003
38,78,-3.347249e+003
38,79,-3.347249e+003
38,80,-3.347249e+003
38,81,-3.347249e+003
38,82,-3.347249e+003
38,83,-3.347249e+003
38,84,-3.347249e+003
38,85,-3.347249e+003
38,86,-3.347250e+003
38,87,-3.347250e+003
38,88,-3.347250e+003
38,89,-3.347250e+003
38,90,-3.347250e+003
38,91,-3.347250e+003
38,92,-3.347250e+003
38,93,-3.347250e+003
38,94,-3.347250e+003
38,95,-3.347250e+003
38,96,-3.347250e+003
38,97,-3.347250e+003
38,98,-3.347250e+003
38,99,-3.347250e+003
38,100,-3.347250e+003
38,101,-3.347250e+003
38,102,-3.347250e+003
38,103,-3.347250e+003
38,104,-3.347250e+003
38,105,-3.347250e+003
38,106,-3.347250e+003
39,0,-3.346642e+003
39,1,-3.346642e+003
39,2,-3.346642e+003
39,3,-3.346642e+003
39,4,-3.346642e+003
39,5,-3.346642e+003
39,6,-3.346642e+003
39,7,-3.346642e+003
39,8,-3.346642e+003
39,9,-3.346642e+003
39,10,-3.346642e+003
39,11,-3.346642e+003
39,12,-3.346642e+003
39,13,-3.346642e+003
39,14,-3.346642e+003
39,15,-3.346642e+003
39,16,-3.346642e+003
39,17,-3.346642e+003
39,18,-3.346642e+003
39,19,-3.346642e+003
39,20,-3.346642e+003
39,21,-3.346642e+003
40,0,-3.345297e+003
40,1,-3.345297e+003
40,2,-3.345297e+003
40,3,-3.345297e+003
40,4,-3.345297e+003
40,5,-3.345297e+003
40,6,-3.345297e+003
40,7,-3.345297e+003
40,8,-3.345297e+003
40,9,-3.345297e+003
40,10,-3.345297e+003
40,11,-3.345297e+003
40,12,-3.345297e+003
40,13,-3.345297e+003
40,14,-3.345297e+003
40,15,-3.345297e+003
40,16,-3.345297e+003
40,17,-3.345297e+003
40,18,-3.345297e+003
40,19,-3.345297e+003
40,20,-3.345297e+003
40,21,-3.345297e+003
40,22,-3.345297e+003
40,23,-3.345297e+003
40,24,-3.345297e+003
40,25,-3.345297e+003
40,26,-3.345297e+003
40,27,-3.345297e+003
40,28,-3.345297e+003
40,29,-3.345297e+003
40,30,-3.345297e+003
40,31,-3.345297e+003
40,32,-3.345297e+003
40,33,-3.345297e+003
40,34,-3.345297e+003
40,35,-3.345297e+003
40,36,-3.345297e+003
40,37,-3.345297e+003
40,38,-3.345297e+003
40,39,-3.345297e+003
40,40,-3.345297e+003
40,41,-3.345297e+003
40,42,-3.345297e+003
40,43,-3.345297e+003
40,44,-3.345297e+003
40,45,-3.345297e+003
40,46,-3.345297e+003
40,47,-3.345297e+003
40,48,-3.345297e+003
40,49,-3.345299e+003
40,50,-3.345301e+003
40,51,-3.345310e+003
40,52,-3.345314e+003
40,53,-3.345323e+003
40,54,-3.345325e+003
40,55,-3.345326e+003
40,56,-3.345326e+003
40,57,-3.345327e+003
40,58,-3.345327e+003
40,59,-3.345327e+003
40,60,-3.345327e+003
40,61,-3.345327e+003
40,62,-3.345327e+003
40,63,-3.345327e+003
40,64,-3.345327e+003
40,65,-3.345327e+003
40,66,-3.345327e+003
40,67,-3.345327e+003
40,68,-3.345327e+003
40,69,-3.345327e+003
40,70,-3.345327e+003
40,71,-3.345327e+003
40,72,-3.345327e+003
40,73,-3.345327e+003
40,74,-3.345327e+003
40,75,-3.345327e+003
40,76,-3.345327e+003
40,77,-3.345327e+003
40,78,-3.345327e+003
40,79,-3.345327e+003
40,80,-3.345327e+003
40,81,-3.345327e+003
40,82,-3.345327e+003
40,83,-3.345327e+003
41,0,-3.343947e+003
41,1,-3.343947e+003
41,2,-3.343947e+003
41,3,-3.343947e+003
41,4,-3.343947e+003
41,5,-3.343947e+003
41,6,-3.343947e+003
41,7,-3.343947e+003
41,8,-3.343947e+003
41,9,-3.343947e+003
41,10,-3.343947e+003
41,11,-3.343947e+003
41,12,-3.343947e+003
41,13,-3.343947e+003
41,14,-3.343947e+003
41,15,-3.343947e+003
41,16,-3.343947e+003
41,17,-3.343947e+003
41,18,-3.343947e+003
41,19,-3.343947e+003
41,20,-3.343947e+003
41,21,-3.343947e+003
41,22,-3.343947e+003
41,23,-3.343947e+003
41,24,-3.343947e+003
41,25,-3.343947e+003
41,26,-3.343947e+003
41,27,-3.343947e+003
41,28,-3.343947e+003
41,29,-3.343947e+003
41,30,-3.343947e+003
41,31,-3.343947e+003
41,32,-3.343947e+003
41,33,-3.343947e+003
41,34,-3.343947e+003
41,35,-3.343947e+003
41,36,-3.343947e+003
41,37,-3.343947e+003
41,38,-3.343947e+003
41,39,-3.343947e+003
41,40,-3.343947e+003
41,41,-3.343947e+003
41,42,-3.343947e+003
41,43,-3.343947e+003
41,44,-3.343947e+003
41,45,-3.343947e+003
41,46,-3.343947e+003
41,47,-3.343947e+003
41,48,-3.343947e+003
41,49,-3.343947e+003
41,50,-3.343947e+003
41,51,-3.343947e+003
41,52,-3.343947e+003
41,53,-3.343947e+003
41,54,-3.343947e+003
41,55,-3.343947e+003
41,56,-3.343947e+003
41,57,-3.343947e+003
41,58,-3.343947e+003
41,59,-3.343947e+003
41,60,-3.343947e+003
41,61,-3.343947e+003
41,62,-3.343947e+003
41,63,-3.343947e+003
41,64,-3.343947e+003
41,65,-3.343949e+003
41,66,-3.343950e+003
41,67,-3.343952e+003
41,68,-3.343954e+003
41,69,-3.343956e+003
41,70,-3.343957e+003
41,71,-3.343958e+003
41,72,-3.343959e+003
41,73,-3.343959e+003
41,74,-3.343959e+003
41,75,-3.343960e+003
41,76,-3.343960e+003
41,77,-3.343960e+003
41,78,-3.343960e+003
41,79,-3.343960e+003
41,80,-3.343960e+003
41,81,-3.343960e+003
41,82,-3.343960e+003
41,83,-3.343960e+003
41,84,-3.343960e+003
41,85,-3.343960e+003
41,86,-3.343960e+003
41,87,-3.343960e+003
41,88,-3.343960e+003
41,89,-3.343960e+003
41,90,-3.343960e+003
41,91,-3.343960e+003
41,92,-3.343960e+003
41,93,-3.343960e+003
41,94,-3.343960e+003
42,0,-3.341996e+003
42,1,-3.341996e+003
42,2,-3.341996e+003
42,3,-3.341996e+003
42,4,-3.341996e+003
42,5,-3.341996e+003
42,6,-3.341996e+003
42,7,-3.341996e+003
42,8,-3.341996e+003
42,9,-3.341996e+003
42,10,-3.341996e+003
42,11,-3.341996e+003
42,12,-3.341996e+003
42,13,-3.341996e+003
42,14,-3.341996e+003
42,15,-3.341996e+003
42,16,-3.341996e+003
42,17,-3.341996e+003
42,18,-3.341996e+003
42,19,-3.341996e+003
42,20,-3.341996e+003
42,21,-3.341996e+003
43,0,-3.339279e+003
43,1,-3.339279e+003
43,2,-3.339279e+003
43,3,-3.339279e+003
43,4,-3.339279e+003
43,5,-3.339279e+003
43,6,-3.339279e+003
43,7,-3.339279e+003
43,8,-3.339279e+003
43,9,-3.339279e+003
43,10,-3.339279e+003
43,11,-3.339279e+003
43,12,-3.339279e+003
43,13,-3.339279e+003
43,14,-3.339279e+003
43,15,-3.339279e+003
43,16,-3.339279e+003
43,17,-3.339279e+003
43,18,-3.339279e+003
43,19,-3.339279e+003
43,20,-3.339279e+003
43,21,-3.339279e+003
44,0,-3.335678e+003
44,1,-3.335678e+003
44,2,-3.335678e+003
44,3,-3.335678e+003
44,4,-3.335678e+003
44,5,-3.335678e+003
44,6,-3.335678e+003
44,7,-3.335678e+003
44,8,-3.335678e+003
44,9,-3.335678e+003
44,10,-3.335678e+003
44,11,-3.335678e+003
44,12,-3.335678e+003
44,13,-3.335678e+003
44,14,-3.335678e+003
44,15,-3.335678e+003
44,16,-3.335678e+003
44,17,-3.335678e+003
44,18,-3.335678e+003
44,19,-3.335678e+003
44,20,-3.335678e+003
44,21,-3.335678e+003
45,0,-3.331542e+003
45,1,-3.331542e+003
45,2,-3.331542e+003
45,3,-3.331542e+003
45,4,-3.331645e+003
45,5,-3.331777e+003
45,6,-3.331877e+003
45,7,-3.332108e+003
45,8,-3.332375e+003
45,9,-3.332445e+003
45,10,-3.332474e+003
45,11,-3.332572e+003
45,12,-3.332585e+003
45,13,-3.332590e+003
45,14,-3.332595e+003
45,15,-3.332598e+003
45,16,-3.332600e+003
45,17,-3.332601e+003
45,18,-3.332601e+003
45,19,-3.332601e+003
45,20,-3.332602e+003
45,21,-3.332602e+003
45,22,-3.332602e+003
45,23,-3.332602e+003
45,24,-3.332602e+003
45,25,-3.332602e+003
45,26,-3.332603e+003
45,27,-3.332603e+003
45,28,-3.332603e+003
45,29,-3.332603e+003
45,30,-3.332603e+003
45,31,-3.332603e+003
45,32,-3.332528e+003
45,33,-3.332528e+003
45,34,-3.332528e+003
45,35,-3.332529e+003
45,36,-3.332529e+003
45,37,-3.332529e+003
45,38,-3.332529e+003
45,39,-3.332529e+003
45,40,-3.332529e+003
45,41,-3.332529e+003
45,42,-3.332529e+003
45,43,-3.332529e+003
45,44,-3.332529e+003
45,45,-3.332529e+003
45,46,-3.332529e+003
45,47,-3.332529e+003
45,48,-3.332529e+003
45,49,-3.332529e+003
45,50,-3.332529e+003
45,51,-3.332529e+003
45,52,-3.332529e+003
45,53,-3.332529e+003
45,54,-3.332529e+003
45,55,-3.332529e+003
45,56,-3.332529e+003
45,57,-3.332529e+003
45,58,-3.332529e+003
45,59,-3.332529e+003
45,60,-3.332529e+003
45,61,-3.332529e+003
45,62,-3.332529e+003
45,63,-3.332529e+003
45,64,-3.332529e+003
45,65,-3.332529e+003
45,66,-3.332529e+003
45,67,-3.332529e+003
45,68,-3.332529e+003
45,69,-3.332529e+003
45,70,-3.332529e+003
45,71,-3.332529e+003
45,72,-3.332529e+003
45,73,-3.332529e+003
45,74,-3.332529e+003
45,75,-3.332529e+003
45,76,-3.332529e+003
45,77,-3.332529e+003
45,78,-3.332529e+003
45,79,-3.332529e+003
45,80,-3.332529e+003
45,81,-3.332529e+003
45,82,-3.332529e+003
45,83,-3.332529e+003
45,84,-3.332529e+003
45,85,-3.332529e+003
45,86,-3.332529e+003
45,87,-3.332529e+003
45,88,-3.332529e+003
45,89,-3.332529e+003
45,90,-3.332529e+003
45,91,-3.332529e+003
45,92,-3.332529e+003
45,93,-3.332529e+003
45,94,-3.332529e+003
45,95,-3.332529e+003
45,96,-3.332529e+003
45,97,-3.332529e+003
45,98,-3.332529e+003
45,99,-3.332529e+003
46,0,-3.327783e+003
46,1,-3.327783e+003
46,2,-3.327783e+003
46,3,-3.327783e+003
46,4,-3.327800e+003
46,5,-3.327895e+003
46,6,-3.327908e+003
46,7,-3.327944e+003
46,8,-3.328021e+003
46,9,-3.328029e+003
46,10,-3.328031e+003
46,11,-3.328034e+003
46,12,-3.328035e+003
46,13,-3.328036e+003
46,14,-3.328036e+003
46,15,-3.328036e+003
46,16,-3.328037e+003
46,17,-3.328037e+003
46,18,-3.328037e+003
46,19,-3.328037e+003
46,20,-3.328037e+003
46,21,-3.328037e+003
46,22,-3.328037e+003
46,23,-3.328037e+003
46,24,-3.328037e+003
46,25,-3.328037e+003
46,26,-3.328037e+003
46,27,-3.328037e+003
46,28,-3.328037e+003
46,29,-3.328037e+003
46,30,-3.328037e+003
46,31,-3.328037e+003
46,32,-3.328037e+003
46,33,-3.328037e+003
46,34,-3.328037e+003
46,35,-3.328037e+003
46,36,-3.328037e+003
46,37,-3.328037e+003
46,38,-3.328037e+003
46,39,-3.328037e+003
46,40,-3.328037e+003
46,41,-3.328037e+003
46,42,-3.328037e+003
46,43,-3.328037e+003
46,44,-3.328037e+003
46,45,-3.328037e+003
46,46,-3.328037e+003
46,47,-3.328037e+003
46,48,-3.328037e+003
46,49,-3.328037e+003
46,50,-3.328037e+003
46,51,-3.328037e+003
46,52,-3.328037e+003
46,53,-3.328037e+003
46,54,-3.328037e+003
46,55,-3.328037e+003
46,56,-3.328037e+003
46,57,-3.328037e+003
46,58,-3.328037e+003
46,59,-3.328037e+003
46,60,-3.328037e+003
46,61,-3.328037e+003
46,62,-3.328037e+003
46,63,-3.328037e+003
46,64,-3.328037e+003
46,65,-3.328037e+003
46,66,-3.328037e+003
46,67,-3.328037e+003
46,68,-3.328037e+003
46,69,-3.328037e+003
46,70,-3.328037e+003
46,71,-3.328037e+003
46,72,-3.328037e+003
46,73,-3.328037e+003
46,74,-3.328037e+003
46,75,-3.328037e+003
46,76,-3.328037e+003
47,0,-3.322878e+003
47,1,-3.322878e+003
47,2,-3.322878e+003
47,3,-3.322878e+003
47,4,-3.322878e+003
47,5,-3.322878e+003
47,6,-3.322878e+003
47,7,-3.322878e+003
47,8,-3.322878e+003
47,9,-3.322878e+003
47,10,-3.322878e+003
47,11,-3.322878e+003
47,12,-3.322878e+003
47,13,-3.322878e+003
47,14,-3.322878e+003
47,15,-3.322878e+003
47,16,-3.322878e+003
47,17,-3.322878e+003
47,18,-3.322878e+003
47,19,-3.322878e+003
47,20,-3.322878e+003
47,21,-3.322878e+003
48,0,-3.317310e+003
48,1,-3.317310e+003
48,2,-3.317310e+003
48,3,-3.317310e+003
48,4,-3.317310e+003
48,5,-3.317401e+003
48,6,-3.317497e+003
48,7,-3.317551e+003
48,8,-3.317777e+003
48,9,-3.317892e+003
48,10,-3.317928e+003
48,11,-3.317940e+003
48,12,-3.317958e+003
48,13,-3.317964e+003
48,14,-3.317967e+003
48,15,-3.317970e+003
48,16,-3.317972e+003
48,17,-3.317972e+003
48,18,-3.317973e+003
48,19,-3.317973e+003
48,20,-3.317973e+003
48,21,-3.317973e+003
48,22,-3.317973e+003
48,23,-3.317973e+003
48,24,-3.317973e+003
48,25,-3.317973e+003
48,26,-3.317973e+003
48,27,-3.317973e+003
48,28,-3.317973e+003
48,29,-3.317973e+003
48,30,-3.317973e+003
48,31,-3.317973e+003
48,32,-3.317973e+003
48,33,-3.317973e+003
48,34,-3.317974e+003
48,35,-3.317974e+003
48,36,-3.317974e+003
48,37,-3.317974e+003
48,38,-3.317974e+003
48,39,-3.317974e+003
48,40,-3.317974e+003
48,41,-3.317974e+003
48,42,-3.317974e+003
48,43,-3.317974e+003
48,44,-3.317974e+003
48,45,-3.317974e+003
48,46,-3.317974e+003
48,47,-3.317974e+003
48,48,-3.317974e+003
48,49,-3.317974e+003
48,50,-3.317974e+003
48,51,-3.317974e+003
48,52,-3.317974e+003
48,53,-3.317974e+003
48,54,-3.317974e+003
48,55,-3.317974e+003
48,56,-3.317974e+003
48,57,-3.317974e+003
48,58,-3.317974e+003
48,59,-3.317974e+003
48,60,-3.317974e+003
48,61,-3.317974e+003
48,62,-3.317974e+003
48,63,-3.317974e+003
48,64,-3.317974e+003
48,65,-3.317974e+003
48,66,-3.317974e+003
48,67,-3.317974e+003
48,68,-3.317974e+003
48,69,-3.317974e+003
48,70,-3.317974e+003
48,71,-3.317974e+003
48,72,-3.317974e+003
48,73,-3.317974e+003
48,74,-3.317975e+003
48,75,-3.317975e+003
48,76,-3.317975e+003
48,77,-3.317975e+003
48,78,-3.317975e+003
49,0,-3.313003e+003
49,1,-3.313003e+003
49,2,-3.313003e+003
49,3,-3.313003e+003
49,4,-3.313003e+003
49,5,-3.313003e+003
49,6,-3.313003e+003
49,7,-3.313003e+003
49,8,-3.313003e+003
49,9,-3.313003e+003
49,10,-3.313003e+003
49,11,-3.313003e+003
49,12,-3.313003e+003
49,13,-3.313003e+003
49,14,-3.313003e+003
49,15,-3.313003e+003
49,16,-3.313003e+003
49,17,-3.313003e+003
49,18,-3.313003e+003
49,19,-3.313003e+003
49,20,-3.313003e+003
49,21,-3.313003e+003
50,0,-3.308885e+003
50,1,-3.308885e+003
50,2,-3.308885e+003
50,3,-3.308885e+003
50,4,-3.308974e+003
50,5,-3.309057e+003
50,6,-3.309103e+003
50,7,-3.309226e+003
50,8,-3.309363e+003
50,9,-3.309389e+003
50,10,-3.309405e+003
50,11,-3.309426e+003
50,12,-3.309432e+003
50,13,-3.309435e+003
50,14,-3.309439e+003
50,15,-3.309440e+003
50,16,-3.309441e+003
50,17,-3.309441e+003
50,18,-3.309441e+003
50,19,-3.309441e+003
50,20,-3.309442e+003
50,21,-3.309442e+003
50,22,-3.309442e+003
50,23,-3.309442e+003
50,24,-3.309442e+003
50,25,-3.309442e+003
50,26,-3.309442e+003
50,27,-3.309442e+003
50,28,-3.309442e+003
50,29,-3.309442e+003
50,30,-3.309442e+003
50,31,-3.309442e+003
50,32,-3.309442e+003
50,33,-3.309442e+003
50,34,-3.309442e+003
50,35,-3.309442e+003
50,36,-3.309442e+003
50,37,-3.309442e+003
50,38,-3.309443e+003
50,39,-3.309443e+003
50,40,-3.309443e+003
50,41,-3.309443e+003
50,42,-3.309443e+003
50,43,-3.309443e+003
50,44,-3.309443e+003
50,45,-3.309443e+003
50,46,-3.309443e+003
50,47,-3.309443e+003
50,48,-3.309443e+003
50,49,-3.309443e+003
50,50,-3.309443e+003
50,51,-3.309443e+003
50,52,-3.309443e+003
50,53,-3.309443e+003
50,54,-3.309443e+003
50,55,-3.309443e+003
50,56,-3.309443e+003
50,57,-3.309443e+003
50,58,-3.309444e+003
50,59,-3.309444e+003
50,60,-3.309444e+003
50,61,-3.309444e+003
50,62,-3.309444e+003
50,63,-3.309444e+003
50,64,-3.309444e+003
50,65,-3.309444e+003
50,66,-3.309444e+003
50,67,-3.309444e+003
50,68,-3.309444e+003
50,69,-3.309444e+003
50,70,-3.309444e+003
50,71,-3.309444e+003
50,72,-3.309444e+003
50,73,-3.309444e+003
50,74,-3.309444e+003
50,75,-3.309444e+003
50,76,-3.309444e+003
51,0,-3.305851e+003
51,1,-3.305851e+003
51,2,-3.305851e+003
51,3,-3.305851e+003
51,4,-3.305851e+003
51,5,-3.305851e+003
51,6,-3.305851e+003
51,7,-3.305851e+003
51,8,-3.305851e+003
51,9,-3.305851e+003
51,10,-3.305851e+003
51,11,-3.305851e+003
51,12,-3.305851e+003
51,13,-3.305851e+003
51,14,-3.305851e+003
51,15,-3.305851e+003
51,16,-3.305851e+003
51,17,-3.305851e+003
51,18,-3.305851e+003
51,19,-3.305851e+003
51,20,-3.305851e+003
51,21,-3.305851e+003
52,0,-3.303888e+003
52,1,-3.303888e+003
52,2,-3.303888e+003
52,3,-3.303888e+003
52,4,-3.303888e+003
52,5,-3.303942e+003
52,6,-3.303905e+003
52,7,-3.303927e+003
52,8,-3.303890e+003
52,9,-3.303901e+003
52,10,-3.303912e+003
52,11,-3.303922e+003
52,12,-3.303929e+003
52,13,-3.303931e+003
52,14,-3.303934e+003
52,15,-3.303935e+003
52,16,-3.303936e+003
52,17,-3.303936e+003
52,18,-3.303937e+003
52,19,-3.303937e+003
52,20,-3.303937e+003
52,21,-3.303937e+003
52,22,-3.303937e+003
52,23,-3.303937e+003
52,24,-3.303937e+003
52,25,-3.303937e+003
52,26,-3.303937e+003
52,27,-3.303937e+003
52,28,-3.303937e+003
52,29,-3.303937e+003
52,30,-3.303937e+003
52,31,-3.303937e+003
52,32,-3.303938e+003
52,33,-3.303938e+003
52,34,-3.303938e+003
52,35,-3.303938e+003
52,36,-3.303938e+003
52,37,-3.303938e+003
52,38,-3.303938e+003
52,39,-3.303938e+003
52,40,-3.303938e+003
52,41,-3.303938e+003
52,42,-3.303938e+003
52,43,-3.303938e+003
52,44,-3.303938e+003
52,45,-3.303938e+003
52,46,-3.303938e+003
52,47,-3.303938e+003
52,48,-3.303938e+003
52,49,-3.303938e+003
52,50,-3.303938e+003
52,51,-3.303939e+003
52,52,-3.303939e+003
52,53,-3.303939e+003
52,54,-3.303939e+003
52,55,-3.303939e+003
52,56,-3.303939e+003
52,57,-3.303939e+003
52,58,-3.303939e+003
52,59,-3.303940e+003
52,60,-3.303940e+003
52,61,-3.303940e+003
52,62,-3.303940e+003
52,63,-3.303940e+003
52,64,-3.303940e+003
52,65,-3.303940e+003
52,66,-3.303940e+003
52,67,-3.303940e+003
52,68,-3.303940e+003
52,69,-3.303940e+003
52,70,-3.303940e+003
52,71,-3.303940e+003
52,72,-3.303940e+003
52,73,-3.303940e+003
52,74,-3.303940e+003
52,75,-3.303940e+003
52,76,-3.303940e+003
53,0,-3.303535e+003
53,1,-3.303535e+003
53,2,-3.303535e+003
53,3,-3.303535e+003
53,4,-3.303535e+003
53,5,-3.303535e+003
53,6,-3.303535e+003
53,7,-3.303535e+003
53,8,-3.303535e+003
53,9,-3.303535e+003
53,10,-3.303535e+003
53,11,-3.303535e+003
53,12,-3.303535e+003
53,13,-3.303535e+003
53,14,-3.303535e+003
53,15,-3.303535e+003
53,16,-3.303535e+003
53,17,-3.303535e+003
53,18,-3.303535e+003
53,19,-3.303535e+003
53,20,-3.303535e+003
53,21,-3.303535e+003
54,0,-3.304585e+003
54,1,-3.304585e+003
54,2,-3.304585e+003
54,3,-3.304585e+003
54,4,-3.304585e+003
54,5,-3.304585e+003
54,6,-3.304607e+003
54,7,-3.304634e+003
54,8,-3.304642e+003
54,9,-3.304651e+003
54,10,-3.304661e+003
54,11,-3.304669e+003
54,12,-3.304672e+003
54,13,-3.304675e+003
54,14,-3.304677e+003
54,15,-3.304678e+003
54,16,-3.304679e+003
54,17,-3.304680e+003
54,18,-3.304680e+003
54,19,-3.304680e+003
54,20,-3.304681e+003
54,21,-3.304681e+003
54,22,-3.304681e+003
54,23,-3.304681e+003
54,24,-3.304681e+003
54,25,-3.304681e+003
54,26,-3.304681e+003
54,27,-3.304681e+003
54,28,-3.304681e+003
54,29,-3.304681e+003
54,30,-3.304681e+003
54,31,-3.304681e+003
54,32,-3.304681e+003
54,33,-3.304681e+003
54,34,-3.304681e+003
54,35,-3.304681e+003
54,36,-3.304681e+003
54,37,-3.304681e+003
54,38,-3.304681e+003
54,39,-3.304682e+003
54,40,-3.304682e+003
54,41,-3.304682e+003
54,42,-3.304682e+003
54,43,-3.304682e+003
54,44,-3.304682e+003
54,45,-3.304682e+003
54,46,-3.304682e+003
54,47,-3.304682e+003
54,48,-3.304682e+003
54,49,-3.304682e+003
54,50,-3.304682e+003
54,51,-3.304683e+003
54,52,-3.304683e+003
54,53,-3.304683e+003
54,54,-3.304683e+003
54,55,-3.304683e+003
54,56,-3.304683e+003
54,57,-3.304683e+003
54,58,-3.304683e+003
54,59,-3.304683e+003
54,60,-3.304683e+003
54,61,-3.304683e+003
54,62,-3.304683e+003
54,63,-3.304683e+003
54,64,-3.304683e+003
54,65,-3.304683e+003
54,66,-3.304683e+003
54,67,-3.304683e+003
54,68,-3.304683e+003
54,69,-3.304683e+003
54,70,-3.304683e+003
54,71,-3.304683e+003
54,72,-3.304683e+003
54,73,-3.304683e+003
54,74,-3.304683e+003
54,75,-3.304683e+003
54,76,-3.304683e+003
55,0,-3.307154e+003
55,1,-3.307154e+003
55,2,-3.307154e+003
55,3,-3.307154e+003
55,4,-3.307154e+003
55,5,-3.307154e+003
55,6,-3.307154e+003
55,7,-3.307154e+003
55,8,-3.307154e+003
55,9,-3.307154e+003
55,10,-3.307154e+003
55,11,-3.307154e+003
55,12,-3.307154e+003
55,13,-3.307154e+003
55,14,-3.307154e+003
55,15,-3.307154e+003
55,16,-3.307154e+003
55,17,-3.307154e+003
55,18,-3.307154e+003
55,19,-3.307154e+003
55,20,-3.307154e+003
55,21,-3.307154e+003
56,0,-3.310261e+003
56,1,-3.310261e+003
56,2,-3.310261e+003
56,3,-3.310261e+003
56,4,-3.310261e+003
56,5,-3.310261e+003
56,6,-3.310261e+003
56,7,-3.310292e+003
56,8,-3.310407e+003
56,9,-3.310509e+003
56,10,-3.310578e+003
56,11,-3.310632e+003
56,12,-3.310660e+003
56,13,-3.310669e+003
56,14,-3.310602e+003
56,15,-3.310607e+003
56,16,-3.310609e+003
56,17,-3.310610e+003
56,18,-3.310611e+003
56,19,-3.310612e+003
56,20,-3.310612e+003
56,21,-3.310612e+003
56,22,-3.310612e+003
56,23,-3.310612e+003
56,24,-3.310613e+003
56,25,-3.310613e+003
56,26,-3.310613e+003
56,27,-3.310613e+003
56,28,-3.310613e+003
56,29,-3.310613e+003
56,30,-3.310613e+003
56,31,-3.310613e+003
56,32,-3.310613e+003
56,33,-3.310613e+003
56,34,-3.310613e+003
56,35,-3.310613e+003
56,36,-3.310613e+003
56,37,-3.310613e+003
56,38,-3.310613e+003
56,39,-3.310613e+003
56,40,-3.310613e+003
56,41,-3.310613e+003
56,42,-3.310613e+003
56,43,-3.310613e+003
56,44,-3.310613e+003
56,45,-3.310613e+003
56,46,-3.310613e+003
56,47,-3.310614e+003
56,48,-3.310614e+003
56,49,-3.310614e+003
56,50,-3.310614e+003
56,51,-3.310614e+003
56,52,-3.310614e+003
56,53,-3.310614e+003
56,54,-3.310614e+003
56,55,-3.310614e+003
56,56,-3.310614e+003
56,57,-3.310614e+003
56,58,-3.310614e+003
56,59,-3.310614e+003
56,60,-3.310614e+003
56,61,-3.310614e+003
56,62,-3.310614e+003
56,63,-3.310614e+003
56,64,-3.310614e+003
56,65,-3.310614e+003
56,66,-3.310614e+003
56,67,-3.310614e+003
56,68,-3.310615e+003
56,69,-3.310615e+003
56,70,-3.310615e+003
56,71,-3.310615e+003
56,72,-3.310615e+003
56,73,-3.310615e+003
56,74,-3.310615e+003
56,75,-3.310615e+003
56,76,-3.310615e+003
56,77,-3.310615e+003
56,78,-3.310615e+003
56,79,-3.310615e+003
57,0,-3.315107e+003
57,1,-3.315107e+003
57,2,-3.315107e+003
57,3,-3.315107e+003
57,4,-3.315107e+003
57,5,-3.315107e+003
57,6,-3.315107e+003
57,7,-3.315107e+003
57,8,-3.315107e+003
57,9,-3.315107e+003
57,10,-3.315107e+003
57,11,-3.315107e+003
57,12,-3.315107e+003
57,13,-3.315107e+003
57,14,-3.315107e+003
57,15,-3.315107e+003
57,16,-3.315107e+003
57,17,-3.315107e+003
57,18,-3.315107e+003
57,19,-3.315107e+003
57,20,-3.315107e+003
57,21,-3.315107e+003
58,0,-3.319810e+003
58,1,-3.319810e+003
58,2,-3.319810e+003
58,3,-3.319810e+003
58,4,-3.319810e+003
58,5,-3.319883e+003
58,6,-3.319956e+003
58,7,-3.319945e+003
58,8,-3.320074e+003
58,9,-3.320184e+003
58,10,-3.320218e+003
58,11,-3.320231e+003
58,12,-3.320245e+003
58,13,-3.320255e+003
58,14,-3.320259e+003
58,15,-3.320262e+003
58,16,-3.320264e+003
58,17,-3.320265e+003
58,18,-3.320265e+003
58,19,-3.320266e+003
58,20,-3.320266e+003
58,21,-3.320266e+003
58,22,-3.320266e+003
58,23,-3.320266e+003
58,24,-3.320267e+003
58,25,-3.320267e+003
58,26,-3.320267e+003
58,27,-3.320267e+003
58,28,-3.320267e+003
58,29,-3.320267e+003
58,30,-3.320267e+003
58,31,-3.320267e+003
58,32,-3.320267e+003
58,33,-3.320267e+003
58,34,-3.320267e+003
58,35,-3.320267e+003
58,36,-3.320267e+003
58,37,-3.320267e+003
58,38,-3.320267e+003
58,39,-3.320267e+003
58,40,-3.320267e+003
58,41,-3.320267e+003
58,42,-3.320267e+003
58,43,-3.320267e+003
58,44,-3.320267e+003
58,45,-3.320267e+003
58,46,-3.320267e+003
58,47,-3.320267e+003
58,48,-3.320267e+003
58,49,-3.320267e+003
58,50,-3.320267e+003
58,51,-3.320267e+003
58,52,-3.320267e+003
58,53,-3.320267e+003
58,54,-3.320267e+003
58,55,-3.320267e+003
58,56,-3.320267e+003
58,57,-3.320267e+003
58,58,-3.320267e+003
58,59,-3.320268e+003
58,60,-3.320268e+003
58,61,-3.320268e+003
58,62,-3.320268e+003
58,63,-3.320268e+003
58,64,-3.320268e+003
58,65,-3.320268e+003
58,66,-3.320268e+003
58,67,-3.320268e+003
58,68,-3.320268e+003
58,69,-3.320268e+003
58,70,-3.320268e+003
58,71,-3.320268e+003
58,72,-3.320268e+003
58,73,-3.320268e+003
58,74,-3.320268e+003
58,75,-3.320268e+003
58,76,-3.320268e+003
58,77,-3.320268e+003
58,78,-3.320268e+003
58,79,-3.320268e+003
58,80,-3.320268e+003
58,81,-3.320268e+003
58,82,-3.320268e+003
58,83,-3.320268e+003
58,84,-3.320268e+003
59,0,-3.325288e+003
59,1,-3.325288e+003
59,2,-3.325288e+003
59,3,-3.325288e+003
59,4,-3.325288e+003
59,5,-3.325288e+003
59,6,-3.325288e+003
59,7,-3.325288e+003
59,8,-3.325288e+003
59,9,-3.325288e+003
59,10,-3.325288e+003
59,11,-3.325288e+003
59,12,-3.325288e+003
59,13,-3.325288e+003
59,14,-3.325288e+003
59,15,-3.325288e+003
59,16,-3.325288e+003
59,17,-3.325288e+003
59,18,-3.325288e+003
59,19,-3.325288e+003
59,20,-3.325312e+003
59,21,-3.325334e+003
59,22,-3.325350e+003
59,23,-3.325309e+003
59,24,-3.325328e+003
59,25,-3.325337e+003
59,26,-3.325343e+003
59,27,-3.325300e+003
59,28,-3.325302e+003
59,29,-3.325303e+003
59,30,-3.325304e+003
59,31,-3.325305e+003
59,32,-3.325305e+003
59,33,-3.325305e+003
59,34,-3.325306e+003
59,35,-3.325306e+003
59,36,-3.325306e+003
59,37,-3.325306e+003
59,38,-3.325306e+003
59,39,-3.325306e+003
59,40,-3.325306e+003
59,41,-3.325306e+003
59,42,-3.325306e+003
59,43,-3.325306e+003
59,44,-3.325306e+003
59,45,-3.325306e+003
59,46,-3.325306e+003
59,47,-3.325306e+003
59,48,-3.325306e+003
59,49,-3.325306e+003
59,50,-3.325306e+003
59,51,-3.325306e+003
59,52,-3.325306e+003
59,53,-3.325306e+003
59,54,-3.325306e+003
59,55,-3.325306e+003
59,56,-3.325306e+003
59,57,-3.325306e+003
59,58,-3.325306e+003
59,59,-3.325306e+003
59,60,-3.325306e+003
59,61,-3.325306e+003
59,62,-3.325306e+003
59,63,-3.325306e+003
59,64,-3.325306e+003
59,65,-3.325306e+003
59,66,-3.325306e+003
59,67,-3.325306e+003
59,68,-3.325306e+003
59,69,-3.325306e+003
59,70,-3.325307e+003
59,71,-3.325307e+003
59,72,-3.325307e+003
59,73,-3.325307e+003
59,74,-3.325307e+003
59,75,-3.325307e+003
59,76,-3.325307e+003
59,77,-3.325307e+003
59,78,-3.325307e+003
59,79,-3.325307e+003
59,80,-3.325307e+003
59,81,-3.325307e+003
59,82,-3.325307e+003
59,83,-3.325307e+003
59,84,-3.325307e+003
59,85,-3.325307e+003
59,86,-3.325307e+003
59,87,-3.325307e+003
59,88,-3.325307e+003
59,89,-3.325307e+003
59,90,-3.325307e+003
59,91,-3.325307e+003
59,92,-3.325307e+003
60,0,-3.330271e+003
60,1,-3.330271e+003
60,2,-3.330271e+003
60,3,-3.330271e+003
60,4,-3.330271e+003
60,5,-3.330271e+003
60,6,-3.330271e+003
60,7,-3.330271e+003
60,8,-3.330271e+003
60,9,-3.330271e+003
60,10,-3.330271e+003
60,11,-3.330271e+003
60,12,-3.330271e+003
60,13,-3.330271e+003
60,14,-3.330271e+003
60,15,-3.330271e+003
60,16,-3.330271e+003
60,17,-3.330271e+003
60,18,-3.330271e+003
60,19,-3.330271e+003
60,20,-3.330271e+003
60,21,-3.330271e+003
60,22,-3.330271e+003
60,23,-3.330271e+003
60,24,-3.330271e+003
60,25,-3.330271e+003
60,26,-3.330271e+003
60,27,-3.330292e+003
60,28,-3.330312e+003
60,29,-3.330323e+003
60,30,-3.330351e+003
60,31,-3.330370e+003
60,32,-3.330378e+003
60,33,-3.330384e+003
60,34,-3.330392e+003
60,35,-3.330395e+003
60,36,-3.330396e+003
60,37,-3.330398e+003
60,38,-3.330399e+003
60,39,-3.330399e+003
60,40,-3.330399e+003
60,41,-3.330399e+003
60,42,-3.330399e+003
60,43,-3.330400e+003
60,44,-3.330400e+003
60,45,-3.330400e+003
60,46,-3.330400e+003
60,47,-3.330400e+003
60,48,-3.330400e+003
60,49,-3.330400e+003
60,50,-3.330400e+003
60,51,-3.330400e+003
60,52,-3.330400e+003
60,53,-3.330400e+003
60,54,-3.330400e+003
60,55,-3.330400e+003
60,56,-3.330400e+003
60,57,-3.330400e+003
60,58,-3.330400e+003
60,59,-3.330400e+003
60,60,-3.330400e+003
60,61,-3.330400e+003
60,62,-3.330400e+003
60,63,-3.330400e+003
60,64,-3.330400e+003
60,65,-3.330400e+003
60,66,-3.330400e+003
60,67,-3.330400e+003
60,68,-3.330400e+003
60,69,-3.330400e+003
60,70,-3.330400e+003
60,71,-3.330400e+003
60,72,-3.330400e+003
60,73,-3.330400e+003
60,74,-3.330400e+003
60,75,-3.330400e+003
60,76,-3.330400e+003
60,77,-3.330400e+003
60,78,-3.330400e+003
60,79,-3.330400e+003
60,80,-3.330400e+003
60,81,-3.330400e+003
60,82,-3.330400e+003
60,83,-3.330400e+003
60,84,-3.330400e+003
60,85,-3.330400e+003
60,86,-3.330400e+003
60,87,-3.330400e+003
60,88,-3.330401e+003
60,89,-3.330401e+003
60,90,-3.330401e+003
60,91,-3.330441e+003
60,92,-3.330441e+003
60,93,-3.330441e+003
60,94,-3.330441e+003
60,95,-3.330441e+003
60,96,-3.330441e+003
60,97,-3.330441e+003
60,98,-3.330441e+003
60,99,-3.330441e+003
60,100,-3.330441e+003
60,101,-3.330441e+003
60,102,-3.330441e+003
60,103,-3.330441e+003
60,104,-3.330441e+003
61,0,-3.334889e+003
61,1,-3.334889e+003
61,2,-3.334889e+003
61,3,-3.334889e+003
61,4,-3.334889e+003
61,5,-3.334889e+003
61,6,-3.334889e+003
61,7,-3.334889e+003
61,8,-3.334889e+003
61,9,-3.334889e+003
61,10,-3.334889e+003
61,11,-3.334889e+003
61,12,-3.334889e+003
61,13,-3.334889e+003
61,14,-3.334889e+003
61,15,-3.334889e+003
61,16,-3.334889e+003
61,17,-3.334889e+003
61,18,-3.334889e+003
61,19,-3.334889e+003
61,20,-3.334889e+003
61,21,-3.334889e+003
62,0,-3.338407e+003
62,1,-3.338464e+003
62,2,-3.338498e+003
62,3,-3.338576e+003
62,4,-3.338609e+003
62,5,-3.338631e+003
62,6,-3.338654e+003
62,7,-3.338674e+003
62,8,-3.338678e+003
62,9,-3.338684e+003
62,10,-3.338688e+003
62,11,-3.338690e+003
62,12,-3.338691e+003
62,13,-3.338692e+003
62,14,-3.338692e+003
62,15,-3.338693e+003
62,16,-3.338693e+003
62,17,-3.338693e+003
62,18,-3.338693e+003
62,19,-3.338693e+003
62,20,-3.338694e+003
62,21,-3.338694e+003
62,22,-3.338694e+003
62,23,-3.338694e+003
62,24,-3.338694e+003
62,25,-3.338694e+003
62,26,-3.338694e+003
62,27,-3.338694e+003
62,28,-3.338694e+003
62,29,-3.338694e+003
62,30,-3.338694e+003
62,31,-3.338694e+003
62,32,-3.338694e+003
62,33,-3.338694e+003
62,34,-3.338694e+003
62,35,-3.338694e+003
62,36,-3.338694e+003
62,37,-3.338694e+003
62,38,-3.338694e+003
62,39,-3.338694e+003
62,40,-3.338694e+003
62,41,-3.338694e+003
62,42,-3.338694e+003
62,43,-3.338694e+003
62,44,-3.338694e+003
62,45,-3.338694e+003
62,46,-3.338694e+003
62,47,-3.338694e+003
62,48,-3.338694e+003
62,49,-3.338694e+003
62,50,-3.338694e+003
62,51,-3.338694e+003
62,52,-3.338694e+003
62,53,-3.338694e+003
62,54,-3.338694e+003
62,55,-3.338694e+003
62,56,-3.338694e+003
62,57,-3.338694e+003
62,58,-3.338694e+003
62,59,-3.338694e+003
62,60,-3.338694e+003
62,61,-3.338694e+003
62,62,-3.338694e+003
62,63,-3.338694e+003
62,64,-3.338694e+003
62,65,-3.338694e+003
62,66,-3.338694e+003
62,67,-3.338694e+003
62,68,-3.338694e+003
62,69,-3.338694e+003
62,70,-3.338694e+003
62,71,-3.338694e+003
62,72,-3.338694e+003
62,73,-3.338694e+003
62,74,-3.338694e+003
62,75,-3.338694e+003
63,0,-3.341599e+003
63,1,-3.341599e+003
63,2,-3.341599e+003
63,3,-3.341599e+003
63,4,-3.341599e+003
63,5,-3.341599e+003
63,6,-3.341599e+003
63,7,-3.341599e+003
63,8,-3.341599e+003
63,9,-3.341599e+003
63,10,-3.341599e+003
63,11,-3.341599e+003
63,12,-3.341599e+003
63,13,-3.341599e+003
63,14,-3.341599e+003
63,15,-3.341599e+003
63,16,-3.341599e+003
63,17,-3.341599e+003
63,18,-3.341599e+003
63,19,-3.341599e+003
63,20,-3.341599e+003
63,21,-3.341599e+003
63,22,-3.341599e+003
63,23,-3.341599e+003
63,24,-3.341608e+003
63,25,-3.341617e+003
63,26,-3.341621e+003
63,27,-3.341630e+003
63,28,-3.341555e+003
63,29,-3.341558e+003
63,30,-3.341561e+003
63,31,-3.341564e+003
63,32,-3.341565e+003
63,33,-3.341566e+003
63,34,-3.341567e+003
63,35,-3.341567e+003
63,36,-3.341568e+003
63,37,-3.341568e+003
63,38,-3.341568e+003
63,39,-3.341568e+003
63,40,-3.341568e+003
63,41,-3.341568e+003
63,42,-3.341568e+003
63,43,-3.341568e+003
63,44,-3.341568e+003
63,45,-3.341568e+003
63,46,-3.341568e+003
63,47,-3.341568e+003
63,48,-3.341568e+003
63,49,-3.341568e+003
63,50,-3.341568e+003
63,51,-3.341568e+003
63,52,-3.341568e+003
63,53,-3.341568e+003
63,54,-3.341568e+003
63,55,-3.341568e+003
63,56,-3.341568e+003
63,57,-3.341568e+003
63,58,-3.341568e+003
63,59,-3.341568e+003
63,60,-3.341568e+003
63,61,-3.341568e+003
63,62,-3.341568e+003
63,63,-3.341568e+003
64,0,-3.343725e+003
64,1,-3.343725e+003
64,2,-3.343725e+003
64,3,-3.343725e+003
64,4,-3.343725e+003
64,5,-3.343725e+003
64,6,-3.343725e+003
64,7,-3.343725e+003
64,8,-3.343725e+003
64,9,-3.343725e+003
64,10,-3.343725e+003
64,11,-3.343725e+003
64,12,-3.343725e+003
64,13,-3.343725e+003
64,14,-3.343725e+003
64,15,-3.343725e+003
64,16,-3.343725e+003
64,17,-3.343725e+003
64,18,-3.343725e+003
64,19,-3.343725e+003
64,20,-3.343725e+003
64,21,-3.343725e+003
65,0,-3.345085e+003
65,1,-3.345085e+003
65,2,-3.345085e+003
65,3,-3.345085e+003
65,4,-3.345085e+003
65,5,-3.345085e+003
65,6,-3.345085e+003
65,7,-3.345085e+003
65,8,-3.345085e+003
65,9,-3.345085e+003
65,10,-3.345085e+003
65,11,-3.345085e+003
65,12,-3.345085e+003
65,13,-3.345085e+003
65,14,-3.345085e+003
65,15,-3.345085e+003
65,16,-3.345085e+003
65,17,-3.345085e+003
65,18,-3.345085e+003
65,19,-3.345085e+003
65,20,-3.345085e+003
65,21,-3.345085e+003
65,22,-3.345085e+003
65,23,-3.345085e+003
65,24,-3.345085e+003
65,25,-3.345085e+003
65,26,-3.345085e+003
65,27,-3.345085e+003
65,28,-3.345085e+003
65,29,-3.345085e+003
65,30,-3.345085e+003
65,31,-3.345085e+003
65,32,-3.345085e+003
65,33,-3.345085e+003
65,34,-3.345085e+003
65,35,-3.345085e+003
65,36,-3.345085e+003
65,37,-3.345085e+003
65,38,-3.345097e+003
65,39,-3.345116e+003
65,40,-3.345126e+003
65,41,-3.345139e+003
65,42,-3.345150e+003
65,43,-3.345156e+003
65,44,-3.345162e+003
65,45,-3.345167e+003
65,46,-3.345170e+003
65,47,-3.345171e+003
65,48,-3.345173e+003
65,49,-3.345174e+003
65,50,-3.345174e+003
65,51,-3.345175e+003
65,52,-3.345175e+003
65,53,-3.345175e+003
65,54,-3.345175e+003
65,55,-3.345175e+003
65,56,-3.345175e+003
65,57,-3.345175e+003
65,58,-3.345175e+003
65,59,-3.345175e+003
65,60,-3.345175e+003
65,61,-3.345175e+003
65,62,-3.345175e+003
65,63,-3.345175e+003
65,64,-3.345175e+003
65,65,-3.345175e+003
65,66,-3.345175e+003
65,67,-3.345175e+003
65,68,-3.345175e+003
65,69,-3.345175e+003
65,70,-3.345175e+003
65,71,-3.345175e+003
65,72,-3.345175e+003
65,73,-3.345175e+003
65,74,-3.345175e+003
65,75,-3.345175e+003
65,76,-3.345175e+003
65,77,-3.345175e+003
65,78,-3.345175e+003
65,79,-3.345175e+003
65,80,-3.345175e+003
65,81,-3.345175e+003
65,82,-3.345175e+003
65,83,-3.345175e+003
65,84,-3.345175e+003
65,85,-3.345175e+003
65,86,-3.345175e+003
65,87,-3.345175e+003
65,88,-3.345175e+003
65,89,-3.345175e+003
65,90,-3.345175e+003
65,91,-3.345175e+003
65,92,-3.345175e+003
65,93,-3.345175e+003
65,94,-3.345175e+003
65,95,-3.345175e+003
65,96,-3.345175e+003
65,97,-3.345175e+003
65,98,-3.345175e+003
65,99,-3.345175e+003
65,100,-3.345175e+003
65,101,-3.345175e+003
65,102,-3.345175e+003
65,103,-3.345175e+003
65,104,-3.345175e+003
65,105,-3.345175e+003
66,0,-3.346706e+003
66,1,-3.346706e+003
66,2,-3.346706e+003
66,3,-3.346706e+003
66,4,-3.346706e+003
66,5,-3.346706e+003
66,6,-3.346706e+003
66,7,-3.346706e+003
66,8,-3.346706e+003
66,9,-3.346706e+003
66,10,-3.346706e+003
66,11,-3.346706e+003
66,12,-3.346706e+003
66,13,-3.346706e+003
66,14,-3.346706e+003
66,15,-3.346706e+003
66,16,-3.346706e+003
66,17,-3.346706e+003
66,18,-3.346706e+003
66,19,-3.346706e+003
66,20,-3.346706e+003
66,21,-3.346706e+003
66,22,-3.346706e+003
66,23,-3.346706e+003
66,24,-3.346706e+003
66,25,-3.346706e+003
66,26,-3.346706e+003
66,27,-3.346706e+003
66,28,-3.346706e+003
66,29,-3.346706e+003
66,30,-3.346706e+003
66,31,-3.346706e+003
66,32,-3.346708e+003
66,33,-3.346709e+003
66,34,-3.346711e+003
66,35,-3.346712e+003
66,36,-3.346713e+003
66,37,-3.346713e+003
66,38,-3.346714e+003
66,39,-3.346714e+003
66,40,-3.346714e+003
66,41,-3.346715e+003
66,42,-3.346715e+003
66,43,-3.346715e+003
66,44,-3.346715e+003
66,45,-3.346715e+003
66,46,-3.346715e+003
66,47,-3.346715e+003
66,48,-3.346715e+003
66,49,-3.346715e+003
66,50,-3.346715e+003
66,51,-3.346715e+003
66,52,-3.346715e+003
66,53,-3.346715e+003
66,54,-3.346715e+003
66,55,-3.346715e+003
66,56,-3.346715e+003
66,57,-3.346715e+003
66,58,-3.346715e+003
66,59,-3.346715e+003
66,60,-3.346715e+003
66,61,-3.346715e+003
66,62,-3.346715e+003
66,63,-3.346715e+003
66,64,-3.346715e+003
66,65,-3.346715e+003
66,66,-3.346715e+003
67,0,-3.347087e+003
67,1,-3.347087e+003
67,2,-3.347087e+003
67,3,-3.347087e+003
67,4,-3.347087e+003
67,5,-3.347087e+003
67,6,-3.347087e+003
67,7,-3.347087e+003
67,8,-3.347087e+003
67,9,-3.347087e+003
67,10,-3.347087e+003
67,11,-3.347087e+003
67,12,-3.347087e+003
67,13,-3.347087e+003
67,14,-3.347087e+003
67,15,-3.347087e+003
67,16,-3.347087e+003
67,17,-3.347087e+003
67,18,-3.347087e+003
67,19,-3.347087e+003
67,20,-3.347087e+003
67,21,-3.347087e+003
67,22,-3.347087e+003
67,23,-3.347087e+003
67,24,-3.347087e+003
67,25,-3.347087e+003
67,26,-3.347087e+003
67,27,-3.347087e+003
67,28,-3.347087e+003
67,29,-3.347087e+003
67,30,-3.347087e+003
67,31,-3.347087e+003
67,32,-3.347087e+003
67,33,-3.347087e+003
67,34,-3.347087e+003
67,35,-3.347087e+003
67,36,-3.347087e+003
67,37,-3.347087e+003
67,38,-3.347087e+003
67,39,-3.347087e+003
67,40,-3.347087e+003
67,41,-3.347087e+003
67,42,-3.347087e+003
67,43,-3.347087e+003
67,44,-3.347087e+003
67,45,-3.347087e+003
67,46,-3.347087e+003
67,47,-3.347087e+003
67,48,-3.347087e+003
67,49,-3.347087e+003
67,50,-3.347087e+003
67,51,-3.347087e+003
67,52,-3.347087e+003
67,53,-3.347087e+003
67,54,-3.347087e+003
67,55,-3.347087e+003
67,56,-3.347087e+003
67,57,-3.347087e+003
67,58,-3.347087e+003
67,59,-3.347087e+003
67,60,-3.347087e+003
67,61,-3.347087e+003
67,62,-3.347087e+003
67,63,-3.347087e+003
67,64,-3.347087e+003
67,65,-3.347088e+003
67,66,-3.347089e+003
67,67,-3.347089e+003
67,68,-3.347089e+003
67,69,-3.347090e+003
67,70,-3.347090e+003
67,71,-3.347077e+003
67,72,-3.347077e+003
67,73,-3.347077e+003
67,74,-3.347078e+003
67,75,-3.347078e+003
67,76,-3.347078e+003
67,77,-3.347078e+003
67,78,-3.347078e+003
67,79,-3.347078e+003
67,80,-3.347078e+003
67,81,-3.347078e+003
67,82,-3.347078e+003
67,83,-3.347078e+003
67,84,-3.347078e+003
67,85,-3.347078e+003
67,86,-3.347078e+003
67,87,-3.347078e+003
67,88,-3.347078e+003
67,89,-3.347078e+003
67,90,-3.347078e+003
67,91,-3.347078e+003
67,92,-3.347078e+003
67,93,-3.347078e+003
67,94,-3.347078e+003
67,95,-3.347078e+003
67,96,-3.347078e+003
67,97,-3.347078e+003
67,98,-3.347078e+003
68,0,-3.347553e+003
68,1,-3.347553e+003
68,2,-3.347553e+003
68,3,-3.347553e+003
68,4,-3.347553e+003
68,5,-3.347553e+003
68,6,-3.347553e+003
68,7,-3.347553e+003
68,8,-3.347553e+003
68,9,-3.347553e+003
68,10,-3.347553e+003
68,11,-3.347553e+003
68,12,-3.347553e+003
68,13,-3.347553e+003
68,14,-3.347553e+003
68,15,-3.347553e+003
68,16,-3.347553e+003
68,17,-3.347553e+003
68,18,-3.347553e+003
68,19,-3.347553e+003
68,20,-3.347553e+003
68,21,-3.347553e+003
68,22,-3.347553e+003
68,23,-3.347553e+003
68,24,-3.347553e+003
68,25,-3.347553e+003
68,26,-3.347553e+003
68,27,-3.347553e+003
68,28,-3.347553e+003
68,29,-3.347553e+003
68,30,-3.347553e+003
68,31,-3.347553e+003
68,32,-3.347553e+003
68,33,-3.347553e+003
68,34,-3.347553e+003
68,35,-3.347503e+003
68,36,-3.347503e+003
68,37,-3.347503e+003
68,38,-3.347503e+003
68,39,-3.347503e+003
68,40,-3.347503e+003
68,41,-3.347503e+003
68,42,-3.347503e+003
68,43,-3.347503e+003
68,44,-3.347503e+003
68,45,-3.347503e+003
68,46,-3.347503e+003
68,47,-3.347503e+003
68,48,-3.347503e+003
68,49,-3.347503e+003
68,50,-3.347503e+003
68,51,-3.347503e+003
68,52,-3.347503e+003
68,53,-3.347503e+003
68,54,-3.347503e+003
68,55,-3.347503e+003
68,56,-3.347503e+003
68,57,-3.347503e+003
68,58,-3.347503e+003
68,59,-3.347503e+003
68,60,-3.347503e+003
68,61,-3.347503e+003
68,62,-3.347503e+003
68,63,-3.347503e+003
68,64,-3.347503e+003
68,65,-3.347503e+003
68,66,-3.347504e+003
68,67,-3.347504e+003
68,68,-3.347504e+003
68,69,-3.347504e+003
68,70,-3.347505e+003
68,71,-3.347505e+003
68,72,-3.347505e+003
68,73,-3.347430e+003
68,74,-3.347430e+003
68,75,-3.347430e+003
68,76,-3.347430e+003
68,77,-3.347430e+003
68,78,-3.347430e+003
68,79,-3.347430e+003
68,80,-3.347430e+003
68,81,-3.347430e+003
68,82,-3.347430e+003
68,83,-3.347430e+003
68,84,-3.347430e+003
68,85,-3.347430e+003
68,86,-3.347430e+003
68,87,-3.347430e+003
68,88,-3.347430e+003
68,89,-3.347430e+003
68,90,-3.347430e+003
68,91,-3.347430e+003
68,92,-3.347430e+003
68,93,-3.347430e+003
68,94,-3.347430e+003
68,95,-3.347430e+003
68,96,-3.347430e+003
68,97,-3.347430e+003
68,98,-3.347430e+003
68,99,-3.347430e+003
69,0,-3.347688e+003
69,1,-3.347688e+003
69,2,-3.347688e+003
69,3,-3.347688e+003
69,4,-3.347688e+003
69,5,-3.347688e+003
69,6,-3.347688e+003
69,7,-3.347688e+003
69,8,-3.347688e+003
69,9,-3.347688e+003
69,10,-3.347688e+003
69,11,-3.347688e+003
69,12,-3.347688e+003
69,13,-3.347688e+003
69,14,-3.347688e+003
69,15,-3.347688e+003
69,16,-3.347688e+003
69,17,-3.347688e+003
69,18,-3.347688e+003
69,19,-3.347688e+003
69,20,-3.347688e+003
69,21,-3.347688e+003
69,22,-3.347688e+003
69,23,-3.347688e+003
69,24,-3.347688e+003
69,25,-3.347688e+003
69,26,-3.347688e+003
69,27,-3.347688e+003
69,28,-3.347688e+003
69,29,-3.347688e+003
69,30,-3.347688e+003
69,31,-3.347688e+003
69,32,-3.347688e+003
69,33,-3.347688e+003
69,34,-3.347688e+003
69,35,-3.347688e+003
69,36,-3.347688e+003
69,37,-3.347688e+003
69,38,-3.347688e+003
69,39,-3.347688e+003
69,40,-3.347688e+003
69,41,-3.347688e+003
69,42,-3.347688e+003
69,43,-3.347688e+003
69,44,-3.347688e+003
69,45,-3.347688e+003
69,46,-3.347688e+003
69,47,-3.347688e+003
69,48,-3.347688e+003
69,49,-3.347688e+003
69,50,-3.347688e+003
69,51,-3.347688e+003
69,52,-3.347688e+003
69,53,-3.347688e+003
69,54,-3.347688e+003
69,55,-3.347688e+003
69,56,-3.347688e+003
69,57,-3.347688e+003
69,58,-3.347688e+003
69,59,-3.347688e+003
69,60,-3.347688e+003
69,61,-3.347688e+003
69,62,-3.347688e+003
69,63,-3.347688e+003
69,64,-3.347688e+003
69,65,-3.347688e+003
69,66,-3.347688e+003
69,67,-3.347688e+003
69,68,-3.347688e+003
69,69,-3.347688e+003
69,70,-3.347689e+003
69,71,-3.347689e+003
69,72,-3.347689e+003
69,73,-3.347689e+003
69,74,-3.347689e+003
69,75,-3.347689e+003
69,76,-3.347689e+003
69,77,-3.347689e+003
69,78,-3.347689e+003
69,79,-3.347689e+003
69,80,-3.347689e+003
69,81,-3.347689e+003
69,82,-3.347689e+003
69,83,-3.347689e+003
69,84,-3.347689e+003
69,85,-3.347689e+003
69,86,-3.347689e+003
69,87,-3.347689e+003
69,88,-3.347689e+003
69,89,-3.347689e+003
69,90,-3.347689e+003
69,91,-3.347689e+003
69,92,-3.347689e+003
69,93,-3.347689e+003
69,94,-3.347689e+003
69,95,-3.347689e+003
69,96,-3.347689e+003
70,0,-3.347795e+003
70,1,-3.347795e+003
70,2,-3.347795e+003
70,3,-3.347795e+003
70,4,-3.347795e+003
70,5,-3.347795e+003
70,6,-3.347795e+003
70,7,-3.347795e+003
70,8,-3.347795e+003
70,9,-3.347795e+003
70,10,-3.347795e+003
70,11,-3.347795e+003
70,12,-3.347795e+003
70,13,-3.347795e+003
70,14,-3.347795e+003
70,15,-3.347795e+003
70,16,-3.347795e+003
70,17,-3.347795e+003
70,18,-3.347795e+003
70,19,-3.347795e+003
70,20,-3.347795e+003
70,21,-3.347795e+003
71,0,-3.347800e+003
71,1,-3.347800e+003
71,2,-3.347800e+003
71,3,-3.347800e+003
71,4,-3.347800e+003
71,5,-3.347800e+003
71,6,-3.347800e+003
71,7,-3.347800e+003
71,8,-3.347800e+003
71,9,-3.347800e+003
71,10,-3.347800e+003
71,11,-3.347800e+003
71,12,-3.347800e+003
71,13,-3.347800e+003
71,14,-3.347800e+003
71,15,-3.347800e+003
71,16,-3.347800e+003
71,17,-3.347800e+003
71,18,-3.347800e+003
71,19,-3.347800e+003
71,20,-3.347800e+003
71,21,-3.347800e+003
72,0,-3.347739e+003
72,1,-3.347739e+003
72,2,-3.347739e+003
72,3,-3.347739e+003
72,4,-3.347739e+003
72,5,-3.347739e+003
72,6,-3.347739e+003
72,7,-3.347739e+003
72,8,-3.347739e+003
72,9,-3.347739e+003
72,10,-3.347739e+003
72,11,-3.347739e+003
72,12,-3.347739e+003
72,13,-3.347739e+003
72,14,-3.347739e+003
72,15,-3.347739e+003
72,16,-3.347739e+003
72,17,-3.347739e+003
72,18,-3.347739e+003
72,19,-3.347739e+003
72,20,-3.347739e+003
72,21,-3.347739e+003
73,0,-3.347598e+003
73,1,-3.347598e+003
73,2,-3.347598e+003
73,3,-3.347598e+003
73,4,-3.347598e+003
73,5,-3.347598e+003
73,6,-3.347598e+003
73,7,-3.347598e+003
73,8,-3.347598e+003
73,9,-3.347598e+003
73,10,-3.347598e+003
73,11,-3.347598e+003
73,12,-3.347598e+003
73,13,-3.347598e+003
73,14,-3.347598e+003
73,15,-3.347598e+003
73,16,-3.347598e+003
73,17,-3.347598e+003
73,18,-3.347598e+003
73,19,-3.347598e+003
73,20,-3.347598e+003
73,21,-3.347598e+003
73,22,-3.347598e+003
73,23,-3.347598e+003
73,24,-3.347598e+003
73,25,-3.347598e+003
73,26,-3.347598e+003
73,27,-3.347598e+003
73,28,-3.347598e+003
73,29,-3.347598e+003
73,30,-3.347598e+003
74,0,-3.347330e+003
74,1,-3.347330e+003
74,2,-3.347330e+003
74,3,-3.347330e+003
74,4,-3.347330e+003
74,5,-3.347330e+003
74,6,-3.347330e+003
74,7,-3.347330e+003
74,8,-3.347330e+003
74,9,-3.347330e+003
74,10,-3.347330e+003
74,11,-3.347330e+003
74,12,-3.347330e+003
74,13,-3.347330e+003
74,14,-3.347330e+003
74,15,-3.347330e+003
74,16,-3.347330e+003
74,17,-3.347330e+003
74,18,-3.347330e+003
74,19,-3.347330e+003
74,20,-3.347330e+003
74,21,-3.347330e+003
75,0,-3.347209e+003
75,1,-3.347209e+003
75,2,-3.347209e+003
75,3,-3.347209e+003
75,4,-3.347209e+003
75,5,-3.347209e+003
75,6,-3.347209e+003
75,7,-3.347209e+003
75,8,-3.347209e+003
75,9,-3.347209e+003
75,10,-3.347209e+003
75,11,-3.347209e+003
75,12,-3.347209e+003
75,13,-3.347209e+003
75,14,-3.347209e+003
75,15,-3.347209e+003
75,16,-3.347209e+003
75,17,-3.347209e+003
75,18,-3.347209e+003
75,19,-3.347209e+003
75,20,-3.347209e+003
75,21,-3.347209e+003
76,0,-3.347491e+003
76,1,-3.347491e+003
76,2,-3.347491e+003
76,3,-3.347491e+003
76,4,-3.347491e+003
76,5,-3.347491e+003
76,6,-3.347491e+003
76,7,-3.347491e+003
76,8,-3.347491e+003
76,9,-3.347491e+003
76,10,-3.347491e+003
76,11,-3.347491e+003
76,12,-3.347491e+003
76,13,-3.347491e+003
76,14,-3.347491e+003
76,15,-3.347491e+003
76,16,-3.347491e+003
76,17,-3.347491e+003
76,18,-3.347491e+003
76,19,-3.347491e+003
76,20,-3.347491e+003
76,21,-3.347491e+003
77,0,-3.347385e+003
77,1,-3.347385e+003
77,2,-3.347385e+003
77,3,-3.347385e+003
77,4,-3.347385e+003
77,5,-3.347385e+003
77,6,-3.347385e+003
77,7,-3.347385e+003
77,8,-3.347385e+003
77,9,-3.347385e+003
77,10,-3.347385e+003
77,11,-3.347385e+003
77,12,-3.347385e+003
77,13,-3.347385e+003
77,14,-3.347385e+003
77,15,-3.347385e+003
77,16,-3.347385e+003
77,17,-3.347385e+003
77,18,-3.347385e+003
77,19,-3.347385e+003
77,20,-3.347385e+003
77,21,-3.347385e+003
78,0,-3.347296e+003
78,1,-3.347296e+003
78,2,-3.347296e+003
78,3,-3.347296e+003
78,4,-3.347296e+003
78,5,-3.347296e+003
78,6,-3.347296e+003
78,7,-3.347296e+003
78,8,-3.347296e+003
78,9,-3.347296e+003
78,10,-3.347296e+003
78,11,-3.347296e+003
78,12,-3.347296e+003
78,13,-3.347296e+003
78,14,-3.347296e+003
78,15,-3.347296e+003
78,16,-3.347296e+003
78,17,-3.347296e+003
78,18,-3.347296e+003
78,19,-3.347296e+003
78,20,-3.347296e+003
78,21,-3.347296e+003
79,0,-3.347208e+003
79,1,-3.347208e+003
79,2,-3.347208e+003
79,3,-3.347208e+003
79,4,-3.347208e+003
79,5,-3.347208e+003
79,6,-3.347208e+003
79,7,-3.347208e+003
79,8,-3.347208e+003
79,9,-3.347208e+003
79,10,-3.347208e+003
79,11,-3.347208e+003
79,12,-3.347208e+003
79,13,-3.347208e+003
79,14,-3.347208e+003
79,15,-3.347208e+003
79,16,-3.347208e+003
79,17,-3.347208e+003
79,18,-3.347208e+003
79,19,-3.347208e+003
79,20,-3.347208e+003
79,21,-3.347208e+003
80,0,-3.347122e+003
80,1,-3.347122e+003
80,2,-3.347122e+003
80,3,-3.347122e+003
80,4,-3.347122e+003
80,5,-3.347122e+003
80,6,-3.347122e+003
80,7,-3.347122e+003
80,8,-3.347122e+003
80,9,-3.347122e+003
80,10,-3.347122e+003
80,11,-3.347122e+003
80,12,-3.347122e+003
80,13,-3.347122e+003
80,14,-3.347122e+003
80,15,-3.347122e+003
80,16,-3.347122e+003
80,17,-3.347122e+003
80,18,-3.347122e+003
80,19,-3.347122e+003
80,20,-3.347122e+003
80,21,-3.347122e+003
81,0,-3.347157e+003
81,1,-3.347157e+003
81,2,-3.347157e+003
81,3,-3.347157e+003
81,4,-3.347157e+003
81,5,-3.347157e+003
81,6,-3.347157e+003
81,7,-3.347157e+003
81,8,-3.347157e+003
81,9,-3.347157e+003
81,10,-3.347157e+003
81,11,-3.347157e+003
81,12,-3.347157e+003
81,13,-3.347157e+003
81,14,-3.347157e+003
81,15,-3.347157e+003
81,16,-3.347157e+003
81,17,-3.347157e+003
81,18,-3.347157e+003
81,19,-3.347157e+003
81,20,-3.347157e+003
81,21,-3.347157e+003
81,22,-3.347157e+003
81,23,-3.347157e+003
81,24,-3.347157e+003
81,25,-3.347157e+003
81,26,-3.347157e+003
81,27,-3.347157e+003
81,28,-3.347157e+003
81,29,-3.347157e+003
81,30,-3.347157e+003
82,0,-3.347391e+003
82,1,-3.347391e+003
82,2,-3.347391e+003
82,3,-3.347391e+003
82,4,-3.347391e+003
82,5,-3.347391e+003
82,6,-3.347391e+003
82,7,-3.347391e+003
82,8,-3.347391e+003
82,9,-3.347391e+003
82,10,-3.347391e+003
82,11,-3.347391e+003
82,12,-3.347391e+003
82,13,-3.347391e+003
82,14,-3.347391e+003
82,15,-3.347391e+003
82,16,-3.347391e+003
82,17,-3.347391e+003
82,18,-3.347391e+003
82,19,-3.347391e+003
82,20,-3.347391e+003
82,21,-3.347391e+003
83,0,-3.347348e+003
83,1,-3.347348e+003
83,2,-3.347348e+003
83,3,-3.347348e+003
83,4,-3.347348e+003
83,5,-3.347348e+003
83,6,-3.347348e+003
83,7,-3.347348e+003
83,8,-3.347348e+003
83,9,-3.347348e+003
83,10,-3.347348e+003
83,11,-3.347348e+003
83,12,-3.347348e+003
83,13,-3.347348e+003
83,14,-3.347348e+003
83,15,-3.347348e+003
83,16,-3.347348e+003
83,17,-3.347348e+003
83,18,-3.347348e+003
83,19,-3.347348e+003
83,20,-3.347348e+003
83,21,-3.347348e+003
84,0,-3.347305e+003
84,1,-3.347305e+003
84,2,-3.347305e+003
84,3,-3.347305e+003
84,4,-3.347305e+003
84,5,-3.347305e+003
84,6,-3.347305e+003
84,7,-3.347305e+003
84,8,-3.347305e+003
84,9,-3.347305e+003
84,10,-3.347305e+003
84,11,-3.347305e+003
84,12,-3.347305e+003
84,13,-3.347305e+003
84,14,-3.347305e+003
84,15,-3.347305e+003
84,16,-3.347305e+003
84,17,-3.347305e+003
84,18,-3.347305e+003
84,19,-3.347305e+003
84,20,-3.347305e+003
84,21,-3.347305e+003
85,0,-3.347075e+003
85,1,-3.347075e+003
85,2,-3.347075e+003
85,3,-3.347075e+003
85,4,-3.347075e+003
85,5,-3.347075e+003
85,6,-3.347075e+003
85,7,-3.347075e+003
85,8,-3.347075e+003
85,9,-3.347075e+003
85,10,-3.347075e+003
85,11,-3.347075e+003
85,12,-3.347075e+003
85,13,-3.347075e+003
85,14,-3.347075e+003
85,15,-3.347075e+003
85,16,-3.347075e+003
85,17,-3.347075e+003
85,18,-3.347075e+003
85,19,-3.347075e+003
85,20,-3.347075e+003
85,21,-3.347075e+003
85,22,-3.347075e+003
85,23,-3.347075e+003
85,24,-3.347075e+003
85,25,-3.347075e+003
86,0,-3.347049e+003
86,1,-3.347049e+003
86,2,-3.347049e+003
86,3,-3.347049e+003
86,4,-3.347049e+003
86,5,-3.347049e+003
86,6,-3.347049e+003
86,7,-3.347049e+003
86,8,-3.347049e+003
86,9,-3.347049e+003
86,10,-3.347049e+003
86,11,-3.347049e+003
86,12,-3.347049e+003
86,13,-3.347049e+003
86,14,-3.347049e+003
86,15,-3.347049e+003
86,16,-3.347049e+003
86,17,-3.347049e+003
86,18,-3.347049e+003
86,19,-3.347049e+003
86,20,-3.347049e+003
86,21,-3.347049e+003
87,0,-3.347019e+003
87,1,-3.347019e+003
87,2,-3.347019e+003
87,3,-3.347019e+003
87,4,-3.347019e+003
87,5,-3.347019e+003
87,6,-3.347019e+003
87,7,-3.347019e+003
87,8,-3.347019e+003
87,9,-3.347019e+003
87,10,-3.347019e+003
87,11,-3.347019e+003
87,12,-3.347019e+003
87,13,-3.347019e+003
87,14,-3.347019e+003
87,15,-3.347019e+003
87,16,-3.347019e+003
87,17,-3.347019e+003
87,18,-3.347019e+003
87,19,-3.347019e+003
87,20,-3.347019e+003
87,21,-3.347019e+003
88,0,-3.346986e+003
88,1,-3.346986e+003
88,2,-3.346986e+003
88,3,-3.346986e+003
88,4,-3.346986e+003
88,5,-3.346986e+003
88,6,-3.346986e+003
88,7,-3.346986e+003
88,8,-3.346986e+003
88,9,-3.346986e+003
88,10,-3.346986e+003
88,11,-3.346986e+003
88,12,-3.346986e+003
88,13,-3.346986e+003
88,14,-3.346986e+003
88,15,-3.346986e+003
88,16,-3.346986e+003
88,17,-3.346986e+003
88,18,-3.346986e+003
88,19,-3.346986e+003
88,20,-3.346986e+003
88,21,-3.346986e+003
89,0,-3.346757e+003
89,1,-3.346757e+003
89,2,-3.346757e+003
89,3,-3.346757e+003
89,4,-3.346757e+003
89,5,-3.346757e+003
89,6,-3.346757e+003
89,7,-3.346757e+003
89,8,-3.346757e+003
89,9,-3.346757e+003
89,10,-3.346757e+003
89,11,-3.346757e+003
89,12,-3.346757e+003
89,13,-3.346757e+003
89,14,-3.346757e+003
89,15,-3.346757e+003
89,16,-3.346757e+003
89,17,-3.346757e+003
89,18,-3.346757e+003
89,19,-3.346757e+003
89,20,-3.346757e+003
89,21,-3.346757e+003
90,0,-3.346708e+003
90,1,-3.346708e+003
90,2,-3.346708e+003
90,3,-3.346708e+003
90,4,-3.346708e+003
90,5,-3.346708e+003
90,6,-3.346708e+003
90,7,-3.346708e+003
90,8,-3.346708e+003
90,9,-3.346708e+003
90,10,-3.346708e+003
90,11,-3.346708e+003
90,12,-3.346708e+003
90,13,-3.346708e+003
90,14,-3.346708e+003
90,15,-3.346708e+003
90,16,-3.346708e+003
90,17,-3.346708e+003
90,18,-3.346708e+003
90,19,-3.346708e+003
90,20,-3.346708e+003
90,21,-3.346708e+003
91,0,-3.346589e+003
91,1,-3.346589e+003
91,2,-3.346589e+003
91,3,-3.346589e+003
91,4,-3.346589e+003
91,5,-3.346589e+003
91,6,-3.346589e+003
91,7,-3.346589e+003
91,8,-3.346589e+003
91,9,-3.346589e+003
91,10,-3.346589e+003
91,11,-3.346589e+003
91,12,-3.346589e+003
91,13,-3.346589e+003
91,14,-3.346589e+003
91,15,-3.346589e+003
91,16,-3.346589e+003
91,17,-3.346589e+003
91,18,-3.346589e+003
91,19,-3.346589e+003
91,20,-3.346589e+003
91,21,-3.346589e+003
92,0,-3.346605e+003
92,1,-3.346605e+003
92,2,-3.346605e+003
92,3,-3.346605e+003
92,4,-3.346605e+003
92,5,-3.346605e+003
92,6,-3.346605e+003
92,7,-3.346605e+003
92,8,-3.346605e+003
92,9,-3.346605e+003
92,10,-3.346605e+003
92,11,-3.346605e+003
92,12,-3.346605e+003
92,13,-3.346605e+003
92,14,-3.346605e+003
92,15,-3.346605e+003
92,16,-3.346605e+003
92,17,-3.346605e+003
92,18,-3.346605e+003
92,19,-3.346605e+003
92,20,-3.346605e+003
92,21,-3.346605e+003
93,0,-3.346652e+003
93,1,-3.346652e+003
93,2,-3.346652e+003
93,3,-3.346652e+003
93,4,-3.346652e+003
93,5,-3.346652e+003
93,6,-3.346652e+003
93,7,-3.346652e+003
93,8,-3.346652e+003
93,9,-3.346652e+003
93,10,-3.346652e+003
93,11,-3.346652e+003
93,12,-3.346652e+003
93,13,-3.346652e+003
93,14,-3.346652e+003
93,15,-3.346652e+003
93,16,-3.346652e+003
93,17,-3.346652e+003
93,18,-3.346652e+003
93,19,-3.346652e+003
93,20,-3.346652e+003
93,21,-3.346652e+003
94,0,-3.346688e+003
94,1,-3.346688e+003
94,2,-3.346688e+003
94,3,-3.346688e+003
94,4,-3.346688e+003
94,5,-3.346688e+003
94,6,-3.346688e+003
94,7,-3.346688e+003
94,8,-3.346688e+003
94,9,-3.346688e+003
94,10,-3.346688e+003
94,11,-3.346688e+003
94,12,-3.346688e+003
94,13,-3.346688e+003
94,14,-3.346688e+003
94,15,-3.346688e+003
94,16,-3.346688e+003
94,17,-3.346688e+003
94,18,-3.346688e+003
94,19,-3.346688e+003
94,20,-3.346688e+003
94,21,-3.346688e+003
94,22,-3.346688e+003
94,23,-3.346688e+003
94,24,-3.346688e+003
94,25,-3.346688e+003
94,26,-3.346688e+003
94,27,-3.346688e+003
94,28,-3.346688e+003
95,0,-3.346715e+003
95,1,-3.346715e+003
95,2,-3.346715e+003
95,3,-3.346715e+003
95,4,-3.346715e+003
95,5,-3.346715e+003
95,6,-3.346715e+003
95,7,-3.346715e+003
95,8,-3.346715e+003
95,9,-3.346715e+003
95,10,-3.346715e+003
95,11,-3.346715e+003
95,12,-3.346715e+003
95,13,-3.346715e+003
95,14,-3.346715e+003
95,15,-3.346715e+003
95,16,-3.346715e+003
95,17,-3.346715e+003
95,18,-3.346715e+003
95,19,-3.346715e+003
95,20,-3.346715e+003
95,21,-3.346715e+003
96,0,-3.346731e+003
96,1,-3.346731e+003
96,2,-3.346731e+003
96,3,-3.346731e+003
96,4,-3.346731e+003
96,5,-3.346731e+003
96,6,-3.346731e+003
96,7,-3.346731e+003
96,8,-3.346731e+003
96,9,-3.346731e+003
96,10,-3.346731e+003
96,11,-3.346731e+003
96,12,-3.346731e+003
96,13,-3.346731e+003
96,14,-3.346731e+003
96,15,-3.346731e+003
96,16,-3.346731e+003
96,17,-3.346731e+003
96,18,-3.346731e+003
96,19,-3.346731e+003
96,20,-3.346731e+003
96,21,-3.346731e+003
97,0,-3.346776e+003
97,1,-3.346776e+003
97,2,-3.346776e+003
97,3,-3.346776e+003
97,4,-3.346776e+003
97,5,-3.346776e+003
97,6,-3.346776e+003
97,7,-3.346776e+003
97,8,-3.346776e+003
97,9,-3.346776e+003
97,10,-3.346776e+003
97,11,-3.346776e+003
97,12,-3.346776e+003
97,13,-3.346776e+003
97,14,-3.346776e+003
97,15,-3.346776e+003
97,16,-3.346776e+003
97,17,-3.346776e+003
97,18,-3.346776e+003
97,19,-3.346776e+003
97,20,-3.346776e+003
97,21,-3.346776e+003
98,0,-3.347170e+003
98,1,-3.347170e+003
98,2,-3.347170e+003
98,3,-3.347170e+003
98,4,-3.347170e+003
98,5,-3.347170e+003
98,6,-3.347170e+003
98,7,-3.347170e+003
98,8,-3.347170e+003
98,9,-3.347170e+003
98,10,-3.347170e+003
98,11,-3.347170e+003
98,12,-3.347170e+003
98,13,-3.347170e+003
98,14,-3.347170e+003
98,15,-3.347170e+003
98,16,-3.347170e+003
98,17,-3.347170e+003
98,18,-3.347170e+003
98,19,-3.347170e+003
98,20,-3.347170e+003
98,21,-3.347170e+003
99,0,-3.347197e+003
99,1,-3.347197e+003
99,2,-3.347197e+003
99,3,-3.347197e+003
99,4,-3.347197e+003
99,5,-3.347197e+003
99,6,-3.347197e+003
99,7,-3.347197e+003
99,8,-3.347197e+003
99,9,-3.347197e+003
99,10,-3.347197e+003
99,11,-3.347197e+003
99,12,-3.347197e+003
99,13,-3.347197e+003
99,14,-3.347197e+003
99,15,-3.347197e+003
99,16,-3.347197e+003
99,17,-3.347197e+003
99,18,-3.347197e+003
99,19,-3.347197e+003
99,20,-3.347197e+003
99,21,-3.347197e+003
100,0,-3.347215e+003
100,1,-3.347215e+003
100,2,-3.347215e+003
100,3,-3.347215e+003
100,4,-3.347215e+003
100,5,-3.347215e+003
100,6,-3.347215e+003
100,7,-3.347215e+003
100,8,-3.347215e+003
100,9,-3.347215e+003
100,10,-3.347215e+003
100,11,-3.347215e+003
100,12,-3.347215e+003
100,13,-3.347215e+003
100,14,-3.347215e+003
100,15,-3.347215e+003
100,16,-3.347215e+003
100,17,-3.347215e+003
100,18,-3.347215e+003
100,19,-3.347215e+003
100,20,-3.347215e+003
100,21,-3.347215e+003
