0,0,-3.310965e+003
0,1,-3.314484e+003
0,2,-3.318032e+003
0,3,-3.320062e+003
0,4,-3.322054e+003
0,5,-3.323716e+003
0,6,-3.324983e+003
0,7,-3.326242e+003
0,8,-3.327208e+003
0,9,-3.328058e+003
0,10,-3.328699e+003
0,11,-3.329406e+003
0,12,-3.329798e+003
0,13,-3.330151e+003
0,14,-3.330328e+003
0,15,-3.330685e+003
0,16,-3.330717e+003
0,17,-3.330897e+003
0,18,-3.330983e+003
0,19,-3.331133e+003
0,20,-3.331122e+003
0,21,-3.331223e+003
0,22,-3.331267e+003
0,23,-3.331512e+003
0,24,-3.331639e+003
0,25,-3.331911e+003
0,26,-3.331882e+003
0,27,-3.331773e+003
0,28,-3.331904e+003
0,29,-3.331956e+003
0,30,-3.332106e+003
0,31,-3.332080e+003
0,32,-3.332095e+003
0,33,-3.332261e+003
0,34,-3.332341e+003
0,35,-3.332463e+003
0,36,-3.332451e+003
0,37,-3.332559e+003
0,38,-3.332876e+003
0,39,-3.332989e+003
0,40,-3.333196e+003
0,41,-3.333298e+003
0,42,-3.333451e+003
0,43,-3.333586e+003
0,44,-3.333916e+003
0,45,-3.334446e+003
0,46,-3.334488e+003
0,47,-3.334895e+003
0,48,-3.335139e+003
0,49,-3.335303e+003
0,50,-3.335549e+003
0,51,-3.335640e+003
0,52,-3.335762e+003
0,53,-3.335984e+003
0,54,-3.336499e+003
0,55,-3.337208e+003
0,56,-3.337979e+003
0,57,-3.338458e+003
0,58,-3.338965e+003
0,59,-3.339584e+003
0,60,-3.340039e+003
0,61,-3.340157e+003
0,62,-3.340308e+003
0,63,-3.340366e+003
0,64,-3.340429e+003
0,65,-3.340493e+003
0,66,-3.340540e+003
0,67,-3.340585e+003
0,68,-3.340699e+003
0,69,-3.340658e+003
0,70,-3.340691e+003
0,71,-3.340892e+003
0,72,-3.340913e+003
0,73,-3.340929e+003
0,74,-3.340943e+003
0,75,-3.340957e+003
0,76,-3.340969e+003
0,77,-3.340978e+003
0,78,-3.340990e+003
0,79,-3.341078e+003
0,80,-3.341091e+003
0,81,-3.341104e+003
0,82,-3.341191e+003
0,83,-3.341200e+003
0,84,-3.341207e+003
0,85,-3.341216e+003
0,86,-3.341224e+003
0,87,-3.341234e+003
0,88,-3.341244e+003
0,89,-3.341251e+003
0,90,-3.341260e+003
0,91,-3.341268e+003
0,92,-3.341275e+003
0,93,-3.341280e+003
0,94,-3.341208e+003
0,95,-3.341210e+003
0,96,-3.341212e+003
0,97,-3.341214e+003
0,98,-3.341215e+003
0,99,-3.341216e+003
0,100,-3.341216e+003
0,101,-3.341216e+003
0,102,-3.341217e+003
0,103,-3.341217e+003
0,104,-3.341218e+003
0,105,-3.341219e+003
0,106,-3.341220e+003
0,107,-3.341220e+003
0,108,-3.341221e+003
0,109,-3.341222e+003
0,110,-3.341223e+003
0,111,-3.341224e+003
0,112,-3.341225e+003
0,113,-3.341226e+003
0,114,-3.341227e+003
0,115,-3.341229e+003
0,116,-3.341230e+003
0,117,-3.341232e+003
0,118,-3.341158e+003
0,119,-3.341160e+003
0,120,-3.341064e+003
0,121,-3.341066e+003
0,122,-3.341068e+003
0,123,-3.341070e+003
0,124,-3.341072e+003
0,125,-3.341074e+003
0,126,-3.341076e+003
0,127,-3.341077e+003
0,128,-3.341079e+003
0,129,-3.341004e+003
0,130,-3.341005e+003
0,131,-3.341005e+003
0,132,-3.341006e+003
0,133,-3.341006e+003
0,134,-3.341007e+003
0,135,-3.341007e+003
0,136,-3.341008e+003
0,137,-3.341008e+003
0,138,-3.341009e+003
0,139,-3.341009e+003
0,140,-3.341010e+003
0,141,-3.341010e+003
0,142,-3.341010e+003
0,143,-3.341011e+003
0,144,-3.341011e+003
0,145,-3.341011e+003
0,146,-3.341011e+003
0,147,-3.341011e+003
0,148,-3.341011e+003
0,149,-3.341012e+003
0,150,-3.341012e+003
0,151,-3.341012e+003
0,152,-3.341012e+003
0,153,-3.341012e+003
0,154,-3.341012e+003
0,155,-3.341012e+003
0,156,-3.341012e+003
0,157,-3.341012e+003
0,158,-3.341012e+003
0,159,-3.341012e+003
0,160,-3.341012e+003
0,161,-3.341012e+003
0,162,-3.341012e+003
0,163,-3.341012e+003
0,164,-3.341012e+003
0,165,-3.341012e+003
0,166,-3.341012e+003
0,167,-3.341012e+003
0,168,-3.341012e+003
0,169,-3.341012e+003
0,170,-3.341012e+003
0,171,-3.341012e+003
0,172,-3.341012e+003
0,173,-3.341012e+003
0,174,-3.341012e+003
0,175,-3.341012e+003
0,176,-3.341012e+003
0,177,-3.341012e+003
0,178,-3.341012e+003
0,179,-3.341012e+003
0,180,-3.341012e+003
0,181,-3.341012e+003
0,182,-3.341012e+003
0,183,-3.341012e+003
0,184,-3.341012e+003
0,185,-3.341012e+003
1,0,-3.341003e+003
1,1,-3.341003e+003
1,2,-3.341003e+003
1,3,-3.341003e+003
1,4,-3.341003e+003
1,5,-3.341003e+003
1,6,-3.341003e+003
1,7,-3.341003e+003
1,8,-3.341003e+003
1,9,-3.341003e+003
1,10,-3.341003e+003
1,11,-3.341003e+003
1,12,-3.341003e+003
1,13,-3.341003e+003
1,14,-3.341003e+003
1,15,-3.341003e+003
1,16,-3.341003e+003
1,17,-3.341003e+003
1,18,-3.341003e+003
1,19,-3.341003e+003
1,20,-3.341003e+003
1,21,-3.341003e+003
2,0,-3.340990e+003
2,1,-3.340990e+003
2,2,-3.340990e+003
2,3,-3.340990e+003
2,4,-3.340990e+003
2,5,-3.340990e+003
2,6,-3.340990e+003
2,7,-3.340990e+003
2,8,-3.340990e+003
2,9,-3.340990e+003
2,10,-3.340990e+003
2,11,-3.340990e+003
2,12,-3.340990e+003
2,13,-3.340990e+003
2,14,-3.340990e+003
2,15,-3.340990e+003
2,16,-3.340990e+003
2,17,-3.340990e+003
2,18,-3.340990e+003
2,19,-3.340990e+003
2,20,-3.340990e+003
2,21,-3.340990e+003
3,0,-3.340801e+003
3,1,-3.340801e+003
3,2,-3.340801e+003
3,3,-3.340801e+003
3,4,-3.340801e+003
3,5,-3.340801e+003
3,6,-3.340801e+003
3,7,-3.340801e+003
3,8,-3.340801e+003
3,9,-3.340801e+003
3,10,-3.340801e+003
3,11,-3.340801e+003
3,12,-3.340801e+003
3,13,-3.340801e+003
3,14,-3.340801e+003
3,15,-3.340801e+003
3,16,-3.340801e+003
3,17,-3.340801e+003
3,18,-3.340801e+003
3,19,-3.340801e+003
3,20,-3.340801e+003
3,21,-3.340801e+003
4,0,-3.340798e+003
4,1,-3.340798e+003
4,2,-3.340798e+003
4,3,-3.340798e+003
4,4,-3.340798e+003
4,5,-3.340798e+003
4,6,-3.340798e+003
4,7,-3.340798e+003
4,8,-3.340798e+003
4,9,-3.340798e+003
4,10,-3.340798e+003
4,11,-3.340798e+003
4,12,-3.340798e+003
4,13,-3.340798e+003
4,14,-3.340798e+003
4,15,-3.340798e+003
4,16,-3.340798e+003
4,17,-3.340798e+003
4,18,-3.340798e+003
4,19,-3.340798e+003
4,20,-3.340798e+003
4,21,-3.340798e+003
5,0,-3.340791e+003
5,1,-3.340791e+003
5,2,-3.340791e+003
5,3,-3.340791e+003
5,4,-3.340791e+003
5,5,-3.340791e+003
5,6,-3.340791e+003
5,7,-3.340791e+003
5,8,-3.340791e+003
5,9,-3.340791e+003
5,10,-3.340791e+003
5,11,-3.340791e+003
5,12,-3.340791e+003
5,13,-3.340791e+003
5,14,-3.340791e+003
5,15,-3.340791e+003
5,16,-3.340791e+003
5,17,-3.340791e+003
5,18,-3.340791e+003
5,19,-3.340791e+003
5,20,-3.340791e+003
5,21,-3.340791e+003
6,0,-3.340779e+003
6,1,-3.340779e+003
6,2,-3.340779e+003
6,3,-3.340779e+003
6,4,-3.340779e+003
6,5,-3.340779e+003
6,6,-3.340779e+003
6,7,-3.340779e+003
6,8,-3.340779e+003
6,9,-3.340779e+003
6,10,-3.340779e+003
6,11,-3.340779e+003
6,12,-3.340779e+003
6,13,-3.340779e+003
6,14,-3.340779e+003
6,15,-3.340779e+003
6,16,-3.340779e+003
6,17,-3.340779e+003
6,18,-3.340779e+003
6,19,-3.340779e+003
6,20,-3.340779e+003
6,21,-3.340779e+003
7,0,-3.340762e+003
7,1,-3.340762e+003
7,2,-3.340762e+003
7,3,-3.340762e+003
7,4,-3.340762e+003
7,5,-3.340762e+003
7,6,-3.340762e+003
7,7,-3.340762e+003
7,8,-3.340762e+003
7,9,-3.340762e+003
7,10,-3.340762e+003
7,11,-3.340762e+003
7,12,-3.340762e+003
7,13,-3.340762e+003
7,14,-3.340762e+003
7,15,-3.340762e+003
7,16,-3.340762e+003
7,17,-3.340762e+003
7,18,-3.340762e+003
7,19,-3.340762e+003
7,20,-3.340762e+003
7,21,-3.340762e+003
8,0,-3.340741e+003
8,1,-3.340741e+003
8,2,-3.340741e+003
8,3,-3.340741e+003
8,4,-3.340741e+003
8,5,-3.340741e+003
8,6,-3.340741e+003
8,7,-3.340741e+003
8,8,-3.340741e+003
8,9,-3.340741e+003
8,10,-3.340741e+003
8,11,-3.340741e+003
8,12,-3.340741e+003
8,13,-3.340741e+003
8,14,-3.340741e+003
8,15,-3.340741e+003
8,16,-3.340741e+003
8,17,-3.340741e+003
8,18,-3.340741e+003
8,19,-3.340741e+003
8,20,-3.340741e+003
8,21,-3.340741e+003
9,0,-3.340733e+003
9,1,-3.340733e+003
9,2,-3.340733e+003
9,3,-3.340733e+003
9,4,-3.340733e+003
9,5,-3.340733e+003
9,6,-3.340733e+003
9,7,-3.340733e+003
9,8,-3.340733e+003
9,9,-3.340733e+003
9,10,-3.340733e+003
9,11,-3.340733e+003
9,12,-3.340733e+003
9,13,-3.340733e+003
9,14,-3.340733e+003
9,15,-3.340733e+003
9,16,-3.340733e+003
9,17,-3.340733e+003
9,18,-3.340733e+003
9,19,-3.340733e+003
9,20,-3.340733e+003
9,21,-3.340733e+003
10,0,-3.340738e+003
10,1,-3.340738e+003
10,2,-3.340738e+003
10,3,-3.340738e+003
10,4,-3.340738e+003
10,5,-3.340738e+003
10,6,-3.340738e+003
10,7,-3.340738e+003
10,8,-3.340738e+003
10,9,-3.340738e+003
10,10,-3.340738e+003
10,11,-3.340738e+003
10,12,-3.340738e+003
10,13,-3.340738e+003
10,14,-3.340738e+003
10,15,-3.340738e+003
10,16,-3.340738e+003
10,17,-3.340738e+003
10,18,-3.340738e+003
10,19,-3.340738e+003
10,20,-3.340738e+003
10,21,-3.340738e+003
11,0,-3.340803e+003
11,1,-3.340803e+003
11,2,-3.340803e+003
11,3,-3.340803e+003
11,4,-3.340803e+003
11,5,-3.340803e+003
11,6,-3.340803e+003
11,7,-3.340803e+003
11,8,-3.340803e+003
11,9,-3.340803e+003
11,10,-3.340803e+003
11,11,-3.340803e+003
11,12,-3.340803e+003
11,13,-3.340803e+003
11,14,-3.340803e+003
11,15,-3.340803e+003
11,16,-3.340803e+003
11,17,-3.340803e+003
11,18,-3.340803e+003
11,19,-3.340803e+003
11,20,-3.340803e+003
11,21,-3.340803e+003
12,0,-3.340901e+003
12,1,-3.340901e+003
12,2,-3.340901e+003
12,3,-3.340901e+003
12,4,-3.340901e+003
12,5,-3.340901e+003
12,6,-3.340901e+003
12,7,-3.340901e+003
12,8,-3.340901e+003
12,9,-3.340901e+003
12,10,-3.340901e+003
12,11,-3.340901e+003
12,12,-3.340901e+003
12,13,-3.340901e+003
12,14,-3.340901e+003
12,15,-3.340901e+003
12,16,-3.340901e+003
12,17,-3.340901e+003
12,18,-3.340901e+003
12,19,-3.340901e+003
12,20,-3.340901e+003
12,21,-3.340901e+003
13,0,-3.340915e+003
13,1,-3.340915e+003
13,2,-3.340915e+003
13,3,-3.340915e+003
13,4,-3.340915e+003
13,5,-3.340915e+003
13,6,-3.340915e+003
13,7,-3.340915e+003
13,8,-3.340915e+003
13,9,-3.340915e+003
13,10,-3.340915e+003
13,11,-3.340915e+003
13,12,-3.340915e+003
13,13,-3.340915e+003
13,14,-3.340915e+003
13,15,-3.340915e+003
13,16,-3.340915e+003
13,17,-3.340915e+003
13,18,-3.340915e+003
13,19,-3.340915e+003
13,20,-3.340915e+003
13,21,-3.340915e+003
14,0,-3.340926e+003
14,1,-3.340926e+003
14,2,-3.340926e+003
14,3,-3.340926e+003
14,4,-3.340926e+003
14,5,-3.340926e+003
14,6,-3.340926e+003
14,7,-3.340926e+003
14,8,-3.340926e+003
14,9,-3.340926e+003
14,10,-3.340926e+003
14,11,-3.340926e+003
14,12,-3.340926e+003
14,13,-3.340926e+003
14,14,-3.340926e+003
14,15,-3.340926e+003
14,16,-3.340926e+003
14,17,-3.340926e+003
14,18,-3.340926e+003
14,19,-3.340926e+003
14,20,-3.340926e+003
14,21,-3.340926e+003
15,0,-3.340937e+003
15,1,-3.340937e+003
15,2,-3.340937e+003
15,3,-3.340937e+003
15,4,-3.340937e+003
15,5,-3.340937e+003
15,6,-3.340937e+003
15,7,-3.340937e+003
15,8,-3.340937e+003
15,9,-3.340937e+003
15,10,-3.340937e+003
15,11,-3.340937e+003
15,12,-3.340937e+003
15,13,-3.340937e+003
15,14,-3.340937e+003
15,15,-3.340937e+003
15,16,-3.340937e+003
15,17,-3.340937e+003
15,18,-3.340937e+003
15,19,-3.340937e+003
15,20,-3.340937e+003
15,21,-3.340937e+003
16,0,-3.341035e+003
16,1,-3.341035e+003
16,2,-3.341035e+003
16,3,-3.341035e+003
16,4,-3.341035e+003
16,5,-3.341035e+003
16,6,-3.341035e+003
16,7,-3.341035e+003
16,8,-3.341035e+003
16,9,-3.341035e+003
16,10,-3.341035e+003
16,11,-3.341035e+003
16,12,-3.341035e+003
16,13,-3.341035e+003
16,14,-3.341035e+003
16,15,-3.341035e+003
16,16,-3.341035e+003
16,17,-3.341035e+003
16,18,-3.341035e+003
16,19,-3.341035e+003
16,20,-3.341035e+003
16,21,-3.341035e+003
17,0,-3.341053e+003
17,1,-3.341053e+003
17,2,-3.341053e+003
17,3,-3.341053e+003
17,4,-3.341053e+003
17,5,-3.341053e+003
17,6,-3.341053e+003
17,7,-3.341053e+003
17,8,-3.341053e+003
17,9,-3.341053e+003
17,10,-3.341053e+003
17,11,-3.341053e+003
17,12,-3.341053e+003
17,13,-3.341053e+003
17,14,-3.341053e+003
17,15,-3.341053e+003
17,16,-3.341053e+003
17,17,-3.341053e+003
17,18,-3.341053e+003
17,19,-3.341053e+003
17,20,-3.341053e+003
17,21,-3.341053e+003
18,0,-3.341072e+003
18,1,-3.341072e+003
18,2,-3.341072e+003
18,3,-3.341072e+003
18,4,-3.341072e+003
18,5,-3.341072e+003
18,6,-3.341072e+003
18,7,-3.341072e+003
18,8,-3.341072e+003
18,9,-3.341072e+003
18,10,-3.341072e+003
18,11,-3.341072e+003
18,12,-3.341072e+003
18,13,-3.341072e+003
18,14,-3.341072e+003
18,15,-3.341072e+003
18,16,-3.341072e+003
18,17,-3.341072e+003
18,18,-3.341072e+003
18,19,-3.341072e+003
18,20,-3.341072e+003
18,21,-3.341072e+003
19,0,-3.340918e+003
19,1,-3.340918e+003
19,2,-3.340918e+003
19,3,-3.340918e+003
19,4,-3.340918e+003
19,5,-3.340918e+003
19,6,-3.340918e+003
19,7,-3.340918e+003
19,8,-3.340918e+003
19,9,-3.340918e+003
19,10,-3.340918e+003
19,11,-3.340918e+003
19,12,-3.340918e+003
19,13,-3.340918e+003
19,14,-3.340918e+003
19,15,-3.340918e+003
19,16,-3.340918e+003
19,17,-3.340918e+003
19,18,-3.340918e+003
19,19,-3.340918e+003
19,20,-3.340918e+003
19,21,-3.340918e+003
19,22,-3.340918e+003
20,0,-3.340957e+003
20,1,-3.340957e+003
20,2,-3.340957e+003
20,3,-3.340957e+003
20,4,-3.340957e+003
20,5,-3.340957e+003
20,6,-3.340957e+003
20,7,-3.340957e+003
20,8,-3.340957e+003
20,9,-3.340957e+003
20,10,-3.340957e+003
20,11,-3.340957e+003
20,12,-3.340957e+003
20,13,-3.340957e+003
20,14,-3.340957e+003
20,15,-3.340957e+003
20,16,-3.340957e+003
20,17,-3.340957e+003
20,18,-3.340957e+003
20,19,-3.340957e+003
20,20,-3.340957e+003
20,21,-3.340957e+003
21,0,-3.340996e+003
21,1,-3.340996e+003
21,2,-3.340996e+003
21,3,-3.340996e+003
21,4,-3.340996e+003
21,5,-3.340996e+003
21,6,-3.340996e+003
21,7,-3.340996e+003
21,8,-3.340996e+003
21,9,-3.340996e+003
21,10,-3.340996e+003
21,11,-3.340996e+003
21,12,-3.340996e+003
21,13,-3.340996e+003
21,14,-3.340996e+003
21,15,-3.340996e+003
21,16,-3.340996e+003
21,17,-3.340996e+003
21,18,-3.340996e+003
21,19,-3.340996e+003
21,20,-3.340996e+003
21,21,-3.340996e+003
22,0,-3.341036e+003
22,1,-3.341036e+003
22,2,-3.341036e+003
22,3,-3.341036e+003
22,4,-3.341036e+003
22,5,-3.341036e+003
22,6,-3.341036e+003
22,7,-3.341036e+003
22,8,-3.341036e+003
22,9,-3.341036e+003
22,10,-3.341036e+003
22,11,-3.341036e+003
22,12,-3.341036e+003
22,13,-3.341036e+003
22,14,-3.341036e+003
22,15,-3.341036e+003
22,16,-3.341036e+003
22,17,-3.341036e+003
22,18,-3.341036e+003
22,19,-3.341036e+003
22,20,-3.341036e+003
22,21,-3.341036e+003
23,0,-3.341078e+003
23,1,-3.341078e+003
23,2,-3.341078e+003
23,3,-3.341078e+003
23,4,-3.341078e+003
23,5,-3.341078e+003
23,6,-3.341078e+003
23,7,-3.341078e+003
23,8,-3.341078e+003
23,9,-3.341078e+003
23,10,-3.341078e+003
23,11,-3.341078e+003
23,12,-3.341078e+003
23,13,-3.341078e+003
23,14,-3.341078e+003
23,15,-3.341078e+003
23,16,-3.341078e+003
23,17,-3.341078e+003
23,18,-3.341078e+003
23,19,-3.341078e+003
23,20,-3.341078e+003
23,21,-3.341078e+003
24,0,-3.341128e+003
24,1,-3.341128e+003
24,2,-3.341128e+003
24,3,-3.341128e+003
24,4,-3.341128e+003
24,5,-3.341128e+003
24,6,-3.341128e+003
24,7,-3.341128e+003
24,8,-3.341128e+003
24,9,-3.341128e+003
24,10,-3.341128e+003
24,11,-3.341128e+003
24,12,-3.341128e+003
24,13,-3.341128e+003
24,14,-3.341128e+003
24,15,-3.341128e+003
24,16,-3.341128e+003
24,17,-3.341128e+003
24,18,-3.341128e+003
24,19,-3.341128e+003
24,20,-3.341128e+003
24,21,-3.341128e+003
25,0,-3.341012e+003
25,1,-3.341012e+003
25,2,-3.341012e+003
25,3,-3.341012e+003
25,4,-3.341012e+003
25,5,-3.341012e+003
25,6,-3.341012e+003
25,7,-3.341012e+003
25,8,-3.341012e+003
25,9,-3.341012e+003
25,10,-3.341012e+003
25,11,-3.341012e+003
25,12,-3.341012e+003
25,13,-3.341012e+003
25,14,-3.341012e+003
25,15,-3.341012e+003
25,16,-3.341012e+003
25,17,-3.341012e+003
25,18,-3.341012e+003
25,19,-3.341012e+003
25,20,-3.341012e+003
25,21,-3.341012e+003
26,0,-3.341075e+003
26,1,-3.341075e+003
26,2,-3.341075e+003
26,3,-3.341075e+003
26,4,-3.341075e+003
26,5,-3.341075e+003
26,6,-3.341075e+003
26,7,-3.341075e+003
26,8,-3.341075e+003
26,9,-3.341075e+003
26,10,-3.341075e+003
26,11,-3.341075e+003
26,12,-3.341075e+003
26,13,-3.341075e+003
26,14,-3.341075e+003
26,15,-3.341075e+003
26,16,-3.341075e+003
26,17,-3.341075e+003
26,18,-3.341075e+003
26,19,-3.341075e+003
26,20,-3.341075e+003
26,21,-3.341075e+003
27,0,-3.341134e+003
27,1,-3.341134e+003
27,2,-3.341134e+003
27,3,-3.341134e+003
27,4,-3.341134e+003
27,5,-3.341134e+003
27,6,-3.341134e+003
27,7,-3.341134e+003
27,8,-3.341134e+003
27,9,-3.341134e+003
27,10,-3.341134e+003
27,11,-3.341134e+003
27,12,-3.341134e+003
27,13,-3.341134e+003
27,14,-3.341134e+003
27,15,-3.341134e+003
27,16,-3.341134e+003
27,17,-3.341134e+003
27,18,-3.341134e+003
27,19,-3.341134e+003
27,20,-3.341134e+003
27,21,-3.341134e+003
28,0,-3.341285e+003
28,1,-3.341285e+003
28,2,-3.341285e+003
28,3,-3.341285e+003
28,4,-3.341285e+003
28,5,-3.341285e+003
28,6,-3.341285e+003
28,7,-3.341285e+003
28,8,-3.341285e+003
28,9,-3.341285e+003
28,10,-3.341285e+003
28,11,-3.341285e+003
28,12,-3.341285e+003
28,13,-3.341285e+003
28,14,-3.341285e+003
28,15,-3.341285e+003
28,16,-3.341285e+003
28,17,-3.341285e+003
28,18,-3.341285e+003
28,19,-3.341285e+003
28,20,-3.341285e+003
28,21,-3.341285e+003
29,0,-3.341339e+003
29,1,-3.341339e+003
29,2,-3.341339e+003
29,3,-3.341339e+003
29,4,-3.341339e+003
29,5,-3.341339e+003
29,6,-3.341339e+003
29,7,-3.341339e+003
29,8,-3.341339e+003
29,9,-3.341339e+003
29,10,-3.341339e+003
29,11,-3.341339e+003
29,12,-3.341339e+003
29,13,-3.341339e+003
29,14,-3.341339e+003
29,15,-3.341339e+003
29,16,-3.341339e+003
29,17,-3.341339e+003
29,18,-3.341339e+003
29,19,-3.341339e+003
29,20,-3.341339e+003
29,21,-3.341339e+003
30,0,-3.341375e+003
30,1,-3.341375e+003
30,2,-3.341375e+003
30,3,-3.341375e+003
30,4,-3.341375e+003
30,5,-3.341375e+003
30,6,-3.341375e+003
30,7,-3.341375e+003
30,8,-3.341375e+003
30,9,-3.341375e+003
30,10,-3.341375e+003
30,11,-3.341375e+003
30,12,-3.341375e+003
30,13,-3.341375e+003
30,14,-3.341375e+003
30,15,-3.341375e+003
30,16,-3.341375e+003
30,17,-3.341375e+003
30,18,-3.341375e+003
30,19,-3.341375e+003
30,20,-3.341375e+003
30,21,-3.341375e+003
31,0,-3.341381e+003
31,1,-3.341381e+003
31,2,-3.341381e+003
31,3,-3.341381e+003
31,4,-3.341381e+003
31,5,-3.341381e+003
31,6,-3.341381e+003
31,7,-3.341381e+003
31,8,-3.341381e+003
31,9,-3.341381e+003
31,10,-3.341381e+003
31,11,-3.341381e+003
31,12,-3.341381e+003
31,13,-3.341381e+003
31,14,-3.341381e+003
31,15,-3.341381e+003
31,16,-3.341381e+003
31,17,-3.341381e+003
31,18,-3.341381e+003
31,19,-3.341381e+003
31,20,-3.341381e+003
31,21,-3.341381e+003
32,0,-3.341342e+003
32,1,-3.341342e+003
32,2,-3.341342e+003
32,3,-3.341342e+003
32,4,-3.341342e+003
32,5,-3.341342e+003
32,6,-3.341342e+003
32,7,-3.341342e+003
32,8,-3.341342e+003
32,9,-3.341342e+003
32,10,-3.341342e+003
32,11,-3.341342e+003
32,12,-3.341342e+003
32,13,-3.341342e+003
32,14,-3.341342e+003
32,15,-3.341342e+003
32,16,-3.341342e+003
32,17,-3.341342e+003
32,18,-3.341342e+003
32,19,-3.341342e+003
32,20,-3.341342e+003
32,21,-3.341342e+003
33,0,-3.341234e+003
33,1,-3.341234e+003
33,2,-3.341234e+003
33,3,-3.341234e+003
33,4,-3.341234e+003
33,5,-3.341234e+003
33,6,-3.341234e+003
33,7,-3.341234e+003
33,8,-3.341234e+003
33,9,-3.341234e+003
33,10,-3.341234e+003
33,11,-3.341234e+003
33,12,-3.341234e+003
33,13,-3.341234e+003
33,14,-3.341234e+003
33,15,-3.341234e+003
33,16,-3.341234e+003
33,17,-3.341234e+003
33,18,-3.341234e+003
33,19,-3.341234e+003
33,20,-3.341234e+003
33,21,-3.341234e+003
33,22,-3.341234e+003
34,0,-3.341081e+003
34,1,-3.341081e+003
34,2,-3.341081e+003
34,3,-3.341081e+003
34,4,-3.341081e+003
34,5,-3.341081e+003
34,6,-3.341081e+003
34,7,-3.341081e+003
34,8,-3.341081e+003
34,9,-3.341081e+003
34,10,-3.341081e+003
34,11,-3.341081e+003
34,12,-3.341081e+003
34,13,-3.341081e+003
34,14,-3.341081e+003
34,15,-3.341081e+003
34,16,-3.341081e+003
34,17,-3.341081e+003
34,18,-3.341081e+003
34,19,-3.341081e+003
34,20,-3.341081e+003
34,21,-3.341081e+003
34,22,-3.341081e+003
34,23,-3.341081e+003
34,24,-3.341081e+003
34,25,-3.341081e+003
34,26,-3.341081e+003
34,27,-3.341081e+003
34,28,-3.341081e+003
34,29,-3.341081e+003
34,30,-3.341081e+003
34,31,-3.341081e+003
34,32,-3.341081e+003
34,33,-3.341081e+003
34,34,-3.341081e+003
34,35,-3.341081e+003
34,36,-3.341081e+003
34,37,-3.341081e+003
34,38,-3.341081e+003
34,39,-3.341081e+003
34,40,-3.341081e+003
34,41,-3.341081e+003
34,42,-3.341081e+003
34,43,-3.341081e+003
34,44,-3.341081e+003
34,45,-3.341081e+003
34,46,-3.341081e+003
34,47,-3.341081e+003
34,48,-3.341081e+003
34,49,-3.341081e+003
34,50,-3.341081e+003
34,51,-3.341081e+003
34,52,-3.341081e+003
34,53,-3.341081e+003
34,54,-3.341081e+003
34,55,-3.341081e+003
34,56,-3.341081e+003
34,57,-3.341081e+003
34,58,-3.341081e+003
34,59,-3.341081e+003
34,60,-3.341081e+003
34,61,-3.341081e+003
34,62,-3.341081e+003
34,63,-3.341081e+003
34,64,-3.341081e+003
34,65,-3.341081e+003
35,0,-3.340709e+003
35,1,-3.340709e+003
35,2,-3.340709e+003
35,3,-3.340709e+003
35,4,-3.340709e+003
35,5,-3.340709e+003
35,6,-3.340709e+003
35,7,-3.340709e+003
35,8,-3.340709e+003
35,9,-3.340709e+003
35,10,-3.340709e+003
35,11,-3.340709e+003
35,12,-3.340709e+003
35,13,-3.340709e+003
35,14,-3.340709e+003
35,15,-3.340709e+003
35,16,-3.340709e+003
35,17,-3.340709e+003
35,18,-3.340709e+003
35,19,-3.340709e+003
35,20,-3.340709e+003
35,21,-3.340709e+003
35,22,-3.340709e+003
35,23,-3.340709e+003
35,24,-3.340709e+003
35,25,-3.340709e+003
35,26,-3.340709e+003
35,27,-3.340709e+003
35,28,-3.340709e+003
35,29,-3.340709e+003
35,30,-3.340709e+003
35,31,-3.340709e+003
35,32,-3.340709e+003
35,33,-3.340709e+003
35,34,-3.340709e+003
35,35,-3.340709e+003
36,0,-3.340288e+003
36,1,-3.340288e+003
36,2,-3.340288e+003
36,3,-3.340288e+003
36,4,-3.340288e+003
36,5,-3.340288e+003
36,6,-3.340288e+003
36,7,-3.340288e+003
36,8,-3.340288e+003
36,9,-3.340288e+003
36,10,-3.340288e+003
36,11,-3.340288e+003
36,12,-3.340288e+003
36,13,-3.340288e+003
36,14,-3.340288e+003
36,15,-3.340288e+003
36,16,-3.340288e+003
36,17,-3.340288e+003
36,18,-3.340288e+003
36,19,-3.340288e+003
36,20,-3.340288e+003
36,21,-3.340288e+003
36,22,-3.340339e+003
36,23,-3.340339e+003
36,24,-3.340339e+003
36,25,-3.340339e+003
36,26,-3.340339e+003
36,27,-3.340339e+003
36,28,-3.340339e+003
36,29,-3.340339e+003
36,30,-3.340339e+003
36,31,-3.340339e+003
36,32,-3.340339e+003
36,33,-3.340339e+003
36,34,-3.340339e+003
36,35,-3.340339e+003
36,36,-3.340339e+003
36,37,-3.340339e+003
36,38,-3.340339e+003
36,39,-3.340339e+003
36,40,-3.340339e+003
36,41,-3.340339e+003
36,42,-3.340339e+003
36,43,-3.340339e+003
36,44,-3.340339e+003
36,45,-3.340339e+003
36,46,-3.340339e+003
36,47,-3.340339e+003
36,48,-3.340339e+003
36,49,-3.340339e+003
36,50,-3.340339e+003
36,51,-3.340339e+003
36,52,-3.340339e+003
36,53,-3.340339e+003
36,54,-3.340339e+003
36,55,-3.340339e+003
36,56,-3.340339e+003
36,57,-3.340339e+003
36,58,-3.340339e+003
36,59,-3.340339e+003
36,60,-3.340339e+003
36,61,-3.340339e+003
36,62,-3.340339e+003
36,63,-3.340339e+003
36,64,-3.340339e+003
36,65,-3.340339e+003
36,66,-3.340339e+003
36,67,-3.340339e+003
36,68,-3.340339e+003
36,69,-3.340339e+003
36,70,-3.340339e+003
36,71,-3.340339e+003
36,72,-3.340339e+003
36,73,-3.340339e+003
36,74,-3.340339e+003
36,75,-3.340339e+003
36,76,-3.340339e+003
36,77,-3.340339e+003
36,78,-3.340339e+003
36,79,-3.340339e+003
36,80,-3.340339e+003
36,81,-3.340339e+003
36,82,-3.340339e+003
36,83,-3.340339e+003
36,84,-3.340340e+003
36,85,-3.340340e+003
36,86,-3.340340e+003
36,87,-3.340341e+003
36,88,-3.340341e+003
36,89,-3.340341e+003
36,90,-3.340341e+003
36,91,-3.340341e+003
36,92,-3.340341e+003
36,93,-3.340341e+003
36,94,-3.340341e+003
36,95,-3.340341e+003
36,96,-3.340341e+003
36,97,-3.340341e+003
36,98,-3.340341e+003
36,99,-3.340341e+003
36,100,-3.340341e+003
36,101,-3.340341e+003
36,102,-3.340341e+003
36,103,-3.340341e+003
36,104,-3.340341e+003
36,105,-3.340341e+003
37,0,-3.339677e+003
37,1,-3.339677e+003
37,2,-3.339677e+003
37,3,-3.339677e+003
37,4,-3.339677e+003
37,5,-3.339677e+003
37,6,-3.339677e+003
37,7,-3.339677e+003
37,8,-3.339677e+003
37,9,-3.339677e+003
37,10,-3.339677e+003
37,11,-3.339677e+003
37,12,-3.339677e+003
37,13,-3.339677e+003
37,14,-3.339677e+003
37,15,-3.339677e+003
37,16,-3.339677e+003
37,17,-3.339677e+003
37,18,-3.339677e+003
37,19,-3.339677e+003
37,20,-3.339677e+003
37,21,-3.339677e+003
37,22,-3.339677e+003
37,23,-3.339677e+003
37,24,-3.339677e+003
37,25,-3.339677e+003
37,26,-3.339677e+003
37,27,-3.339677e+003
37,28,-3.339677e+003
37,29,-3.339677e+003
37,30,-3.339677e+003
37,31,-3.339677e+003
37,32,-3.339677e+003
37,33,-3.339677e+003
37,34,-3.339677e+003
37,35,-3.339677e+003
37,36,-3.339677e+003
37,37,-3.339677e+003
37,38,-3.339677e+003
37,39,-3.339677e+003
37,40,-3.339677e+003
37,41,-3.339677e+003
37,42,-3.339677e+003
37,43,-3.339677e+003
37,44,-3.339677e+003
37,45,-3.339677e+003
37,46,-3.339677e+003
37,47,-3.339677e+003
37,48,-3.339677e+003
37,49,-3.339677e+003
37,50,-3.339677e+003
37,51,-3.339677e+003
37,52,-3.339677e+003
37,53,-3.339677e+003
37,54,-3.339677e+003
37,55,-3.339677e+003
37,56,-3.339677e+003
37,57,-3.339677e+003
37,58,-3.339677e+003
37,59,-3.339677e+003
37,60,-3.339677e+003
37,61,-3.339677e+003
37,62,-3.339677e+003
37,63,-3.339677e+003
37,64,-3.339677e+003
37,65,-3.339677e+003
37,66,-3.339677e+003
37,67,-3.339677e+003
37,68,-3.339677e+003
37,69,-3.339677e+003
37,70,-3.339677e+003
37,71,-3.339677e+003
37,72,-3.339677e+003
37,73,-3.339677e+003
37,74,-3.339677e+003
37,75,-3.339677e+003
37,76,-3.339677e+003
37,77,-3.339677e+003
37,78,-3.339678e+003
37,79,-3.339678e+003
37,80,-3.339679e+003
37,81,-3.339679e+003
37,82,-3.339680e+003
37,83,-3.339680e+003
37,84,-3.339680e+003
37,85,-3.339680e+003
37,86,-3.339680e+003
37,87,-3.339680e+003
37,88,-3.339680e+003
37,89,-3.339680e+003
37,90,-3.339680e+003
37,91,-3.339680e+003
37,92,-3.339681e+003
37,93,-3.339681e+003
37,94,-3.339681e+003
37,95,-3.339681e+003
37,96,-3.339681e+003
37,97,-3.339681e+003
37,98,-3.339681e+003
37,99,-3.339681e+003
37,100,-3.339681e+003
37,101,-3.339681e+003
37,102,-3.339681e+003
37,103,-3.339681e+003
37,104,-3.339681e+003
37,105,-3.339681e+003
38,0,-3.338697e+003
38,1,-3.338697e+003
38,2,-3.338697e+003
38,3,-3.338697e+003
38,4,-3.338697e+003
38,5,-3.338697e+003
38,6,-3.338697e+003
38,7,-3.338697e+003
38,8,-3.338697e+003
38,9,-3.338697e+003
38,10,-3.338697e+003
38,11,-3.338697e+003
38,12,-3.338697e+003
38,13,-3.338697e+003
38,14,-3.338697e+003
38,15,-3.338697e+003
38,16,-3.338697e+003
38,17,-3.338697e+003
38,18,-3.338697e+003
38,19,-3.338697e+003
38,20,-3.338697e+003
38,21,-3.338697e+003
39,0,-3.337393e+003
39,1,-3.337393e+003
39,2,-3.337393e+003
39,3,-3.337393e+003
39,4,-3.337393e+003
39,5,-3.337393e+003
39,6,-3.337393e+003
39,7,-3.337393e+003
39,8,-3.337393e+003
39,9,-3.337393e+003
39,10,-3.337393e+003
39,11,-3.337393e+003
39,12,-3.337393e+003
39,13,-3.337393e+003
39,14,-3.337393e+003
39,15,-3.337393e+003
39,16,-3.337393e+003
39,17,-3.337393e+003
39,18,-3.337393e+003
39,19,-3.337393e+003
39,20,-3.337393e+003
39,21,-3.337393e+003
39,22,-3.337393e+003
39,23,-3.337393e+003
39,24,-3.337393e+003
39,25,-3.337393e+003
39,26,-3.337393e+003
39,27,-3.337393e+003
39,28,-3.337393e+003
39,29,-3.337393e+003
39,30,-3.337393e+003
39,31,-3.337393e+003
39,32,-3.337393e+003
39,33,-3.337393e+003
39,34,-3.337393e+003
39,35,-3.337393e+003
39,36,-3.337393e+003
39,37,-3.337393e+003
39,38,-3.337393e+003
39,39,-3.337393e+003
39,40,-3.337393e+003
39,41,-3.337393e+003
39,42,-3.337393e+003
39,43,-3.337393e+003
39,44,-3.337393e+003
39,45,-3.337393e+003
39,46,-3.337393e+003
39,47,-3.337393e+003
39,48,-3.337393e+003
39,49,-3.337393e+003
39,50,-3.337398e+003
39,51,-3.337402e+003
39,52,-3.337407e+003
39,53,-3.337412e+003
39,54,-3.337417e+003
39,55,-3.337421e+003
39,56,-3.337424e+003
39,57,-3.337426e+003
39,58,-3.337426e+003
39,59,-3.337427e+003
39,60,-3.337427e+003
39,61,-3.337427e+003
39,62,-3.337428e+003
39,63,-3.337428e+003
39,64,-3.337428e+003
39,65,-3.337428e+003
39,66,-3.337428e+003
39,67,-3.337428e+003
39,68,-3.337428e+003
39,69,-3.337428e+003
39,70,-3.337428e+003
39,71,-3.337428e+003
39,72,-3.337428e+003
39,73,-3.337428e+003
39,74,-3.337428e+003
39,75,-3.337428e+003
39,76,-3.337428e+003
39,77,-3.337428e+003
39,78,-3.337428e+003
39,79,-3.337428e+003
39,80,-3.337428e+003
39,81,-3.337428e+003
39,82,-3.337428e+003
39,83,-3.337428e+003
39,84,-3.337428e+003
39,85,-3.337428e+003
39,86,-3.337428e+003
39,87,-3.337428e+003
39,88,-3.337428e+003
39,89,-3.337428e+003
39,90,-3.337428e+003
39,91,-3.337428e+003
39,92,-3.337428e+003
39,93,-3.337428e+003
39,94,-3.337428e+003
39,95,-3.337428e+003
39,96,-3.337428e+003
40,0,-3.335678e+003
40,1,-3.335678e+003
40,2,-3.335678e+003
40,3,-3.335678e+003
40,4,-3.335678e+003
40,5,-3.335678e+003
40,6,-3.335678e+003
40,7,-3.335678e+003
40,8,-3.335678e+003
40,9,-3.335678e+003
40,10,-3.335678e+003
40,11,-3.335678e+003
40,12,-3.335678e+003
40,13,-3.335678e+003
40,14,-3.335678e+003
40,15,-3.335678e+003
40,16,-3.335678e+003
40,17,-3.335678e+003
40,18,-3.335678e+003
40,19,-3.335678e+003
40,20,-3.335678e+003
40,21,-3.335678e+003
41,0,-3.333776e+003
41,1,-3.333776e+003
41,2,-3.333776e+003
41,3,-3.333776e+003
41,4,-3.333776e+003
41,5,-3.333776e+003
41,6,-3.333776e+003
41,7,-3.333776e+003
41,8,-3.333776e+003
41,9,-3.333776e+003
41,10,-3.333776e+003
41,11,-3.333776e+003
41,12,-3.333776e+003
41,13,-3.333776e+003
41,14,-3.333776e+003
41,15,-3.333776e+003
41,16,-3.333776e+003
41,17,-3.333776e+003
41,18,-3.333776e+003
41,19,-3.333776e+003
41,20,-3.333776e+003
41,21,-3.333776e+003
41,22,-3.333776e+003
41,23,-3.333776e+003
41,24,-3.333776e+003
41,25,-3.333776e+003
41,26,-3.333776e+003
41,27,-3.333776e+003
41,28,-3.333776e+003
41,29,-3.333776e+003
41,30,-3.333776e+003
41,31,-3.333785e+003
41,32,-3.333798e+003
41,33,-3.333806e+003
41,34,-3.333819e+003
41,35,-3.333832e+003
41,36,-3.333838e+003
41,37,-3.333850e+003
41,38,-3.333929e+003
41,39,-3.333932e+003
41,40,-3.333933e+003
41,41,-3.333934e+003
41,42,-3.333934e+003
41,43,-3.333935e+003
41,44,-3.333935e+003
41,45,-3.333935e+003
41,46,-3.333935e+003
41,47,-3.333935e+003
41,48,-3.333935e+003
41,49,-3.333935e+003
41,50,-3.333935e+003
41,51,-3.333935e+003
41,52,-3.333935e+003
41,53,-3.333935e+003
41,54,-3.333935e+003
41,55,-3.333935e+003
41,56,-3.333935e+003
41,57,-3.333935e+003
41,58,-3.333935e+003
41,59,-3.333935e+003
41,60,-3.333935e+003
41,61,-3.333935e+003
41,62,-3.333935e+003
41,63,-3.333935e+003
41,64,-3.333935e+003
41,65,-3.333935e+003
41,66,-3.333935e+003
41,67,-3.333935e+003
41,68,-3.333935e+003
41,69,-3.333935e+003
41,70,-3.333935e+003
41,71,-3.333935e+003
41,72,-3.333935e+003
41,73,-3.333935e+003
41,74,-3.333935e+003
41,75,-3.333935e+003
41,76,-3.333935e+003
41,77,-3.333935e+003
41,78,-3.333936e+003
41,79,-3.333936e+003
41,80,-3.333936e+003
41,81,-3.333936e+003
41,82,-3.333936e+003
41,83,-3.333936e+003
41,84,-3.333936e+003
41,85,-3.333936e+003
41,86,-3.333936e+003
41,87,-3.333936e+003
41,88,-3.333936e+003
41,89,-3.333936e+003
41,90,-3.333936e+003
41,91,-3.333936e+003
41,92,-3.333936e+003
41,93,-3.333936e+003
41,94,-3.333936e+003
41,95,-3.333936e+003
41,96,-3.333936e+003
41,97,-3.333936e+003
41,98,-3.333936e+003
41,99,-3.333936e+003
41,100,-3.333936e+003
41,101,-3.333936e+003
41,102,-3.333936e+003
41,103,-3.333936e+003
41,104,-3.333936e+003
41,105,-3.333936e+003
42,0,-3.331908e+003
42,1,-3.331908e+003
42,2,-3.331908e+003
42,3,-3.331908e+003
42,4,-3.331908e+003
42,5,-3.331908e+003
42,6,-3.331908e+003
42,7,-3.331908e+003
42,8,-3.331908e+003
42,9,-3.331908e+003
42,10,-3.331908e+003
42,11,-3.331908e+003
42,12,-3.331908e+003
42,13,-3.331908e+003
42,14,-3.331908e+003
42,15,-3.331908e+003
42,16,-3.331908e+003
42,17,-3.331908e+003
42,18,-3.331908e+003
42,19,-3.331908e+003
42,20,-3.331908e+003
42,21,-3.331908e+003
43,0,-3.329783e+003
43,1,-3.329783e+003
43,2,-3.329783e+003
43,3,-3.329798e+003
43,4,-3.329814e+003
43,5,-3.329823e+003
43,6,-3.329853e+003
43,7,-3.329871e+003
43,8,-3.329879e+003
43,9,-3.329883e+003
43,10,-3.329888e+003
43,11,-3.329891e+003
43,12,-3.329892e+003
43,13,-3.329893e+003
43,14,-3.329893e+003
43,15,-3.329893e+003
43,16,-3.329893e+003
43,17,-3.329893e+003
43,18,-3.329893e+003
43,19,-3.329894e+003
43,20,-3.329894e+003
43,21,-3.329894e+003
43,22,-3.329894e+003
43,23,-3.329894e+003
43,24,-3.329894e+003
43,25,-3.329894e+003
43,26,-3.329894e+003
43,27,-3.329894e+003
43,28,-3.329894e+003
43,29,-3.329894e+003
43,30,-3.329894e+003
43,31,-3.329894e+003
43,32,-3.329894e+003
43,33,-3.329894e+003
43,34,-3.329894e+003
43,35,-3.329894e+003
43,36,-3.329894e+003
43,37,-3.329894e+003
43,38,-3.329894e+003
43,39,-3.329894e+003
43,40,-3.329894e+003
43,41,-3.329894e+003
43,42,-3.329894e+003
43,43,-3.329894e+003
43,44,-3.329894e+003
43,45,-3.329894e+003
43,46,-3.329894e+003
43,47,-3.329894e+003
43,48,-3.329894e+003
43,49,-3.329894e+003
43,50,-3.329894e+003
43,51,-3.329894e+003
43,52,-3.329894e+003
43,53,-3.329894e+003
43,54,-3.329894e+003
43,55,-3.329894e+003
43,56,-3.329894e+003
43,57,-3.329894e+003
43,58,-3.329894e+003
43,59,-3.329894e+003
43,60,-3.329894e+003
43,61,-3.329894e+003
43,62,-3.329894e+003
43,63,-3.329894e+003
43,64,-3.329894e+003
43,65,-3.329894e+003
43,66,-3.329894e+003
43,67,-3.329894e+003
43,68,-3.329894e+003
43,69,-3.329894e+003
43,70,-3.329894e+003
43,71,-3.329894e+003
43,72,-3.329894e+003
43,73,-3.329894e+003
43,74,-3.329894e+003
43,75,-3.329894e+003
43,76,-3.329894e+003
43,77,-3.329894e+003
43,78,-3.329894e+003
43,79,-3.329894e+003
43,80,-3.329894e+003
43,81,-3.329894e+003
43,82,-3.329894e+003
43,83,-3.329894e+003
43,84,-3.329894e+003
43,85,-3.329894e+003
43,86,-3.329894e+003
43,87,-3.329894e+003
43,88,-3.329894e+003
43,89,-3.329894e+003
43,90,-3.329894e+003
43,91,-3.329894e+003
43,92,-3.329894e+003
44,0,-3.327956e+003
44,1,-3.327956e+003
44,2,-3.327956e+003
44,3,-3.327956e+003
44,4,-3.327956e+003
44,5,-3.327956e+003
44,6,-3.327956e+003
44,7,-3.327956e+003
44,8,-3.327956e+003
44,9,-3.327956e+003
44,10,-3.327959e+003
44,11,-3.327963e+003
44,12,-3.327965e+003
44,13,-3.327971e+003
44,14,-3.327977e+003
44,15,-3.327979e+003
44,16,-3.327980e+003
44,17,-3.327981e+003
44,18,-3.327981e+003
44,19,-3.327981e+003
44,20,-3.327981e+003
44,21,-3.327981e+003
44,22,-3.327981e+003
44,23,-3.327981e+003
44,24,-3.327981e+003
44,25,-3.327981e+003
44,26,-3.327982e+003
44,27,-3.327982e+003
44,28,-3.327982e+003
44,29,-3.327982e+003
44,30,-3.327982e+003
44,31,-3.327982e+003
44,32,-3.327982e+003
44,33,-3.327982e+003
44,34,-3.327982e+003
44,35,-3.327982e+003
44,36,-3.327982e+003
44,37,-3.327982e+003
44,38,-3.327982e+003
44,39,-3.327982e+003
44,40,-3.327982e+003
44,41,-3.327982e+003
44,42,-3.327982e+003
44,43,-3.327982e+003
44,44,-3.327982e+003
44,45,-3.327982e+003
44,46,-3.327982e+003
44,47,-3.327982e+003
44,48,-3.327982e+003
44,49,-3.327982e+003
44,50,-3.327982e+003
44,51,-3.327982e+003
44,52,-3.327982e+003
44,53,-3.327982e+003
44,54,-3.327982e+003
44,55,-3.327982e+003
44,56,-3.327982e+003
44,57,-3.327982e+003
44,58,-3.327982e+003
44,59,-3.327982e+003
44,60,-3.327982e+003
44,61,-3.327982e+003
44,62,-3.327982e+003
44,63,-3.327982e+003
44,64,-3.327982e+003
44,65,-3.327982e+003
44,66,-3.327982e+003
44,67,-3.327982e+003
44,68,-3.327982e+003
44,69,-3.327982e+003
44,70,-3.327982e+003
44,71,-3.327982e+003
44,72,-3.327982e+003
44,73,-3.327982e+003
44,74,-3.327982e+003
44,75,-3.327982e+003
44,76,-3.327982e+003
44,77,-3.327982e+003
44,78,-3.327982e+003
44,79,-3.327982e+003
44,80,-3.327982e+003
44,81,-3.327982e+003
44,82,-3.327982e+003
44,83,-3.327982e+003
44,84,-3.327982e+003
44,85,-3.327982e+003
44,86,-3.327982e+003
44,87,-3.327982e+003
44,88,-3.327982e+003
44,89,-3.327982e+003
44,90,-3.327982e+003
44,91,-3.327982e+003
44,92,-3.327982e+003
44,93,-3.327982e+003
44,94,-3.327982e+003
45,0,-3.326551e+003
45,1,-3.326551e+003
45,2,-3.326551e+003
45,3,-3.326551e+003
45,4,-3.326551e+003
45,5,-3.326551e+003
45,6,-3.326551e+003
45,7,-3.326551e+003
45,8,-3.326551e+003
45,9,-3.326551e+003
45,10,-3.326551e+003
45,11,-3.326551e+003
45,12,-3.326551e+003
45,13,-3.326551e+003
45,14,-3.326551e+003
45,15,-3.326553e+003
45,16,-3.326556e+003
45,17,-3.326558e+003
45,18,-3.326563e+003
45,19,-3.326567e+003
45,20,-3.326569e+003
45,21,-3.326569e+003
45,22,-3.326570e+003
45,23,-3.326570e+003
45,24,-3.326570e+003
45,25,-3.326570e+003
45,26,-3.326571e+003
45,27,-3.326571e+003
45,28,-3.326571e+003
45,29,-3.326571e+003
45,30,-3.326571e+003
45,31,-3.326571e+003
45,32,-3.326571e+003
45,33,-3.326571e+003
45,34,-3.326571e+003
45,35,-3.326571e+003
45,36,-3.326571e+003
45,37,-3.326571e+003
45,38,-3.326571e+003
45,39,-3.326571e+003
45,40,-3.326571e+003
45,41,-3.326571e+003
45,42,-3.326571e+003
45,43,-3.326571e+003
45,44,-3.326571e+003
45,45,-3.326571e+003
45,46,-3.326571e+003
45,47,-3.326571e+003
45,48,-3.326571e+003
45,49,-3.326571e+003
45,50,-3.326571e+003
45,51,-3.326571e+003
45,52,-3.326571e+003
45,53,-3.326571e+003
45,54,-3.326571e+003
45,55,-3.326571e+003
45,56,-3.326571e+003
45,57,-3.326571e+003
45,58,-3.326571e+003
45,59,-3.326571e+003
45,60,-3.326571e+003
45,61,-3.326571e+003
45,62,-3.326571e+003
45,63,-3.326571e+003
45,64,-3.326571e+003
45,65,-3.326571e+003
45,66,-3.326571e+003
45,67,-3.326571e+003
45,68,-3.326571e+003
45,69,-3.326571e+003
45,70,-3.326571e+003
45,71,-3.326571e+003
45,72,-3.326571e+003
45,73,-3.326571e+003
45,74,-3.326571e+003
45,75,-3.326571e+003
45,76,-3.326571e+003
45,77,-3.326571e+003
45,78,-3.326571e+003
45,79,-3.326571e+003
45,80,-3.326571e+003
45,81,-3.326571e+003
45,82,-3.326571e+003
45,83,-3.326571e+003
45,84,-3.326571e+003
45,85,-3.326571e+003
45,86,-3.326571e+003
45,87,-3.326571e+003
45,88,-3.326571e+003
45,89,-3.326571e+003
45,90,-3.326571e+003
45,91,-3.326571e+003
45,92,-3.326571e+003
45,93,-3.326571e+003
45,94,-3.326571e+003
45,95,-3.326571e+003
45,96,-3.326571e+003
45,97,-3.326571e+003
46,0,-3.325457e+003
46,1,-3.325457e+003
46,2,-3.325457e+003
46,3,-3.325457e+003
46,4,-3.325457e+003
46,5,-3.325457e+003
46,6,-3.325457e+003
46,7,-3.325457e+003
46,8,-3.325457e+003
46,9,-3.325457e+003
46,10,-3.325457e+003
46,11,-3.325457e+003
46,12,-3.325457e+003
46,13,-3.325457e+003
46,14,-3.325457e+003
46,15,-3.325457e+003
46,16,-3.325457e+003
46,17,-3.325458e+003
46,18,-3.325460e+003
46,19,-3.325462e+003
46,20,-3.325464e+003
46,21,-3.325466e+003
46,22,-3.325467e+003
46,23,-3.325468e+003
46,24,-3.325469e+003
46,25,-3.325469e+003
46,26,-3.325469e+003
46,27,-3.325469e+003
46,28,-3.325469e+003
46,29,-3.325469e+003
46,30,-3.325469e+003
46,31,-3.325469e+003
46,32,-3.325469e+003
46,33,-3.325469e+003
46,34,-3.325469e+003
46,35,-3.325469e+003
46,36,-3.325469e+003
46,37,-3.325469e+003
46,38,-3.325469e+003
46,39,-3.325393e+003
46,40,-3.325393e+003
46,41,-3.325393e+003
46,42,-3.325393e+003
46,43,-3.325393e+003
46,44,-3.325393e+003
46,45,-3.325393e+003
46,46,-3.325393e+003
46,47,-3.325393e+003
46,48,-3.325394e+003
46,49,-3.325394e+003
46,50,-3.325394e+003
46,51,-3.325394e+003
46,52,-3.325394e+003
46,53,-3.325394e+003
46,54,-3.325394e+003
46,55,-3.325394e+003
46,56,-3.325394e+003
46,57,-3.325394e+003
46,58,-3.325394e+003
46,59,-3.325394e+003
46,60,-3.325394e+003
46,61,-3.325394e+003
46,62,-3.325394e+003
46,63,-3.325394e+003
46,64,-3.325394e+003
46,65,-3.325394e+003
46,66,-3.325394e+003
46,67,-3.325394e+003
46,68,-3.325394e+003
46,69,-3.325394e+003
46,70,-3.325394e+003
46,71,-3.325394e+003
46,72,-3.325394e+003
46,73,-3.325394e+003
46,74,-3.325394e+003
46,75,-3.325394e+003
46,76,-3.325394e+003
46,77,-3.325394e+003
46,78,-3.325394e+003
46,79,-3.325394e+003
46,80,-3.325394e+003
46,81,-3.325394e+003
46,82,-3.325394e+003
46,83,-3.325394e+003
46,84,-3.325394e+003
46,85,-3.325394e+003
46,86,-3.325394e+003
46,87,-3.325394e+003
46,88,-3.325394e+003
46,89,-3.325394e+003
46,90,-3.325394e+003
46,91,-3.325394e+003
46,92,-3.325394e+003
46,93,-3.325394e+003
46,94,-3.325394e+003
46,95,-3.325394e+003
46,96,-3.325394e+003
46,97,-3.325394e+003
46,98,-3.325394e+003
46,99,-3.325394e+003
46,100,-3.325394e+003
47,0,-3.324887e+003
47,1,-3.324887e+003
47,2,-3.324887e+003
47,3,-3.324887e+003
47,4,-3.324887e+003
47,5,-3.324887e+003
47,6,-3.324887e+003
47,7,-3.324887e+003
47,8,-3.324887e+003
47,9,-3.324887e+003
47,10,-3.324887e+003
47,11,-3.324887e+003
47,12,-3.324887e+003
47,13,-3.324887e+003
47,14,-3.324887e+003
47,15,-3.324887e+003
47,16,-3.324888e+003
47,17,-3.324889e+003
47,18,-3.324890e+003
47,19,-3.324891e+003
47,20,-3.324892e+003
47,21,-3.324892e+003
47,22,-3.324892e+003
47,23,-3.324900e+003
47,24,-3.324900e+003
47,25,-3.324900e+003
47,26,-3.324900e+003
47,27,-3.324900e+003
47,28,-3.324900e+003
47,29,-3.324900e+003
47,30,-3.324900e+003
47,31,-3.324900e+003
47,32,-3.324900e+003
47,33,-3.324900e+003
47,34,-3.324900e+003
47,35,-3.324900e+003
47,36,-3.324900e+003
47,37,-3.324900e+003
47,38,-3.324900e+003
47,39,-3.324900e+003
47,40,-3.324900e+003
47,41,-3.324900e+003
47,42,-3.324900e+003
47,43,-3.324900e+003
47,44,-3.324900e+003
47,45,-3.324900e+003
47,46,-3.324900e+003
47,47,-3.324900e+003
47,48,-3.324900e+003
47,49,-3.324900e+003
47,50,-3.324900e+003
47,51,-3.324900e+003
47,52,-3.324900e+003
47,53,-3.324900e+003
47,54,-3.324900e+003
47,55,-3.324900e+003
47,56,-3.324900e+003
47,57,-3.324901e+003
47,58,-3.324901e+003
47,59,-3.324901e+003
47,60,-3.324901e+003
47,61,-3.324901e+003
47,62,-3.324901e+003
47,63,-3.324901e+003
47,64,-3.324901e+003
47,65,-3.324901e+003
47,66,-3.324901e+003
47,67,-3.324901e+003
47,68,-3.324901e+003
47,69,-3.324901e+003
47,70,-3.324901e+003
47,71,-3.324901e+003
48,0,-3.325051e+003
48,1,-3.325051e+003
48,2,-3.325051e+003
48,3,-3.325051e+003
48,4,-3.325051e+003
48,5,-3.325051e+003
48,6,-3.325051e+003
48,7,-3.325051e+003
48,8,-3.325051e+003
48,9,-3.325051e+003
48,10,-3.325051e+003
48,11,-3.325051e+003
48,12,-3.325051e+003
48,13,-3.325051e+003
48,14,-3.325051e+003
48,15,-3.325051e+003
48,16,-3.325051e+003
48,17,-3.325051e+003
48,18,-3.325051e+003
48,19,-3.325051e+003
48,20,-3.325051e+003
48,21,-3.325051e+003
48,22,-3.325051e+003
48,23,-3.325051e+003
48,24,-3.325051e+003
48,25,-3.325051e+003
48,26,-3.325051e+003
48,27,-3.325051e+003
48,28,-3.325051e+003
48,29,-3.325051e+003
48,30,-3.325051e+003
48,31,-3.325051e+003
48,32,-3.325051e+003
48,33,-3.325051e+003
48,34,-3.325051e+003
48,35,-3.325051e+003
48,36,-3.325051e+003
48,37,-3.325051e+003
48,38,-3.325051e+003
48,39,-3.325051e+003
48,40,-3.325051e+003
48,41,-3.325051e+003
48,42,-3.325051e+003
48,43,-3.325051e+003
48,44,-3.325052e+003
48,45,-3.325053e+003
48,46,-3.325054e+003
48,47,-3.325055e+003
48,48,-3.325055e+003
48,49,-3.325055e+003
48,50,-3.325056e+003
48,51,-3.325056e+003
48,52,-3.325056e+003
48,53,-3.325056e+003
48,54,-3.325056e+003
48,55,-3.325056e+003
48,56,-3.325056e+003
48,57,-3.325056e+003
48,58,-3.325056e+003
48,59,-3.325056e+003
48,60,-3.325056e+003
48,61,-3.325056e+003
48,62,-3.325056e+003
48,63,-3.325056e+003
48,64,-3.325056e+003
48,65,-3.325056e+003
48,66,-3.325056e+003
48,67,-3.325056e+003
48,68,-3.325056e+003
48,69,-3.325056e+003
48,70,-3.325056e+003
48,71,-3.325056e+003
48,72,-3.325056e+003
48,73,-3.325056e+003
48,74,-3.325056e+003
48,75,-3.325056e+003
48,76,-3.325056e+003
48,77,-3.325056e+003
48,78,-3.325056e+003
48,79,-3.325056e+003
48,80,-3.325056e+003
48,81,-3.325056e+003
48,82,-3.325056e+003
48,83,-3.325056e+003
48,84,-3.325056e+003
48,85,-3.325056e+003
48,86,-3.325056e+003
48,87,-3.325056e+003
48,88,-3.325056e+003
48,89,-3.325056e+003
48,90,-3.325056e+003
48,91,-3.325056e+003
48,92,-3.325056e+003
48,93,-3.325056e+003
48,94,-3.325056e+003
48,95,-3.325056e+003
48,96,-3.325057e+003
48,97,-3.325057e+003
48,98,-3.325057e+003
48,99,-3.325057e+003
48,100,-3.325057e+003
48,101,-3.325057e+003
48,102,-3.325057e+003
48,103,-3.325057e+003
48,104,-3.325057e+003
48,105,-3.325057e+003
48,106,-3.325057e+003
48,107,-3.325057e+003
48,108,-3.325057e+003
48,109,-3.325057e+003
48,110,-3.325057e+003
48,111,-3.325057e+003
49,0,-3.325838e+003
49,1,-3.325838e+003
49,2,-3.325838e+003
49,3,-3.325838e+003
49,4,-3.325838e+003
49,5,-3.325838e+003
49,6,-3.325838e+003
49,7,-3.325838e+003
49,8,-3.325838e+003
49,9,-3.325838e+003
49,10,-3.325838e+003
49,11,-3.325838e+003
49,12,-3.325838e+003
49,13,-3.325838e+003
49,14,-3.325838e+003
49,15,-3.325838e+003
49,16,-3.325838e+003
49,17,-3.325838e+003
49,18,-3.325838e+003
49,19,-3.325838e+003
49,20,-3.325838e+003
49,21,-3.325838e+003
49,22,-3.325838e+003
49,23,-3.325838e+003
49,24,-3.325838e+003
49,25,-3.325838e+003
49,26,-3.325838e+003
49,27,-3.325838e+003
49,28,-3.325838e+003
49,29,-3.325838e+003
49,30,-3.325838e+003
49,31,-3.325838e+003
49,32,-3.325840e+003
49,33,-3.325842e+003
49,34,-3.325843e+003
49,35,-3.325844e+003
49,36,-3.325914e+003
49,37,-3.325914e+003
49,38,-3.325914e+003
49,39,-3.325915e+003
49,40,-3.325915e+003
49,41,-3.325915e+003
49,42,-3.325915e+003
49,43,-3.325915e+003
49,44,-3.325915e+003
49,45,-3.325915e+003
49,46,-3.325916e+003
49,47,-3.325916e+003
49,48,-3.325916e+003
49,49,-3.325916e+003
49,50,-3.325916e+003
49,51,-3.325916e+003
49,52,-3.325916e+003
49,53,-3.325916e+003
49,54,-3.325916e+003
49,55,-3.325916e+003
49,56,-3.325916e+003
49,57,-3.325916e+003
49,58,-3.325916e+003
49,59,-3.325916e+003
49,60,-3.325916e+003
49,61,-3.325916e+003
49,62,-3.325916e+003
49,63,-3.325916e+003
49,64,-3.325916e+003
49,65,-3.325916e+003
49,66,-3.325916e+003
49,67,-3.325916e+003
49,68,-3.325916e+003
49,69,-3.325916e+003
49,70,-3.325916e+003
49,71,-3.325916e+003
49,72,-3.325916e+003
49,73,-3.325916e+003
49,74,-3.325916e+003
49,75,-3.325916e+003
49,76,-3.325916e+003
49,77,-3.325916e+003
49,78,-3.325916e+003
49,79,-3.325916e+003
49,80,-3.325916e+003
49,81,-3.325916e+003
49,82,-3.325916e+003
49,83,-3.325916e+003
49,84,-3.325916e+003
49,85,-3.325916e+003
49,86,-3.325916e+003
49,87,-3.325916e+003
49,88,-3.325916e+003
49,89,-3.325916e+003
49,90,-3.325916e+003
49,91,-3.325916e+003
49,92,-3.325916e+003
49,93,-3.325916e+003
49,94,-3.325916e+003
49,95,-3.325916e+003
49,96,-3.325916e+003
49,97,-3.325916e+003
49,98,-3.325916e+003
49,99,-3.325916e+003
50,0,-3.327413e+003
50,1,-3.327413e+003
50,2,-3.327413e+003
50,3,-3.327413e+003
50,4,-3.327413e+003
50,5,-3.327413e+003
50,6,-3.327413e+003
50,7,-3.327413e+003
50,8,-3.327413e+003
50,9,-3.327413e+003
50,10,-3.327413e+003
50,11,-3.327413e+003
50,12,-3.327413e+003
50,13,-3.327413e+003
50,14,-3.327413e+003
50,15,-3.327413e+003
50,16,-3.327413e+003
50,17,-3.327413e+003
50,18,-3.327413e+003
50,19,-3.327413e+003
50,20,-3.327413e+003
50,21,-3.327413e+003
51,0,-3.328940e+003
51,1,-3.328940e+003
51,2,-3.328940e+003
51,3,-3.328940e+003
51,4,-3.328940e+003
51,5,-3.328940e+003
51,6,-3.328940e+003
51,7,-3.328940e+003
51,8,-3.328940e+003
51,9,-3.328940e+003
51,10,-3.328949e+003
51,11,-3.328961e+003
51,12,-3.328969e+003
51,13,-3.328980e+003
51,14,-3.328991e+003
51,15,-3.328996e+003
51,16,-3.329000e+003
51,17,-3.329004e+003
51,18,-3.329006e+003
51,19,-3.329007e+003
51,20,-3.329008e+003
51,21,-3.329008e+003
51,22,-3.329008e+003
51,23,-3.329009e+003
51,24,-3.329009e+003
51,25,-3.329009e+003
51,26,-3.329009e+003
51,27,-3.329009e+003
51,28,-3.329009e+003
51,29,-3.329009e+003
51,30,-3.329009e+003
51,31,-3.329009e+003
51,32,-3.329009e+003
51,33,-3.329009e+003
51,34,-3.329009e+003
51,35,-3.329009e+003
51,36,-3.329009e+003
51,37,-3.329009e+003
51,38,-3.329009e+003
51,39,-3.329009e+003
51,40,-3.329009e+003
51,41,-3.329009e+003
51,42,-3.329009e+003
51,43,-3.329009e+003
51,44,-3.329009e+003
51,45,-3.329009e+003
51,46,-3.329009e+003
51,47,-3.329009e+003
51,48,-3.329009e+003
51,49,-3.329009e+003
51,50,-3.329009e+003
51,51,-3.329009e+003
51,52,-3.329009e+003
51,53,-3.329009e+003
51,54,-3.329009e+003
51,55,-3.329009e+003
51,56,-3.329009e+003
51,57,-3.329009e+003
51,58,-3.329009e+003
51,59,-3.329009e+003
51,60,-3.329009e+003
51,61,-3.329009e+003
51,62,-3.329009e+003
51,63,-3.329009e+003
51,64,-3.329009e+003
51,65,-3.329009e+003
51,66,-3.329009e+003
51,67,-3.329009e+003
51,68,-3.329009e+003
51,69,-3.329009e+003
51,70,-3.329009e+003
51,71,-3.329009e+003
51,72,-3.329009e+003
51,73,-3.329009e+003
51,74,-3.329009e+003
51,75,-3.329009e+003
51,76,-3.329009e+003
51,77,-3.329009e+003
51,78,-3.329009e+003
51,79,-3.329009e+003
51,80,-3.329009e+003
51,81,-3.329009e+003
51,82,-3.329009e+003
52,0,-3.330964e+003
52,1,-3.330964e+003
52,2,-3.330964e+003
52,3,-3.330964e+003
52,4,-3.330964e+003
52,5,-3.330964e+003
52,6,-3.330964e+003
52,7,-3.330964e+003
52,8,-3.330964e+003
52,9,-3.330964e+003
52,10,-3.330964e+003
52,11,-3.330964e+003
52,12,-3.330964e+003
52,13,-3.330964e+003
52,14,-3.330964e+003
52,15,-3.330964e+003
52,16,-3.330964e+003
52,17,-3.330964e+003
52,18,-3.330964e+003
52,19,-3.330964e+003
52,20,-3.330964e+003
52,21,-3.330964e+003
52,22,-3.330964e+003
52,23,-3.330964e+003
52,24,-3.330964e+003
52,25,-3.330964e+003
52,26,-3.330964e+003
52,27,-3.330967e+003
52,28,-3.330971e+003
52,29,-3.330973e+003
52,30,-3.330979e+003
52,31,-3.330984e+003
52,32,-3.330986e+003
52,33,-3.330988e+003
52,34,-3.330989e+003
52,35,-3.330989e+003
52,36,-3.330990e+003
52,37,-3.330990e+003
52,38,-3.330990e+003
52,39,-3.330990e+003
52,40,-3.330990e+003
52,41,-3.330990e+003
52,42,-3.330990e+003
52,43,-3.330990e+003
52,44,-3.330990e+003
52,45,-3.330990e+003
52,46,-3.330990e+003
52,47,-3.330990e+003
52,48,-3.330990e+003
52,49,-3.330990e+003
52,50,-3.330990e+003
52,51,-3.330990e+003
52,52,-3.330990e+003
52,53,-3.330990e+003
52,54,-3.330990e+003
52,55,-3.330990e+003
52,56,-3.330990e+003
52,57,-3.330990e+003
52,58,-3.330990e+003
52,59,-3.330990e+003
52,60,-3.330990e+003
52,61,-3.330990e+003
52,62,-3.330990e+003
52,63,-3.330990e+003
52,64,-3.330990e+003
52,65,-3.330990e+003
53,0,-3.332985e+003
53,1,-3.332985e+003
53,2,-3.332985e+003
53,3,-3.332985e+003
53,4,-3.332985e+003
53,5,-3.332985e+003
53,6,-3.332985e+003
53,7,-3.332985e+003
53,8,-3.332985e+003
53,9,-3.332985e+003
53,10,-3.332985e+003
53,11,-3.332985e+003
53,12,-3.332985e+003
53,13,-3.332985e+003
53,14,-3.332985e+003
53,15,-3.332985e+003
53,16,-3.332985e+003
53,17,-3.332985e+003
53,18,-3.332985e+003
53,19,-3.332985e+003
53,20,-3.332985e+003
53,21,-3.332985e+003
53,22,-3.332985e+003
53,23,-3.332985e+003
53,24,-3.332985e+003
53,25,-3.332985e+003
53,26,-3.332985e+003
53,27,-3.332985e+003
53,28,-3.332985e+003
53,29,-3.332985e+003
53,30,-3.332985e+003
53,31,-3.332985e+003
53,32,-3.332985e+003
53,33,-3.332985e+003
53,34,-3.332985e+003
53,35,-3.332985e+003
53,36,-3.332985e+003
53,37,-3.332985e+003
53,38,-3.332985e+003
53,39,-3.332985e+003
53,40,-3.332985e+003
53,41,-3.332985e+003
53,42,-3.332985e+003
53,43,-3.332985e+003
53,44,-3.332985e+003
53,45,-3.332985e+003
53,46,-3.332985e+003
53,47,-3.332985e+003
53,48,-3.332985e+003
53,49,-3.332985e+003
53,50,-3.332985e+003
53,51,-3.332985e+003
53,52,-3.332985e+003
53,53,-3.332985e+003
53,54,-3.332985e+003
53,55,-3.332985e+003
53,56,-3.332985e+003
53,57,-3.332985e+003
53,58,-3.332985e+003
53,59,-3.332985e+003
53,60,-3.332985e+003
53,61,-3.332988e+003
53,62,-3.332991e+003
53,63,-3.332995e+003
53,64,-3.332999e+003
53,65,-3.333004e+003
53,66,-3.333008e+003
53,67,-3.333009e+003
53,68,-3.333010e+003
53,69,-3.333011e+003
53,70,-3.333012e+003
53,71,-3.333012e+003
53,72,-3.333012e+003
53,73,-3.333012e+003
53,74,-3.333012e+003
53,75,-3.333012e+003
53,76,-3.333012e+003
53,77,-3.333012e+003
53,78,-3.333012e+003
53,79,-3.333012e+003
53,80,-3.333012e+003
53,81,-3.333012e+003
53,82,-3.333012e+003
53,83,-3.333012e+003
53,84,-3.333012e+003
53,85,-3.333012e+003
54,0,-3.334898e+003
54,1,-3.334898e+003
54,2,-3.334898e+003
54,3,-3.334898e+003
54,4,-3.334898e+003
54,5,-3.334898e+003
54,6,-3.334898e+003
54,7,-3.334898e+003
54,8,-3.334898e+003
54,9,-3.334898e+003
54,10,-3.334898e+003
54,11,-3.334898e+003
54,12,-3.334898e+003
54,13,-3.334898e+003
54,14,-3.334898e+003
54,15,-3.334898e+003
54,16,-3.334898e+003
54,17,-3.334898e+003
54,18,-3.334898e+003
54,19,-3.334898e+003
54,20,-3.334898e+003
54,21,-3.334898e+003
54,22,-3.334898e+003
54,23,-3.334898e+003
54,24,-3.334898e+003
54,25,-3.334898e+003
54,26,-3.334898e+003
54,27,-3.334898e+003
54,28,-3.334898e+003
54,29,-3.334898e+003
54,30,-3.334898e+003
54,31,-3.334898e+003
54,32,-3.334898e+003
54,33,-3.334898e+003
54,34,-3.334898e+003
54,35,-3.334898e+003
54,36,-3.334898e+003
54,37,-3.334898e+003
54,38,-3.334898e+003
54,39,-3.334898e+003
54,40,-3.334898e+003
54,41,-3.334898e+003
54,42,-3.334898e+003
54,43,-3.334898e+003
54,44,-3.334898e+003
54,45,-3.334898e+003
54,46,-3.334898e+003
54,47,-3.334898e+003
54,48,-3.334898e+003
54,49,-3.334898e+003
54,50,-3.334898e+003
54,51,-3.334898e+003
54,52,-3.334898e+003
54,53,-3.334898e+003
54,54,-3.334898e+003
54,55,-3.334898e+003
54,56,-3.334898e+003
54,57,-3.334898e+003
54,58,-3.334898e+003
54,59,-3.334898e+003
54,60,-3.334898e+003
54,61,-3.334898e+003
54,62,-3.334898e+003
54,63,-3.334898e+003
54,64,-3.334898e+003
54,65,-3.334898e+003
54,66,-3.334898e+003
54,67,-3.334898e+003
54,68,-3.334898e+003
54,69,-3.334898e+003
54,70,-3.334898e+003
54,71,-3.334898e+003
54,72,-3.334898e+003
54,73,-3.334898e+003
54,74,-3.334898e+003
54,75,-3.334901e+003
54,76,-3.334903e+003
54,77,-3.334907e+003
54,78,-3.334911e+003
54,79,-3.334915e+003
54,80,-3.334919e+003
54,81,-3.334920e+003
54,82,-3.334921e+003
54,83,-3.334921e+003
54,84,-3.334922e+003
54,85,-3.334922e+003
54,86,-3.334922e+003
54,87,-3.334922e+003
54,88,-3.334922e+003
54,89,-3.334922e+003
54,90,-3.334922e+003
54,91,-3.334922e+003
54,92,-3.334922e+003
54,93,-3.334922e+003
54,94,-3.334922e+003
54,95,-3.334922e+003
54,96,-3.334922e+003
54,97,-3.334922e+003
54,98,-3.334922e+003
54,99,-3.334922e+003
54,100,-3.334922e+003
54,101,-3.334922e+003
54,102,-3.334922e+003
54,103,-3.334922e+003
54,104,-3.334922e+003
54,105,-3.334922e+003
54,106,-3.334922e+003
54,107,-3.334922e+003
54,108,-3.334922e+003
54,109,-3.334922e+003
54,110,-3.334922e+003
54,111,-3.334922e+003
55,0,-3.336591e+003
55,1,-3.336591e+003
55,2,-3.336591e+003
55,3,-3.336591e+003
55,4,-3.336591e+003
55,5,-3.336591e+003
55,6,-3.336591e+003
55,7,-3.336591e+003
55,8,-3.336591e+003
55,9,-3.336591e+003
55,10,-3.336591e+003
55,11,-3.336591e+003
55,12,-3.336591e+003
55,13,-3.336591e+003
55,14,-3.336591e+003
55,15,-3.336591e+003
55,16,-3.336591e+003
55,17,-3.336591e+003
55,18,-3.336591e+003
55,19,-3.336591e+003
55,20,-3.336591e+003
55,21,-3.336591e+003
56,0,-3.337783e+003
56,1,-3.337783e+003
56,2,-3.337783e+003
56,3,-3.337783e+003
56,4,-3.337783e+003
56,5,-3.337783e+003
56,6,-3.337783e+003
56,7,-3.337783e+003
56,8,-3.337783e+003
56,9,-3.337783e+003
56,10,-3.337783e+003
56,11,-3.337783e+003
56,12,-3.337783e+003
56,13,-3.337783e+003
56,14,-3.337783e+003
56,15,-3.337783e+003
56,16,-3.337783e+003
56,17,-3.337783e+003
56,18,-3.337783e+003
56,19,-3.337783e+003
56,20,-3.337783e+003
56,21,-3.337783e+003
57,0,-3.338850e+003
57,1,-3.338850e+003
57,2,-3.338850e+003
57,3,-3.338850e+003
57,4,-3.338850e+003
57,5,-3.338850e+003
57,6,-3.338850e+003
57,7,-3.338850e+003
57,8,-3.338850e+003
57,9,-3.338850e+003
57,10,-3.338850e+003
57,11,-3.338850e+003
57,12,-3.338850e+003
57,13,-3.338850e+003
57,14,-3.338850e+003
57,15,-3.338850e+003
57,16,-3.338850e+003
57,17,-3.338850e+003
57,18,-3.338850e+003
57,19,-3.338863e+003
57,20,-3.338878e+003
57,21,-3.338883e+003
57,22,-3.338832e+003
57,23,-3.338863e+003
57,24,-3.338876e+003
57,25,-3.338880e+003
57,26,-3.338883e+003
57,27,-3.338885e+003
57,28,-3.338886e+003
57,29,-3.338886e+003
57,30,-3.338887e+003
57,31,-3.338887e+003
57,32,-3.338887e+003
57,33,-3.338887e+003
57,34,-3.338887e+003
57,35,-3.338887e+003
57,36,-3.338887e+003
57,37,-3.338887e+003
57,38,-3.338887e+003
57,39,-3.338887e+003
57,40,-3.338887e+003
57,41,-3.338887e+003
57,42,-3.338887e+003
57,43,-3.338887e+003
57,44,-3.338887e+003
57,45,-3.338887e+003
57,46,-3.338887e+003
57,47,-3.338887e+003
57,48,-3.338887e+003
58,0,-3.339721e+003
58,1,-3.339721e+003
58,2,-3.339721e+003
58,3,-3.339721e+003
58,4,-3.339721e+003
58,5,-3.339721e+003
58,6,-3.339721e+003
58,7,-3.339721e+003
58,8,-3.339721e+003
58,9,-3.339721e+003
58,10,-3.339721e+003
58,11,-3.339721e+003
58,12,-3.339721e+003
58,13,-3.339721e+003
58,14,-3.339721e+003
58,15,-3.339721e+003
58,16,-3.339721e+003
58,17,-3.339721e+003
58,18,-3.339721e+003
58,19,-3.339721e+003
58,20,-3.339721e+003
58,21,-3.339721e+003
58,22,-3.339721e+003
58,23,-3.339721e+003
58,24,-3.339721e+003
58,25,-3.339721e+003
58,26,-3.339721e+003
58,27,-3.339721e+003
58,28,-3.339721e+003
58,29,-3.339721e+003
58,30,-3.339721e+003
58,31,-3.339721e+003
58,32,-3.339721e+003
58,33,-3.339721e+003
58,34,-3.339721e+003
58,35,-3.339721e+003
58,36,-3.339721e+003
58,37,-3.339721e+003
58,38,-3.339721e+003
58,39,-3.339721e+003
58,40,-3.339721e+003
58,41,-3.339721e+003
58,42,-3.339721e+003
58,43,-3.339721e+003
58,44,-3.339721e+003
58,45,-3.339721e+003
58,46,-3.339721e+003
58,47,-3.339721e+003
58,48,-3.339721e+003
58,49,-3.339721e+003
58,50,-3.339721e+003
58,51,-3.339721e+003
58,52,-3.339721e+003
58,53,-3.339721e+003
58,54,-3.339721e+003
58,55,-3.339721e+003
58,56,-3.339721e+003
58,57,-3.339721e+003
58,58,-3.339721e+003
58,59,-3.339721e+003
58,60,-3.339721e+003
58,61,-3.339721e+003
58,62,-3.339721e+003
58,63,-3.339721e+003
58,64,-3.339721e+003
58,65,-3.339721e+003
58,66,-3.339721e+003
58,67,-3.339721e+003
58,68,-3.339721e+003
58,69,-3.339721e+003
58,70,-3.339722e+003
58,71,-3.339723e+003
58,72,-3.339723e+003
58,73,-3.339724e+003
58,74,-3.339725e+003
58,75,-3.339725e+003
58,76,-3.339725e+003
58,77,-3.339726e+003
58,78,-3.339726e+003
58,79,-3.339726e+003
58,80,-3.339726e+003
58,81,-3.339726e+003
58,82,-3.339726e+003
58,83,-3.339726e+003
58,84,-3.339726e+003
58,85,-3.339726e+003
58,86,-3.339726e+003
58,87,-3.339726e+003
58,88,-3.339726e+003
58,89,-3.339726e+003
58,90,-3.339726e+003
58,91,-3.339726e+003
58,92,-3.339726e+003
58,93,-3.339726e+003
58,94,-3.339726e+003
58,95,-3.339726e+003
58,96,-3.339726e+003
58,97,-3.339726e+003
58,98,-3.339726e+003
59,0,-3.340317e+003
59,1,-3.340317e+003
59,2,-3.340317e+003
59,3,-3.340317e+003
59,4,-3.340317e+003
59,5,-3.340317e+003
59,6,-3.340317e+003
59,7,-3.340317e+003
59,8,-3.340317e+003
59,9,-3.340317e+003
59,10,-3.340317e+003
59,11,-3.340317e+003
59,12,-3.340317e+003
59,13,-3.340317e+003
59,14,-3.340317e+003
59,15,-3.340317e+003
59,16,-3.340317e+003
59,17,-3.340317e+003
59,18,-3.340317e+003
59,19,-3.340317e+003
59,20,-3.340317e+003
59,21,-3.340317e+003
60,0,-3.340706e+003
60,1,-3.340706e+003
60,2,-3.340706e+003
60,3,-3.340706e+003
60,4,-3.340706e+003
60,5,-3.340706e+003
60,6,-3.340706e+003
60,7,-3.340706e+003
60,8,-3.340706e+003
60,9,-3.340706e+003
60,10,-3.340706e+003
60,11,-3.340706e+003
60,12,-3.340706e+003
60,13,-3.340706e+003
60,14,-3.340706e+003
60,15,-3.340706e+003
60,16,-3.340706e+003
60,17,-3.340706e+003
60,18,-3.340706e+003
60,19,-3.340706e+003
60,20,-3.340706e+003
60,21,-3.340706e+003
61,0,-3.341127e+003
61,1,-3.341127e+003
61,2,-3.341127e+003
61,3,-3.341127e+003
61,4,-3.341127e+003
61,5,-3.341127e+003
61,6,-3.341127e+003
61,7,-3.341127e+003
61,8,-3.341127e+003
61,9,-3.341127e+003
61,10,-3.341127e+003
61,11,-3.341127e+003
61,12,-3.341127e+003
61,13,-3.341127e+003
61,14,-3.341127e+003
61,15,-3.341127e+003
61,16,-3.341127e+003
61,17,-3.341127e+003
61,18,-3.341127e+003
61,19,-3.341127e+003
61,20,-3.341127e+003
61,21,-3.341127e+003
62,0,-3.341272e+003
62,1,-3.341272e+003
62,2,-3.341272e+003
62,3,-3.341272e+003
62,4,-3.341272e+003
62,5,-3.341273e+003
62,6,-3.341275e+003
62,7,-3.341277e+003
62,8,-3.341280e+003
62,9,-3.341282e+003
62,10,-3.341233e+003
62,11,-3.341234e+003
62,12,-3.341311e+003
62,13,-3.341311e+003
62,14,-3.341311e+003
62,15,-3.341312e+003
62,16,-3.341312e+003
62,17,-3.341312e+003
62,18,-3.341312e+003
62,19,-3.341312e+003
62,20,-3.341312e+003
62,21,-3.341312e+003
62,22,-3.341312e+003
62,23,-3.341312e+003
62,24,-3.341312e+003
62,25,-3.341312e+003
62,26,-3.341312e+003
62,27,-3.341312e+003
62,28,-3.341312e+003
62,29,-3.341312e+003
62,30,-3.341312e+003
62,31,-3.341312e+003
62,32,-3.341312e+003
62,33,-3.341312e+003
62,34,-3.341312e+003
62,35,-3.341312e+003
62,36,-3.341312e+003
62,37,-3.341312e+003
62,38,-3.341312e+003
62,39,-3.341312e+003
62,40,-3.341312e+003
63,0,-3.341382e+003
63,1,-3.341382e+003
63,2,-3.341382e+003
63,3,-3.341382e+003
63,4,-3.341382e+003
63,5,-3.341382e+003
63,6,-3.341382e+003
63,7,-3.341382e+003
63,8,-3.341382e+003
63,9,-3.341382e+003
63,10,-3.341382e+003
63,11,-3.341382e+003
63,12,-3.341382e+003
63,13,-3.341382e+003
63,14,-3.341382e+003
63,15,-3.341382e+003
63,16,-3.341382e+003
63,17,-3.341382e+003
63,18,-3.341382e+003
63,19,-3.341382e+003
63,20,-3.341382e+003
63,21,-3.341382e+003
64,0,-3.341401e+003
64,1,-3.341401e+003
64,2,-3.341401e+003
64,3,-3.341401e+003
64,4,-3.341401e+003
64,5,-3.341401e+003
64,6,-3.341401e+003
64,7,-3.341401e+003
64,8,-3.341401e+003
64,9,-3.341401e+003
64,10,-3.341401e+003
64,11,-3.341401e+003
64,12,-3.341401e+003
64,13,-3.341401e+003
64,14,-3.341401e+003
64,15,-3.341401e+003
64,16,-3.341401e+003
64,17,-3.341401e+003
64,18,-3.341401e+003
64,19,-3.341401e+003
64,20,-3.341401e+003
64,21,-3.341401e+003
65,0,-3.341385e+003
65,1,-3.341385e+003
65,2,-3.341385e+003
65,3,-3.341385e+003
65,4,-3.341385e+003
65,5,-3.341385e+003
65,6,-3.341385e+003
65,7,-3.341385e+003
65,8,-3.341385e+003
65,9,-3.341385e+003
65,10,-3.341385e+003
65,11,-3.341385e+003
65,12,-3.341385e+003
65,13,-3.341385e+003
65,14,-3.341385e+003
65,15,-3.341385e+003
65,16,-3.341385e+003
65,17,-3.341385e+003
65,18,-3.341385e+003
65,19,-3.341385e+003
65,20,-3.341385e+003
65,21,-3.341385e+003
65,22,-3.341385e+003
65,23,-3.341385e+003
65,24,-3.341385e+003
65,25,-3.341385e+003
65,26,-3.341385e+003
65,27,-3.341385e+003
65,28,-3.341385e+003
65,29,-3.341385e+003
65,30,-3.341385e+003
65,31,-3.341386e+003
65,32,-3.341386e+003
65,33,-3.341386e+003
65,34,-3.341386e+003
65,35,-3.341386e+003
65,36,-3.341386e+003
65,37,-3.341386e+003
65,38,-3.341386e+003
65,39,-3.341386e+003
65,40,-3.341386e+003
66,0,-3.341350e+003
66,1,-3.341350e+003
66,2,-3.341350e+003
66,3,-3.341350e+003
66,4,-3.341350e+003
66,5,-3.341350e+003
66,6,-3.341350e+003
66,7,-3.341350e+003
66,8,-3.341350e+003
66,9,-3.341350e+003
66,10,-3.341350e+003
66,11,-3.341350e+003
66,12,-3.341350e+003
66,13,-3.341350e+003
66,14,-3.341350e+003
66,15,-3.341350e+003
66,16,-3.341350e+003
66,17,-3.341350e+003
66,18,-3.341350e+003
66,19,-3.341350e+003
66,20,-3.341350e+003
66,21,-3.341350e+003
67,0,-3.341321e+003
67,1,-3.341321e+003
67,2,-3.341321e+003
67,3,-3.341321e+003
67,4,-3.341321e+003
67,5,-3.341321e+003
67,6,-3.341321e+003
67,7,-3.341321e+003
67,8,-3.341321e+003
67,9,-3.341321e+003
67,10,-3.341321e+003
67,11,-3.341321e+003
67,12,-3.341321e+003
67,13,-3.341321e+003
67,14,-3.341321e+003
67,15,-3.341321e+003
67,16,-3.341321e+003
67,17,-3.341321e+003
67,18,-3.341321e+003
67,19,-3.341321e+003
67,20,-3.341321e+003
67,21,-3.341321e+003
68,0,-3.341302e+003
68,1,-3.341302e+003
68,2,-3.341302e+003
68,3,-3.341302e+003
68,4,-3.341302e+003
68,5,-3.341302e+003
68,6,-3.341302e+003
68,7,-3.341302e+003
68,8,-3.341302e+003
68,9,-3.341302e+003
68,10,-3.341302e+003
68,11,-3.341302e+003
68,12,-3.341302e+003
68,13,-3.341302e+003
68,14,-3.341302e+003
68,15,-3.341302e+003
68,16,-3.341302e+003
68,17,-3.341302e+003
68,18,-3.341302e+003
68,19,-3.341302e+003
68,20,-3.341302e+003
68,21,-3.341302e+003
69,0,-3.341281e+003
69,1,-3.341281e+003
69,2,-3.341281e+003
69,3,-3.341281e+003
69,4,-3.341281e+003
69,5,-3.341281e+003
69,6,-3.341281e+003
69,7,-3.341281e+003
69,8,-3.341281e+003
69,9,-3.341281e+003
69,10,-3.341281e+003
69,11,-3.341281e+003
69,12,-3.341281e+003
69,13,-3.341281e+003
69,14,-3.341281e+003
69,15,-3.341281e+003
69,16,-3.341281e+003
69,17,-3.341281e+003
69,18,-3.341281e+003
69,19,-3.341281e+003
69,20,-3.341281e+003
69,21,-3.341281e+003
70,0,-3.341258e+003
70,1,-3.341258e+003
70,2,-3.341258e+003
70,3,-3.341258e+003
70,4,-3.341258e+003
70,5,-3.341258e+003
70,6,-3.341258e+003
70,7,-3.341258e+003
70,8,-3.341258e+003
70,9,-3.341258e+003
70,10,-3.341258e+003
70,11,-3.341258e+003
70,12,-3.341258e+003
70,13,-3.341258e+003
70,14,-3.341258e+003
70,15,-3.341258e+003
70,16,-3.341258e+003
70,17,-3.341258e+003
70,18,-3.341258e+003
70,19,-3.341258e+003
70,20,-3.341258e+003
70,21,-3.341258e+003
71,0,-3.341229e+003
71,1,-3.341229e+003
71,2,-3.341229e+003
71,3,-3.341229e+003
71,4,-3.341229e+003
71,5,-3.341229e+003
71,6,-3.341229e+003
71,7,-3.341229e+003
71,8,-3.341229e+003
71,9,-3.341229e+003
71,10,-3.341229e+003
71,11,-3.341229e+003
71,12,-3.341229e+003
71,13,-3.341229e+003
71,14,-3.341229e+003
71,15,-3.341229e+003
71,16,-3.341229e+003
71,17,-3.341229e+003
71,18,-3.341229e+003
71,19,-3.341229e+003
71,20,-3.341229e+003
71,21,-3.341229e+003
72,0,-3.341206e+003
72,1,-3.341206e+003
72,2,-3.341206e+003
72,3,-3.341206e+003
72,4,-3.341206e+003
72,5,-3.341206e+003
72,6,-3.341206e+003
72,7,-3.341206e+003
72,8,-3.341206e+003
72,9,-3.341206e+003
72,10,-3.341206e+003
72,11,-3.341206e+003
72,12,-3.341206e+003
72,13,-3.341206e+003
72,14,-3.341206e+003
72,15,-3.341206e+003
72,16,-3.341206e+003
72,17,-3.341206e+003
72,18,-3.341206e+003
72,19,-3.341206e+003
72,20,-3.341206e+003
72,21,-3.341206e+003
73,0,-3.341129e+003
73,1,-3.341129e+003
73,2,-3.341129e+003
73,3,-3.341129e+003
73,4,-3.341129e+003
73,5,-3.341129e+003
73,6,-3.341129e+003
73,7,-3.341129e+003
73,8,-3.341129e+003
73,9,-3.341129e+003
73,10,-3.341129e+003
73,11,-3.341129e+003
73,12,-3.341129e+003
73,13,-3.341129e+003
73,14,-3.341129e+003
73,15,-3.341129e+003
73,16,-3.341129e+003
73,17,-3.341129e+003
73,18,-3.341129e+003
73,19,-3.341129e+003
73,20,-3.341129e+003
73,21,-3.341129e+003
74,0,-3.340995e+003
74,1,-3.340995e+003
74,2,-3.340995e+003
74,3,-3.340995e+003
74,4,-3.340995e+003
74,5,-3.340995e+003
74,6,-3.340995e+003
74,7,-3.340995e+003
74,8,-3.340995e+003
74,9,-3.340995e+003
74,10,-3.340995e+003
74,11,-3.340995e+003
74,12,-3.340995e+003
74,13,-3.340995e+003
74,14,-3.340995e+003
74,15,-3.340995e+003
74,16,-3.340995e+003
74,17,-3.340995e+003
74,18,-3.340995e+003
74,19,-3.340995e+003
74,20,-3.340995e+003
74,21,-3.340995e+003
75,0,-3.340986e+003
75,1,-3.340986e+003
75,2,-3.340986e+003
75,3,-3.340986e+003
75,4,-3.340986e+003
75,5,-3.340986e+003
75,6,-3.340986e+003
75,7,-3.340986e+003
75,8,-3.340986e+003
75,9,-3.340986e+003
75,10,-3.340986e+003
75,11,-3.340986e+003
75,12,-3.340986e+003
75,13,-3.340986e+003
75,14,-3.340986e+003
75,15,-3.340986e+003
75,16,-3.340986e+003
75,17,-3.340986e+003
75,18,-3.340986e+003
75,19,-3.340986e+003
75,20,-3.340986e+003
75,21,-3.340986e+003
76,0,-3.340973e+003
76,1,-3.340973e+003
76,2,-3.340973e+003
76,3,-3.340973e+003
76,4,-3.340973e+003
76,5,-3.340973e+003
76,6,-3.340973e+003
76,7,-3.340973e+003
76,8,-3.340973e+003
76,9,-3.340973e+003
76,10,-3.340973e+003
76,11,-3.340973e+003
76,12,-3.340973e+003
76,13,-3.340973e+003
76,14,-3.340973e+003
76,15,-3.340973e+003
76,16,-3.340973e+003
76,17,-3.340973e+003
76,18,-3.340973e+003
76,19,-3.340973e+003
76,20,-3.340973e+003
76,21,-3.340973e+003
77,0,-3.341135e+003
77,1,-3.341135e+003
77,2,-3.341135e+003
77,3,-3.341135e+003
77,4,-3.341135e+003
77,5,-3.341135e+003
77,6,-3.341135e+003
77,7,-3.341135e+003
77,8,-3.341135e+003
77,9,-3.341135e+003
77,10,-3.341135e+003
77,11,-3.341135e+003
77,12,-3.341135e+003
77,13,-3.341135e+003
77,14,-3.341135e+003
77,15,-3.341135e+003
77,16,-3.341135e+003
77,17,-3.341135e+003
77,18,-3.341135e+003
77,19,-3.341135e+003
77,20,-3.341135e+003
77,21,-3.341135e+003
78,0,-3.341133e+003
78,1,-3.341133e+003
78,2,-3.341133e+003
78,3,-3.341133e+003
78,4,-3.341133e+003
78,5,-3.341133e+003
78,6,-3.341133e+003
78,7,-3.341133e+003
78,8,-3.341133e+003
78,9,-3.341133e+003
78,10,-3.341133e+003
78,11,-3.341133e+003
78,12,-3.341133e+003
78,13,-3.341133e+003
78,14,-3.341133e+003
78,15,-3.341133e+003
78,16,-3.341133e+003
78,17,-3.341133e+003
78,18,-3.341133e+003
78,19,-3.341133e+003
78,20,-3.341133e+003
78,21,-3.341133e+003
79,0,-3.341129e+003
79,1,-3.341129e+003
79,2,-3.341129e+003
79,3,-3.341129e+003
79,4,-3.341129e+003
79,5,-3.341129e+003
79,6,-3.341129e+003
79,7,-3.341129e+003
79,8,-3.341129e+003
79,9,-3.341129e+003
79,10,-3.341129e+003
79,11,-3.341129e+003
79,12,-3.341129e+003
79,13,-3.341129e+003
79,14,-3.341129e+003
79,15,-3.341129e+003
79,16,-3.341129e+003
79,17,-3.341129e+003
79,18,-3.341129e+003
79,19,-3.341129e+003
79,20,-3.341129e+003
79,21,-3.341129e+003
80,0,-3.341121e+003
80,1,-3.341121e+003
80,2,-3.341121e+003
80,3,-3.341121e+003
80,4,-3.341121e+003
80,5,-3.341121e+003
80,6,-3.341121e+003
80,7,-3.341121e+003
80,8,-3.341121e+003
80,9,-3.341121e+003
80,10,-3.341121e+003
80,11,-3.341121e+003
80,12,-3.341121e+003
80,13,-3.341121e+003
80,14,-3.341121e+003
80,15,-3.341121e+003
80,16,-3.341121e+003
80,17,-3.341121e+003
80,18,-3.341121e+003
80,19,-3.341121e+003
80,20,-3.341121e+003
80,21,-3.341121e+003
81,0,-3.341109e+003
81,1,-3.341109e+003
81,2,-3.341109e+003
81,3,-3.341109e+003
81,4,-3.341109e+003
81,5,-3.341109e+003
81,6,-3.341109e+003
81,7,-3.341109e+003
81,8,-3.341109e+003
81,9,-3.341109e+003
81,10,-3.341109e+003
81,11,-3.341109e+003
81,12,-3.341109e+003
81,13,-3.341109e+003
81,14,-3.341109e+003
81,15,-3.341109e+003
81,16,-3.341109e+003
81,17,-3.341109e+003
81,18,-3.341109e+003
81,19,-3.341109e+003
81,20,-3.341109e+003
81,21,-3.341109e+003
82,0,-3.341094e+003
82,1,-3.341094e+003
82,2,-3.341094e+003
82,3,-3.341094e+003
82,4,-3.341094e+003
82,5,-3.341094e+003
82,6,-3.341094e+003
82,7,-3.341094e+003
82,8,-3.341094e+003
82,9,-3.341094e+003
82,10,-3.341094e+003
82,11,-3.341094e+003
82,12,-3.341094e+003
82,13,-3.341094e+003
82,14,-3.341094e+003
82,15,-3.341094e+003
82,16,-3.341094e+003
82,17,-3.341094e+003
82,18,-3.341094e+003
82,19,-3.341094e+003
82,20,-3.341094e+003
82,21,-3.341094e+003
83,0,-3.341261e+003
83,1,-3.341261e+003
83,2,-3.341261e+003
83,3,-3.341261e+003
83,4,-3.341261e+003
83,5,-3.341261e+003
83,6,-3.341261e+003
83,7,-3.341261e+003
83,8,-3.341261e+003
83,9,-3.341261e+003
83,10,-3.341261e+003
83,11,-3.341261e+003
83,12,-3.341261e+003
83,13,-3.341261e+003
83,14,-3.341261e+003
83,15,-3.341261e+003
83,16,-3.341261e+003
83,17,-3.341261e+003
83,18,-3.341261e+003
83,19,-3.341261e+003
83,20,-3.341261e+003
83,21,-3.341261e+003
84,0,-3.341256e+003
84,1,-3.341256e+003
84,2,-3.341256e+003
84,3,-3.341256e+003
84,4,-3.341256e+003
84,5,-3.341256e+003
84,6,-3.341256e+003
84,7,-3.341256e+003
84,8,-3.341256e+003
84,9,-3.341256e+003
84,10,-3.341256e+003
84,11,-3.341256e+003
84,12,-3.341256e+003
84,13,-3.341256e+003
84,14,-3.341256e+003
84,15,-3.341256e+003
84,16,-3.341256e+003
84,17,-3.341256e+003
84,18,-3.341256e+003
84,19,-3.341256e+003
84,20,-3.341256e+003
84,21,-3.341256e+003
85,0,-3.341194e+003
85,1,-3.341194e+003
85,2,-3.341194e+003
85,3,-3.341194e+003
85,4,-3.341194e+003
85,5,-3.341194e+003
85,6,-3.341194e+003
85,7,-3.341194e+003
85,8,-3.341194e+003
85,9,-3.341194e+003
85,10,-3.341194e+003
85,11,-3.341194e+003
85,12,-3.341194e+003
85,13,-3.341194e+003
85,14,-3.341194e+003
85,15,-3.341194e+003
85,16,-3.341194e+003
85,17,-3.341194e+003
85,18,-3.341194e+003
85,19,-3.341194e+003
85,20,-3.341194e+003
85,21,-3.341194e+003
86,0,-3.340997e+003
86,1,-3.340997e+003
86,2,-3.340997e+003
86,3,-3.340997e+003
86,4,-3.340997e+003
86,5,-3.340997e+003
86,6,-3.340997e+003
86,7,-3.340997e+003
86,8,-3.340997e+003
86,9,-3.340997e+003
86,10,-3.340997e+003
86,11,-3.340997e+003
86,12,-3.340997e+003
86,13,-3.340997e+003
86,14,-3.340997e+003
86,15,-3.340997e+003
86,16,-3.340997e+003
86,17,-3.340997e+003
86,18,-3.340997e+003
86,19,-3.340997e+003
86,20,-3.340997e+003
86,21,-3.340997e+003
87,0,-3.341004e+003
87,1,-3.341004e+003
87,2,-3.341004e+003
87,3,-3.341004e+003
87,4,-3.341004e+003
87,5,-3.341004e+003
87,6,-3.341004e+003
87,7,-3.341004e+003
87,8,-3.341004e+003
87,9,-3.341004e+003
87,10,-3.341004e+003
87,11,-3.341004e+003
87,12,-3.341004e+003
87,13,-3.341004e+003
87,14,-3.341004e+003
87,15,-3.341004e+003
87,16,-3.341004e+003
87,17,-3.341004e+003
87,18,-3.341004e+003
87,19,-3.341004e+003
87,20,-3.341004e+003
87,21,-3.341004e+003
88,0,-3.341005e+003
88,1,-3.341005e+003
88,2,-3.341005e+003
88,3,-3.341005e+003
88,4,-3.341005e+003
88,5,-3.341005e+003
88,6,-3.341005e+003
88,7,-3.341005e+003
88,8,-3.341005e+003
88,9,-3.341005e+003
88,10,-3.341005e+003
88,11,-3.341005e+003
88,12,-3.341005e+003
88,13,-3.341005e+003
88,14,-3.341005e+003
88,15,-3.341005e+003
88,16,-3.341005e+003
88,17,-3.341005e+003
88,18,-3.341005e+003
88,19,-3.341005e+003
88,20,-3.341005e+003
88,21,-3.341005e+003
89,0,-3.341001e+003
89,1,-3.341001e+003
89,2,-3.341001e+003
89,3,-3.341001e+003
89,4,-3.341001e+003
89,5,-3.341001e+003
89,6,-3.341001e+003
89,7,-3.341001e+003
89,8,-3.341001e+003
89,9,-3.341001e+003
89,10,-3.341001e+003
89,11,-3.341001e+003
89,12,-3.341001e+003
89,13,-3.341001e+003
89,14,-3.341001e+003
89,15,-3.341001e+003
89,16,-3.341001e+003
89,17,-3.341001e+003
89,18,-3.341001e+003
89,19,-3.341001e+003
89,20,-3.341001e+003
89,21,-3.341001e+003
90,0,-3.340992e+003
90,1,-3.340992e+003
90,2,-3.340992e+003
90,3,-3.340992e+003
90,4,-3.340992e+003
90,5,-3.340992e+003
90,6,-3.340992e+003
90,7,-3.340992e+003
90,8,-3.340992e+003
90,9,-3.340992e+003
90,10,-3.340992e+003
90,11,-3.340992e+003
90,12,-3.340992e+003
90,13,-3.340992e+003
90,14,-3.340992e+003
90,15,-3.340992e+003
90,16,-3.340992e+003
90,17,-3.340992e+003
90,18,-3.340992e+003
90,19,-3.340992e+003
90,20,-3.340992e+003
90,21,-3.340992e+003
91,0,-3.340978e+003
91,1,-3.340978e+003
91,2,-3.340978e+003
91,3,-3.340978e+003
91,4,-3.340978e+003
91,5,-3.340978e+003
91,6,-3.340978e+003
91,7,-3.340978e+003
91,8,-3.340978e+003
91,9,-3.340978e+003
91,10,-3.340978e+003
91,11,-3.340978e+003
91,12,-3.340978e+003
91,13,-3.340978e+003
91,14,-3.340978e+003
91,15,-3.340978e+003
91,16,-3.340978e+003
91,17,-3.340978e+003
91,18,-3.340978e+003
91,19,-3.340978e+003
91,20,-3.340978e+003
91,21,-3.340978e+003
92,0,-3.340790e+003
92,1,-3.340790e+003
92,2,-3.340790e+003
92,3,-3.340790e+003
92,4,-3.340790e+003
92,5,-3.340790e+003
92,6,-3.340790e+003
92,7,-3.340790e+003
92,8,-3.340790e+003
92,9,-3.340790e+003
92,10,-3.340790e+003
92,11,-3.340790e+003
92,12,-3.340790e+003
92,13,-3.340790e+003
92,14,-3.340790e+003
92,15,-3.340790e+003
92,16,-3.340790e+003
92,17,-3.340790e+003
92,18,-3.340790e+003
92,19,-3.340790e+003
92,20,-3.340790e+003
92,21,-3.340790e+003
93,0,-3.340782e+003
93,1,-3.340782e+003
93,2,-3.340782e+003
93,3,-3.340782e+003
93,4,-3.340782e+003
93,5,-3.340782e+003
93,6,-3.340782e+003
93,7,-3.340782e+003
93,8,-3.340782e+003
93,9,-3.340782e+003
93,10,-3.340782e+003
93,11,-3.340782e+003
93,12,-3.340782e+003
93,13,-3.340782e+003
93,14,-3.340782e+003
93,15,-3.340782e+003
93,16,-3.340782e+003
93,17,-3.340782e+003
93,18,-3.340782e+003
93,19,-3.340782e+003
93,20,-3.340782e+003
93,21,-3.340782e+003
94,0,-3.340959e+003
94,1,-3.340959e+003
94,2,-3.340959e+003
94,3,-3.340959e+003
94,4,-3.340959e+003
94,5,-3.340959e+003
94,6,-3.340959e+003
94,7,-3.340959e+003
94,8,-3.340959e+003
94,9,-3.340959e+003
94,10,-3.340959e+003
94,11,-3.340959e+003
94,12,-3.340959e+003
94,13,-3.340959e+003
94,14,-3.340959e+003
94,15,-3.340959e+003
94,16,-3.340959e+003
94,17,-3.340959e+003
94,18,-3.340959e+003
94,19,-3.340959e+003
94,20,-3.340959e+003
94,21,-3.340959e+003
95,0,-3.340959e+003
95,1,-3.340959e+003
95,2,-3.340959e+003
95,3,-3.340959e+003
95,4,-3.340959e+003
95,5,-3.340959e+003
95,6,-3.340959e+003
95,7,-3.340959e+003
95,8,-3.340959e+003
95,9,-3.340959e+003
95,10,-3.340959e+003
95,11,-3.340959e+003
95,12,-3.340959e+003
95,13,-3.340959e+003
95,14,-3.340959e+003
95,15,-3.340959e+003
95,16,-3.340959e+003
95,17,-3.340959e+003
95,18,-3.340959e+003
95,19,-3.340959e+003
95,20,-3.340959e+003
95,21,-3.340959e+003
96,0,-3.340954e+003
96,1,-3.340954e+003
96,2,-3.340954e+003
96,3,-3.340954e+003
96,4,-3.340954e+003
96,5,-3.340954e+003
96,6,-3.340954e+003
96,7,-3.340954e+003
96,8,-3.340954e+003
96,9,-3.340954e+003
96,10,-3.340954e+003
96,11,-3.340954e+003
96,12,-3.340954e+003
96,13,-3.340954e+003
96,14,-3.340954e+003
96,15,-3.340954e+003
96,16,-3.340954e+003
96,17,-3.340954e+003
96,18,-3.340954e+003
96,19,-3.340954e+003
96,20,-3.340954e+003
96,21,-3.340954e+003
97,0,-3.340944e+003
97,1,-3.340944e+003
97,2,-3.340944e+003
97,3,-3.340944e+003
97,4,-3.340944e+003
97,5,-3.340944e+003
97,6,-3.340944e+003
97,7,-3.340944e+003
97,8,-3.340944e+003
97,9,-3.340868e+003
97,10,-3.340868e+003
97,11,-3.340868e+003
97,12,-3.340868e+003
97,13,-3.340868e+003
97,14,-3.340868e+003
97,15,-3.340868e+003
97,16,-3.340868e+003
97,17,-3.340868e+003
97,18,-3.340868e+003
97,19,-3.340868e+003
97,20,-3.340868e+003
97,21,-3.340868e+003
98,0,-3.340853e+003
98,1,-3.340853e+003
98,2,-3.340853e+003
98,3,-3.340853e+003
98,4,-3.340853e+003
98,5,-3.340853e+003
98,6,-3.340853e+003
98,7,-3.340853e+003
98,8,-3.340853e+003
98,9,-3.340853e+003
98,10,-3.340853e+003
98,11,-3.340853e+003
98,12,-3.340853e+003
98,13,-3.340853e+003
98,14,-3.340853e+003
98,15,-3.340853e+003
98,16,-3.340853e+003
98,17,-3.340853e+003
98,18,-3.340853e+003
98,19,-3.340853e+003
98,20,-3.340853e+003
98,21,-3.340853e+003
99,0,-3.341018e+003
99,1,-3.341018e+003
99,2,-3.341018e+003
99,3,-3.341018e+003
99,4,-3.341018e+003
99,5,-3.341018e+003
99,6,-3.341018e+003
99,7,-3.341018e+003
99,8,-3.341018e+003
99,9,-3.341018e+003
99,10,-3.341018e+003
99,11,-3.341018e+003
99,12,-3.341018e+003
99,13,-3.341018e+003
99,14,-3.341018e+003
99,15,-3.341018e+003
99,16,-3.341018e+003
99,17,-3.341018e+003
99,18,-3.341018e+003
99,19,-3.341018e+003
99,20,-3.341018e+003
99,21,-3.341018e+003
100,0,-3.341012e+003
100,1,-3.341012e+003
100,2,-3.341012e+003
100,3,-3.341012e+003
100,4,-3.341012e+003
100,5,-3.341012e+003
100,6,-3.341012e+003
100,7,-3.341012e+003
100,8,-3.341012e+003
100,9,-3.341012e+003
100,10,-3.341012e+003
100,11,-3.341012e+003
100,12,-3.341012e+003
100,13,-3.341012e+003
100,14,-3.341012e+003
100,15,-3.341012e+003
100,16,-3.341012e+003
100,17,-3.341012e+003
100,18,-3.341012e+003
100,19,-3.341012e+003
100,20,-3.341012e+003
100,21,-3.341012e+003
