0,0,-3.310965e+003
0,1,-3.314484e+003
0,2,-3.318032e+003
0,3,-3.320062e+003
0,4,-3.322054e+003
0,5,-3.323716e+003
0,6,-3.324983e+003
0,7,-3.326242e+003
0,8,-3.327208e+003
0,9,-3.328058e+003
0,10,-3.328699e+003
0,11,-3.329406e+003
0,12,-3.329798e+003
0,13,-3.330151e+003
0,14,-3.330328e+003
0,15,-3.330685e+003
0,16,-3.330717e+003
0,17,-3.330897e+003
0,18,-3.330983e+003
0,19,-3.331133e+003
0,20,-3.331122e+003
0,21,-3.331223e+003
0,22,-3.331267e+003
0,23,-3.331512e+003
0,24,-3.331639e+003
0,25,-3.331911e+003
0,26,-3.331882e+003
0,27,-3.331773e+003
0,28,-3.331904e+003
0,29,-3.331956e+003
0,30,-3.332106e+003
0,31,-3.332080e+003
0,32,-3.332095e+003
0,33,-3.332261e+003
0,34,-3.332341e+003
0,35,-3.332463e+003
0,36,-3.332451e+003
0,37,-3.332559e+003
0,38,-3.332876e+003
0,39,-3.332989e+003
0,40,-3.333196e+003
0,41,-3.333298e+003
0,42,-3.333451e+003
0,43,-3.333586e+003
0,44,-3.333916e+003
0,45,-3.334446e+003
0,46,-3.334488e+003
0,47,-3.334895e+003
0,48,-3.335139e+003
0,49,-3.335303e+003
0,50,-3.335549e+003
0,51,-3.335640e+003
0,52,-3.335762e+003
0,53,-3.335984e+003
0,54,-3.336499e+003
0,55,-3.337208e+003
0,56,-3.337979e+003
0,57,-3.338458e+003
0,58,-3.338965e+003
0,59,-3.339584e+003
0,60,-3.340039e+003
0,61,-3.340157e+003
0,62,-3.340308e+003
0,63,-3.340366e+003
0,64,-3.340429e+003
0,65,-3.340493e+003
0,66,-3.340540e+003
0,67,-3.340585e+003
0,68,-3.340699e+003
0,69,-3.340658e+003
0,70,-3.340691e+003
0,71,-3.340892e+003
0,72,-3.340913e+003
0,73,-3.340929e+003
0,74,-3.340943e+003
0,75,-3.340957e+003
0,76,-3.340969e+003
0,77,-3.340978e+003
0,78,-3.340990e+003
0,79,-3.341078e+003
0,80,-3.341091e+003
0,81,-3.341104e+003
0,82,-3.341191e+003
0,83,-3.341200e+003
0,84,-3.341207e+003
0,85,-3.341216e+003
0,86,-3.341224e+003
0,87,-3.341234e+003
0,88,-3.341244e+003
0,89,-3.341251e+003
0,90,-3.341260e+003
0,91,-3.341268e+003
0,92,-3.341275e+003
0,93,-3.341280e+003
0,94,-3.341208e+003
0,95,-3.341210e+003
0,96,-3.341212e+003
0,97,-3.341214e+003
0,98,-3.341215e+003
0,99,-3.341216e+003
0,100,-3.341216e+003
0,101,-3.341216e+003
0,102,-3.341217e+003
0,103,-3.341217e+003
0,104,-3.341218e+003
0,105,-3.341219e+003
0,106,-3.341220e+003
0,107,-3.341220e+003
0,108,-3.341221e+003
0,109,-3.341222e+003
0,110,-3.341223e+003
0,111,-3.341224e+003
0,112,-3.341225e+003
0,113,-3.341226e+003
0,114,-3.341227e+003
0,115,-3.341229e+003
0,116,-3.341230e+003
0,117,-3.341232e+003
0,118,-3.341158e+003
0,119,-3.341160e+003
0,120,-3.341064e+003
0,121,-3.341066e+003
0,122,-3.341068e+003
0,123,-3.341070e+003
0,124,-3.341072e+003
0,125,-3.341074e+003
0,126,-3.341076e+003
0,127,-3.341077e+003
0,128,-3.341079e+003
0,129,-3.341004e+003
0,130,-3.341005e+003
0,131,-3.341005e+003
0,132,-3.341006e+003
0,133,-3.341006e+003
0,134,-3.341007e+003
0,135,-3.341007e+003
0,136,-3.341008e+003
0,137,-3.341008e+003
0,138,-3.341009e+003
0,139,-3.341009e+003
0,140,-3.341010e+003
0,141,-3.341010e+003
0,142,-3.341010e+003
0,143,-3.341011e+003
0,144,-3.341011e+003
0,145,-3.341011e+003
0,146,-3.341011e+003
0,147,-3.341011e+003
0,148,-3.341011e+003
0,149,-3.341012e+003
0,150,-3.341012e+003
0,151,-3.341012e+003
0,152,-3.341012e+003
0,153,-3.341012e+003
0,154,-3.341012e+003
0,155,-3.341012e+003
0,156,-3.341012e+003
0,157,-3.341012e+003
0,158,-3.341012e+003
0,159,-3.341012e+003
0,160,-3.341012e+003
0,161,-3.341012e+003
0,162,-3.341012e+003
0,163,-3.341012e+003
0,164,-3.341012e+003
0,165,-3.341012e+003
0,166,-3.341012e+003
0,167,-3.341012e+003
0,168,-3.341012e+003
0,169,-3.341012e+003
0,170,-3.341012e+003
0,171,-3.341012e+003
0,172,-3.341012e+003
0,173,-3.341012e+003
0,174,-3.341012e+003
0,175,-3.341012e+003
0,176,-3.341012e+003
0,177,-3.341012e+003
0,178,-3.341012e+003
0,179,-3.341012e+003
0,180,-3.341012e+003
0,181,-3.341012e+003
0,182,-3.341012e+003
0,183,-3.341012e+003
0,184,-3.341012e+003
0,185,-3.341012e+003
1,0,-3.341018e+003
1,1,-3.341018e+003
1,2,-3.341018e+003
1,3,-3.341018e+003
1,4,-3.341018e+003
1,5,-3.341018e+003
1,6,-3.341018e+003
1,7,-3.341018e+003
1,8,-3.341018e+003
1,9,-3.341018e+003
1,10,-3.341018e+003
1,11,-3.341018e+003
1,12,-3.341018e+003
1,13,-3.341018e+003
1,14,-3.341018e+003
1,15,-3.341018e+003
1,16,-3.341018e+003
1,17,-3.341018e+003
1,18,-3.341018e+003
1,19,-3.341018e+003
1,20,-3.341018e+003
1,21,-3.341018e+003
2,0,-3.340853e+003
2,1,-3.340853e+003
2,2,-3.340853e+003
2,3,-3.340853e+003
2,4,-3.340853e+003
2,5,-3.340853e+003
2,6,-3.340853e+003
2,7,-3.340853e+003
2,8,-3.340853e+003
2,9,-3.340853e+003
2,10,-3.340853e+003
2,11,-3.340853e+003
2,12,-3.340853e+003
2,13,-3.340853e+003
2,14,-3.340853e+003
2,15,-3.340853e+003
2,16,-3.340853e+003
2,17,-3.340853e+003
2,18,-3.340853e+003
2,19,-3.340853e+003
2,20,-3.340853e+003
2,21,-3.340853e+003
3,0,-3.340868e+003
3,1,-3.340868e+003
3,2,-3.340868e+003
3,3,-3.340868e+003
3,4,-3.340868e+003
3,5,-3.340868e+003
3,6,-3.340868e+003
3,7,-3.340868e+003
3,8,-3.340868e+003
3,9,-3.340868e+003
3,10,-3.340868e+003
3,11,-3.340868e+003
3,12,-3.340868e+003
3,13,-3.340868e+003
3,14,-3.340868e+003
3,15,-3.340868e+003
3,16,-3.340868e+003
3,17,-3.340868e+003
3,18,-3.340868e+003
3,19,-3.340868e+003
3,20,-3.340868e+003
3,21,-3.340868e+003
4,0,-3.340878e+003
4,1,-3.340878e+003
4,2,-3.340878e+003
4,3,-3.340878e+003
4,4,-3.340878e+003
4,5,-3.340878e+003
4,6,-3.340878e+003
4,7,-3.340878e+003
4,8,-3.340878e+003
4,9,-3.340878e+003
4,10,-3.340878e+003
4,11,-3.340878e+003
4,12,-3.340878e+003
4,13,-3.340878e+003
4,14,-3.340878e+003
4,15,-3.340878e+003
4,16,-3.340878e+003
4,17,-3.340878e+003
4,18,-3.340878e+003
4,19,-3.340878e+003
4,20,-3.340878e+003
4,21,-3.340878e+003
5,0,-3.340883e+003
5,1,-3.340883e+003
5,2,-3.340883e+003
5,3,-3.340883e+003
5,4,-3.340883e+003
5,5,-3.340883e+003
5,6,-3.340883e+003
5,7,-3.340883e+003
5,8,-3.340883e+003
5,9,-3.340883e+003
5,10,-3.340883e+003
5,11,-3.340883e+003
5,12,-3.340883e+003
5,13,-3.340883e+003
5,14,-3.340883e+003
5,15,-3.340883e+003
5,16,-3.340883e+003
5,17,-3.340883e+003
5,18,-3.340883e+003
5,19,-3.340883e+003
5,20,-3.340883e+003
5,21,-3.340883e+003
6,0,-3.340884e+003
6,1,-3.340884e+003
6,2,-3.340884e+003
6,3,-3.340884e+003
6,4,-3.340884e+003
6,5,-3.340884e+003
6,6,-3.340884e+003
6,7,-3.340884e+003
6,8,-3.340884e+003
6,9,-3.340884e+003
6,10,-3.340884e+003
6,11,-3.340884e+003
6,12,-3.340884e+003
6,13,-3.340884e+003
6,14,-3.340884e+003
6,15,-3.340884e+003
6,16,-3.340884e+003
6,17,-3.340884e+003
6,18,-3.340884e+003
6,19,-3.340884e+003
6,20,-3.340884e+003
6,21,-3.340884e+003
7,0,-3.340706e+003
7,1,-3.340706e+003
7,2,-3.340706e+003
7,3,-3.340706e+003
7,4,-3.340706e+003
7,5,-3.340706e+003
7,6,-3.340706e+003
7,7,-3.340706e+003
7,8,-3.340706e+003
7,9,-3.340706e+003
7,10,-3.340706e+003
7,11,-3.340706e+003
7,12,-3.340706e+003
7,13,-3.340706e+003
7,14,-3.340706e+003
7,15,-3.340706e+003
7,16,-3.340706e+003
7,17,-3.340706e+003
7,18,-3.340706e+003
7,19,-3.340706e+003
7,20,-3.340706e+003
7,21,-3.340706e+003
8,0,-3.340714e+003
8,1,-3.340714e+003
8,2,-3.340714e+003
8,3,-3.340714e+003
8,4,-3.340714e+003
8,5,-3.340714e+003
8,6,-3.340714e+003
8,7,-3.340714e+003
8,8,-3.340714e+003
8,9,-3.340714e+003
8,10,-3.340714e+003
8,11,-3.340714e+003
8,12,-3.340714e+003
8,13,-3.340714e+003
8,14,-3.340714e+003
8,15,-3.340714e+003
8,16,-3.340714e+003
8,17,-3.340714e+003
8,18,-3.340714e+003
8,19,-3.340714e+003
8,20,-3.340714e+003
8,21,-3.340714e+003
9,0,-3.340902e+003
9,1,-3.340902e+003
9,2,-3.340902e+003
9,3,-3.340902e+003
9,4,-3.340902e+003
9,5,-3.340902e+003
9,6,-3.340902e+003
9,7,-3.340902e+003
9,8,-3.340902e+003
9,9,-3.340902e+003
9,10,-3.340902e+003
9,11,-3.340902e+003
9,12,-3.340902e+003
9,13,-3.340902e+003
9,14,-3.340902e+003
9,15,-3.340902e+003
9,16,-3.340902e+003
9,17,-3.340902e+003
9,18,-3.340902e+003
9,19,-3.340902e+003
9,20,-3.340902e+003
9,21,-3.340902e+003
10,0,-3.340916e+003
10,1,-3.340916e+003
10,2,-3.340916e+003
10,3,-3.340916e+003
10,4,-3.340916e+003
10,5,-3.340916e+003
10,6,-3.340916e+003
10,7,-3.340916e+003
10,8,-3.340916e+003
10,9,-3.340916e+003
10,10,-3.340916e+003
10,11,-3.340916e+003
10,12,-3.340916e+003
10,13,-3.340916e+003
10,14,-3.340916e+003
10,15,-3.340916e+003
10,16,-3.340916e+003
10,17,-3.340916e+003
10,18,-3.340916e+003
10,19,-3.340916e+003
10,20,-3.340916e+003
10,21,-3.340916e+003
11,0,-3.340925e+003
11,1,-3.340925e+003
11,2,-3.340925e+003
11,3,-3.340925e+003
11,4,-3.340925e+003
11,5,-3.340925e+003
11,6,-3.340925e+003
11,7,-3.340925e+003
11,8,-3.340925e+003
11,9,-3.340925e+003
11,10,-3.340925e+003
11,11,-3.340925e+003
11,12,-3.340925e+003
11,13,-3.340925e+003
11,14,-3.340925e+003
11,15,-3.340925e+003
11,16,-3.340925e+003
11,17,-3.340925e+003
11,18,-3.340925e+003
11,19,-3.340925e+003
11,20,-3.340925e+003
11,21,-3.340925e+003
12,0,-3.340929e+003
12,1,-3.340929e+003
12,2,-3.340929e+003
12,3,-3.340929e+003
12,4,-3.340929e+003
12,5,-3.340929e+003
12,6,-3.340929e+003
12,7,-3.340929e+003
12,8,-3.340929e+003
12,9,-3.340929e+003
12,10,-3.340929e+003
12,11,-3.340929e+003
12,12,-3.340929e+003
12,13,-3.340929e+003
12,14,-3.340929e+003
12,15,-3.340929e+003
12,16,-3.340929e+003
12,17,-3.340929e+003
12,18,-3.340929e+003
12,19,-3.340929e+003
12,20,-3.340929e+003
12,21,-3.340929e+003
13,0,-3.340928e+003
13,1,-3.340928e+003
13,2,-3.340928e+003
13,3,-3.340928e+003
13,4,-3.340928e+003
13,5,-3.340928e+003
13,6,-3.340928e+003
13,7,-3.340928e+003
13,8,-3.340928e+003
13,9,-3.340928e+003
13,10,-3.340928e+003
13,11,-3.340928e+003
13,12,-3.340928e+003
13,13,-3.340928e+003
13,14,-3.340928e+003
13,15,-3.340928e+003
13,16,-3.340928e+003
13,17,-3.340928e+003
13,18,-3.340928e+003
13,19,-3.340928e+003
13,20,-3.340928e+003
13,21,-3.340928e+003
14,0,-3.340921e+003
14,1,-3.340921e+003
14,2,-3.340921e+003
14,3,-3.340921e+003
14,4,-3.340921e+003
14,5,-3.340921e+003
14,6,-3.340921e+003
14,7,-3.340921e+003
14,8,-3.340921e+003
14,9,-3.340921e+003
14,10,-3.340997e+003
14,11,-3.340997e+003
14,12,-3.340997e+003
14,13,-3.340997e+003
14,14,-3.340997e+003
14,15,-3.340997e+003
14,16,-3.340997e+003
14,17,-3.340997e+003
14,18,-3.340997e+003
14,19,-3.340997e+003
14,20,-3.340997e+003
14,21,-3.340997e+003
15,0,-3.341194e+003
15,1,-3.341194e+003
15,2,-3.341194e+003
15,3,-3.341194e+003
15,4,-3.341194e+003
15,5,-3.341194e+003
15,6,-3.341194e+003
15,7,-3.341194e+003
15,8,-3.341194e+003
15,9,-3.341194e+003
15,10,-3.341194e+003
15,11,-3.341194e+003
15,12,-3.341194e+003
15,13,-3.341194e+003
15,14,-3.341194e+003
15,15,-3.341194e+003
15,16,-3.341194e+003
15,17,-3.341194e+003
15,18,-3.341194e+003
15,19,-3.341194e+003
15,20,-3.341194e+003
15,21,-3.341194e+003
16,0,-3.341256e+003
16,1,-3.341256e+003
16,2,-3.341256e+003
16,3,-3.341256e+003
16,4,-3.341256e+003
16,5,-3.341256e+003
16,6,-3.341256e+003
16,7,-3.341256e+003
16,8,-3.341256e+003
16,9,-3.341256e+003
16,10,-3.341256e+003
16,11,-3.341256e+003
16,12,-3.341256e+003
16,13,-3.341256e+003
16,14,-3.341256e+003
16,15,-3.341256e+003
16,16,-3.341256e+003
16,17,-3.341256e+003
16,18,-3.341256e+003
16,19,-3.341256e+003
16,20,-3.341256e+003
16,21,-3.341256e+003
17,0,-3.341261e+003
17,1,-3.341261e+003
17,2,-3.341261e+003
17,3,-3.341261e+003
17,4,-3.341261e+003
17,5,-3.341261e+003
17,6,-3.341261e+003
17,7,-3.341261e+003
17,8,-3.341261e+003
17,9,-3.341261e+003
17,10,-3.341261e+003
17,11,-3.341261e+003
17,12,-3.341261e+003
17,13,-3.341261e+003
17,14,-3.341261e+003
17,15,-3.341261e+003
17,16,-3.341261e+003
17,17,-3.341261e+003
17,18,-3.341261e+003
17,19,-3.341261e+003
17,20,-3.341261e+003
17,21,-3.341261e+003
18,0,-3.341094e+003
18,1,-3.341094e+003
18,2,-3.341094e+003
18,3,-3.341094e+003
18,4,-3.341094e+003
18,5,-3.341094e+003
18,6,-3.341094e+003
18,7,-3.341094e+003
18,8,-3.341094e+003
18,9,-3.341094e+003
18,10,-3.341094e+003
18,11,-3.341094e+003
18,12,-3.341094e+003
18,13,-3.341094e+003
18,14,-3.341094e+003
18,15,-3.341094e+003
18,16,-3.341094e+003
18,17,-3.341094e+003
18,18,-3.341094e+003
18,19,-3.341094e+003
18,20,-3.341094e+003
18,21,-3.341094e+003
19,0,-3.341109e+003
19,1,-3.341109e+003
19,2,-3.341109e+003
19,3,-3.341109e+003
19,4,-3.341109e+003
19,5,-3.341109e+003
19,6,-3.341109e+003
19,7,-3.341109e+003
19,8,-3.341109e+003
19,9,-3.341109e+003
19,10,-3.341109e+003
19,11,-3.341109e+003
19,12,-3.341109e+003
19,13,-3.341109e+003
19,14,-3.341109e+003
19,15,-3.341109e+003
19,16,-3.341109e+003
19,17,-3.341109e+003
19,18,-3.341109e+003
19,19,-3.341109e+003
19,20,-3.341109e+003
19,21,-3.341109e+003
20,0,-3.341121e+003
20,1,-3.341121e+003
20,2,-3.341121e+003
20,3,-3.341121e+003
20,4,-3.341121e+003
20,5,-3.341121e+003
20,6,-3.341121e+003
20,7,-3.341121e+003
20,8,-3.341121e+003
20,9,-3.341121e+003
20,10,-3.341121e+003
20,11,-3.341121e+003
20,12,-3.341121e+003
20,13,-3.341121e+003
20,14,-3.341121e+003
20,15,-3.341121e+003
20,16,-3.341121e+003
20,17,-3.341121e+003
20,18,-3.341121e+003
20,19,-3.341121e+003
20,20,-3.341121e+003
20,21,-3.341121e+003
21,0,-3.341129e+003
21,1,-3.341129e+003
21,2,-3.341129e+003
21,3,-3.341129e+003
21,4,-3.341129e+003
21,5,-3.341129e+003
21,6,-3.341129e+003
21,7,-3.341129e+003
21,8,-3.341129e+003
21,9,-3.341129e+003
21,10,-3.341129e+003
21,11,-3.341129e+003
21,12,-3.341129e+003
21,13,-3.341129e+003
21,14,-3.341129e+003
21,15,-3.341129e+003
21,16,-3.341129e+003
21,17,-3.341129e+003
21,18,-3.341129e+003
21,19,-3.341129e+003
21,20,-3.341129e+003
21,21,-3.341129e+003
22,0,-3.341133e+003
22,1,-3.341133e+003
22,2,-3.341133e+003
22,3,-3.341133e+003
22,4,-3.341133e+003
22,5,-3.341133e+003
22,6,-3.341133e+003
22,7,-3.341133e+003
22,8,-3.341133e+003
22,9,-3.341133e+003
22,10,-3.341133e+003
22,11,-3.341133e+003
22,12,-3.341133e+003
22,13,-3.341133e+003
22,14,-3.341133e+003
22,15,-3.341133e+003
22,16,-3.341133e+003
22,17,-3.341133e+003
22,18,-3.341133e+003
22,19,-3.341133e+003
22,20,-3.341133e+003
22,21,-3.341133e+003
23,0,-3.341135e+003
23,1,-3.341135e+003
23,2,-3.341135e+003
23,3,-3.341135e+003
23,4,-3.341135e+003
23,5,-3.341135e+003
23,6,-3.341135e+003
23,7,-3.341135e+003
23,8,-3.341135e+003
23,9,-3.341135e+003
23,10,-3.341135e+003
23,11,-3.341135e+003
23,12,-3.341135e+003
23,13,-3.341135e+003
23,14,-3.341135e+003
23,15,-3.341135e+003
23,16,-3.341135e+003
23,17,-3.341135e+003
23,18,-3.341135e+003
23,19,-3.341135e+003
23,20,-3.341135e+003
23,21,-3.341135e+003
24,0,-3.340973e+003
24,1,-3.340973e+003
24,2,-3.340973e+003
24,3,-3.340973e+003
24,4,-3.340973e+003
24,5,-3.340973e+003
24,6,-3.340973e+003
24,7,-3.340973e+003
24,8,-3.340973e+003
24,9,-3.340973e+003
24,10,-3.340973e+003
24,11,-3.340973e+003
24,12,-3.340973e+003
24,13,-3.340973e+003
24,14,-3.340973e+003
24,15,-3.340973e+003
24,16,-3.340973e+003
24,17,-3.340973e+003
24,18,-3.340973e+003
24,19,-3.340973e+003
24,20,-3.340973e+003
24,21,-3.340973e+003
25,0,-3.340986e+003
25,1,-3.340986e+003
25,2,-3.340986e+003
25,3,-3.340986e+003
25,4,-3.340986e+003
25,5,-3.340986e+003
25,6,-3.340986e+003
25,7,-3.340986e+003
25,8,-3.340986e+003
25,9,-3.340986e+003
25,10,-3.340986e+003
25,11,-3.340986e+003
25,12,-3.340986e+003
25,13,-3.340986e+003
25,14,-3.340986e+003
25,15,-3.340986e+003
25,16,-3.340986e+003
25,17,-3.340986e+003
25,18,-3.340986e+003
25,19,-3.340986e+003
25,20,-3.340986e+003
25,21,-3.340986e+003
26,0,-3.340995e+003
26,1,-3.340995e+003
26,2,-3.340995e+003
26,3,-3.340995e+003
26,4,-3.340995e+003
26,5,-3.340995e+003
26,6,-3.340995e+003
26,7,-3.340995e+003
26,8,-3.340995e+003
26,9,-3.340995e+003
26,10,-3.340995e+003
26,11,-3.340995e+003
26,12,-3.340995e+003
26,13,-3.340995e+003
26,14,-3.340995e+003
26,15,-3.340995e+003
26,16,-3.340995e+003
26,17,-3.340995e+003
26,18,-3.340995e+003
26,19,-3.340995e+003
26,20,-3.340995e+003
26,21,-3.340995e+003
27,0,-3.341129e+003
27,1,-3.341129e+003
27,2,-3.341129e+003
27,3,-3.341129e+003
27,4,-3.341129e+003
27,5,-3.341129e+003
27,6,-3.341129e+003
27,7,-3.341129e+003
27,8,-3.341129e+003
27,9,-3.341129e+003
27,10,-3.341129e+003
27,11,-3.341129e+003
27,12,-3.341129e+003
27,13,-3.341129e+003
27,14,-3.341129e+003
27,15,-3.341129e+003
27,16,-3.341129e+003
27,17,-3.341129e+003
27,18,-3.341129e+003
27,19,-3.341129e+003
27,20,-3.341129e+003
27,21,-3.341129e+003
28,0,-3.341206e+003
28,1,-3.341206e+003
28,2,-3.341206e+003
28,3,-3.341206e+003
28,4,-3.341206e+003
28,5,-3.341206e+003
28,6,-3.341206e+003
28,7,-3.341206e+003
28,8,-3.341206e+003
28,9,-3.341206e+003
28,10,-3.341206e+003
28,11,-3.341206e+003
28,12,-3.341206e+003
28,13,-3.341206e+003
28,14,-3.341206e+003
28,15,-3.341206e+003
28,16,-3.341206e+003
28,17,-3.341206e+003
28,18,-3.341206e+003
28,19,-3.341206e+003
28,20,-3.341206e+003
28,21,-3.341206e+003
29,0,-3.341229e+003
29,1,-3.341229e+003
29,2,-3.341229e+003
29,3,-3.341229e+003
29,4,-3.341229e+003
29,5,-3.341229e+003
29,6,-3.341229e+003
29,7,-3.341229e+003
29,8,-3.341229e+003
29,9,-3.341229e+003
29,10,-3.341229e+003
29,11,-3.341229e+003
29,12,-3.341229e+003
29,13,-3.341229e+003
29,14,-3.341229e+003
29,15,-3.341229e+003
29,16,-3.341229e+003
29,17,-3.341229e+003
29,18,-3.341229e+003
29,19,-3.341229e+003
29,20,-3.341229e+003
29,21,-3.341229e+003
30,0,-3.341258e+003
30,1,-3.341258e+003
30,2,-3.341258e+003
30,3,-3.341258e+003
30,4,-3.341258e+003
30,5,-3.341258e+003
30,6,-3.341258e+003
30,7,-3.341258e+003
30,8,-3.341258e+003
30,9,-3.341258e+003
30,10,-3.341258e+003
30,11,-3.341258e+003
30,12,-3.341258e+003
30,13,-3.341258e+003
30,14,-3.341258e+003
30,15,-3.341258e+003
30,16,-3.341258e+003
30,17,-3.341258e+003
30,18,-3.341258e+003
30,19,-3.341258e+003
30,20,-3.341258e+003
30,21,-3.341258e+003
31,0,-3.341281e+003
31,1,-3.341281e+003
31,2,-3.341281e+003
31,3,-3.341281e+003
31,4,-3.341281e+003
31,5,-3.341281e+003
31,6,-3.341281e+003
31,7,-3.341281e+003
31,8,-3.341281e+003
31,9,-3.341281e+003
31,10,-3.341281e+003
31,11,-3.341281e+003
31,12,-3.341281e+003
31,13,-3.341281e+003
31,14,-3.341281e+003
31,15,-3.341281e+003
31,16,-3.341281e+003
31,17,-3.341281e+003
31,18,-3.341281e+003
31,19,-3.341281e+003
31,20,-3.341281e+003
31,21,-3.341281e+003
32,0,-3.341302e+003
32,1,-3.341302e+003
32,2,-3.341302e+003
32,3,-3.341302e+003
32,4,-3.341302e+003
32,5,-3.341302e+003
32,6,-3.341302e+003
32,7,-3.341302e+003
32,8,-3.341302e+003
32,9,-3.341302e+003
32,10,-3.341302e+003
32,11,-3.341302e+003
32,12,-3.341302e+003
32,13,-3.341302e+003
32,14,-3.341302e+003
32,15,-3.341302e+003
32,16,-3.341302e+003
32,17,-3.341302e+003
32,18,-3.341302e+003
32,19,-3.341302e+003
32,20,-3.341302e+003
32,21,-3.341302e+003
33,0,-3.341321e+003
33,1,-3.341321e+003
33,2,-3.341321e+003
33,3,-3.341321e+003
33,4,-3.341321e+003
33,5,-3.341321e+003
33,6,-3.341321e+003
33,7,-3.341321e+003
33,8,-3.341321e+003
33,9,-3.341321e+003
33,10,-3.341321e+003
33,11,-3.341321e+003
33,12,-3.341321e+003
33,13,-3.341321e+003
33,14,-3.341321e+003
33,15,-3.341321e+003
33,16,-3.341321e+003
33,17,-3.341321e+003
33,18,-3.341321e+003
33,19,-3.341321e+003
33,20,-3.341321e+003
33,21,-3.341321e+003
34,0,-3.341350e+003
34,1,-3.341350e+003
34,2,-3.341350e+003
34,3,-3.341350e+003
34,4,-3.341350e+003
34,5,-3.341350e+003
34,6,-3.341350e+003
34,7,-3.341350e+003
34,8,-3.341350e+003
34,9,-3.341350e+003
34,10,-3.341350e+003
34,11,-3.341350e+003
34,12,-3.341350e+003
34,13,-3.341350e+003
34,14,-3.341350e+003
34,15,-3.341350e+003
34,16,-3.341350e+003
34,17,-3.341350e+003
34,18,-3.341350e+003
34,19,-3.341350e+003
34,20,-3.341350e+003
34,21,-3.341350e+003
35,0,-3.341386e+003
35,1,-3.341386e+003
35,2,-3.341386e+003
35,3,-3.341386e+003
35,4,-3.341386e+003
35,5,-3.341386e+003
35,6,-3.341386e+003
35,7,-3.341386e+003
35,8,-3.341386e+003
35,9,-3.341386e+003
35,10,-3.341386e+003
35,11,-3.341386e+003
35,12,-3.341386e+003
35,13,-3.341386e+003
35,14,-3.341386e+003
35,15,-3.341386e+003
35,16,-3.341386e+003
35,17,-3.341386e+003
35,18,-3.341386e+003
35,19,-3.341386e+003
35,20,-3.341386e+003
35,21,-3.341386e+003
36,0,-3.341401e+003
36,1,-3.341401e+003
36,2,-3.341401e+003
36,3,-3.341401e+003
36,4,-3.341401e+003
36,5,-3.341401e+003
36,6,-3.341401e+003
36,7,-3.341401e+003
36,8,-3.341401e+003
36,9,-3.341401e+003
36,10,-3.341401e+003
36,11,-3.341401e+003
36,12,-3.341401e+003
36,13,-3.341401e+003
36,14,-3.341401e+003
36,15,-3.341401e+003
36,16,-3.341401e+003
36,17,-3.341401e+003
36,18,-3.341401e+003
36,19,-3.341401e+003
36,20,-3.341401e+003
36,21,-3.341401e+003
37,0,-3.341382e+003
37,1,-3.341382e+003
37,2,-3.341382e+003
37,3,-3.341382e+003
37,4,-3.341382e+003
37,5,-3.341382e+003
37,6,-3.341382e+003
37,7,-3.341382e+003
37,8,-3.341382e+003
37,9,-3.341382e+003
37,10,-3.341382e+003
37,11,-3.341382e+003
37,12,-3.341382e+003
37,13,-3.341382e+003
37,14,-3.341382e+003
37,15,-3.341382e+003
37,16,-3.341382e+003
37,17,-3.341382e+003
37,18,-3.341382e+003
37,19,-3.341382e+003
37,20,-3.341382e+003
37,21,-3.341382e+003
38,0,-3.341312e+003
38,1,-3.341312e+003
38,2,-3.341312e+003
38,3,-3.341312e+003
38,4,-3.341312e+003
38,5,-3.341312e+003
38,6,-3.341312e+003
38,7,-3.341312e+003
38,8,-3.341312e+003
38,9,-3.341312e+003
38,10,-3.341312e+003
38,11,-3.341312e+003
38,12,-3.341312e+003
38,13,-3.341312e+003
38,14,-3.341312e+003
38,15,-3.341312e+003
38,16,-3.341312e+003
38,17,-3.341312e+003
38,18,-3.341312e+003
38,19,-3.341312e+003
38,20,-3.341312e+003
38,21,-3.341312e+003
39,0,-3.341164e+003
39,1,-3.341164e+003
39,2,-3.341164e+003
39,3,-3.341164e+003
39,4,-3.341164e+003
39,5,-3.341164e+003
39,6,-3.341164e+003
39,7,-3.341164e+003
39,8,-3.341164e+003
39,9,-3.341164e+003
39,10,-3.341164e+003
39,11,-3.341164e+003
39,12,-3.341164e+003
39,13,-3.341164e+003
39,14,-3.341164e+003
39,15,-3.341164e+003
39,16,-3.341164e+003
39,17,-3.341164e+003
39,18,-3.341164e+003
39,19,-3.341164e+003
39,20,-3.341164e+003
39,21,-3.341164e+003
40,0,-3.340738e+003
40,1,-3.340738e+003
40,2,-3.340738e+003
40,3,-3.340738e+003
40,4,-3.340738e+003
40,5,-3.340738e+003
40,6,-3.340738e+003
40,7,-3.340738e+003
40,8,-3.340738e+003
40,9,-3.340738e+003
40,10,-3.340738e+003
40,11,-3.340738e+003
40,12,-3.340738e+003
40,13,-3.340738e+003
40,14,-3.340738e+003
40,15,-3.340738e+003
40,16,-3.340738e+003
40,17,-3.340738e+003
40,18,-3.340738e+003
40,19,-3.340738e+003
40,20,-3.340738e+003
40,21,-3.340738e+003
41,0,-3.340264e+003
41,1,-3.340264e+003
41,2,-3.340264e+003
41,3,-3.340264e+003
41,4,-3.340264e+003
41,5,-3.340264e+003
41,6,-3.340264e+003
41,7,-3.340264e+003
41,8,-3.340264e+003
41,9,-3.340264e+003
41,10,-3.340264e+003
41,11,-3.340264e+003
41,12,-3.340264e+003
41,13,-3.340264e+003
41,14,-3.340264e+003
41,15,-3.340264e+003
41,16,-3.340264e+003
41,17,-3.340264e+003
41,18,-3.340264e+003
41,19,-3.340264e+003
41,20,-3.340264e+003
41,21,-3.340264e+003
42,0,-3.339662e+003
42,1,-3.339662e+003
42,2,-3.339662e+003
42,3,-3.339662e+003
42,4,-3.339662e+003
42,5,-3.339662e+003
42,6,-3.339662e+003
42,7,-3.339662e+003
42,8,-3.339662e+003
42,9,-3.339662e+003
42,10,-3.339662e+003
42,11,-3.339662e+003
42,12,-3.339663e+003
42,13,-3.339665e+003
42,14,-3.339717e+003
42,15,-3.339720e+003
42,16,-3.339722e+003
42,17,-3.339724e+003
42,18,-3.339725e+003
42,19,-3.339726e+003
42,20,-3.339726e+003
42,21,-3.339726e+003
42,22,-3.339726e+003
42,23,-3.339726e+003
42,24,-3.339726e+003
42,25,-3.339726e+003
42,26,-3.339726e+003
42,27,-3.339726e+003
42,28,-3.339726e+003
42,29,-3.339726e+003
42,30,-3.339726e+003
42,31,-3.339726e+003
42,32,-3.339726e+003
42,33,-3.339726e+003
42,34,-3.339726e+003
42,35,-3.339726e+003
42,36,-3.339726e+003
43,0,-3.338882e+003
43,1,-3.338882e+003
43,2,-3.338882e+003
43,3,-3.338882e+003
43,4,-3.338882e+003
43,5,-3.338882e+003
43,6,-3.338882e+003
43,7,-3.338882e+003
43,8,-3.338882e+003
43,9,-3.338882e+003
43,10,-3.338882e+003
43,11,-3.338882e+003
43,12,-3.338882e+003
43,13,-3.338882e+003
43,14,-3.338882e+003
43,15,-3.338882e+003
43,16,-3.338882e+003
43,17,-3.338882e+003
43,18,-3.338882e+003
43,19,-3.338882e+003
43,20,-3.338882e+003
43,21,-3.338882e+003
43,22,-3.338882e+003
43,23,-3.338882e+003
43,24,-3.338882e+003
43,25,-3.338882e+003
43,26,-3.338882e+003
43,27,-3.338882e+003
43,28,-3.338882e+003
43,29,-3.338882e+003
43,30,-3.338882e+003
43,31,-3.338882e+003
43,32,-3.338882e+003
43,33,-3.338882e+003
43,34,-3.338882e+003
43,35,-3.338882e+003
43,36,-3.338882e+003
43,37,-3.338882e+003
43,38,-3.338882e+003
43,39,-3.338882e+003
43,40,-3.338882e+003
43,41,-3.338882e+003
43,42,-3.338882e+003
43,43,-3.338882e+003
43,44,-3.338882e+003
43,45,-3.338882e+003
43,46,-3.338882e+003
43,47,-3.338882e+003
43,48,-3.338882e+003
43,49,-3.338882e+003
43,50,-3.338882e+003
43,51,-3.338882e+003
43,52,-3.338882e+003
43,53,-3.338882e+003
43,54,-3.338882e+003
43,55,-3.338882e+003
43,56,-3.338882e+003
43,57,-3.338882e+003
43,58,-3.338882e+003
43,59,-3.338882e+003
43,60,-3.338882e+003
43,61,-3.338882e+003
43,62,-3.338882e+003
43,63,-3.338882e+003
43,64,-3.338882e+003
43,65,-3.338882e+003
43,66,-3.338882e+003
43,67,-3.338882e+003
43,68,-3.338882e+003
43,69,-3.338882e+003
43,70,-3.338882e+003
43,71,-3.338882e+003
43,72,-3.338882e+003
43,73,-3.338882e+003
43,74,-3.338882e+003
43,75,-3.338883e+003
43,76,-3.338884e+003
43,77,-3.338884e+003
43,78,-3.338885e+003
43,79,-3.338886e+003
43,80,-3.338886e+003
43,81,-3.338887e+003
43,82,-3.338887e+003
43,83,-3.338887e+003
43,84,-3.338887e+003
43,85,-3.338887e+003
43,86,-3.338887e+003
43,87,-3.338887e+003
43,88,-3.338887e+003
43,89,-3.338887e+003
43,90,-3.338887e+003
43,91,-3.338887e+003
43,92,-3.338887e+003
43,93,-3.338887e+003
43,94,-3.338887e+003
43,95,-3.338887e+003
43,96,-3.338887e+003
43,97,-3.338887e+003
43,98,-3.338887e+003
43,99,-3.338887e+003
43,100,-3.338887e+003
43,101,-3.338887e+003
43,102,-3.338887e+003
43,103,-3.338887e+003
43,104,-3.338887e+003
43,105,-3.338887e+003
43,106,-3.338887e+003
43,107,-3.338887e+003
43,108,-3.338887e+003
44,0,-3.337757e+003
44,1,-3.337757e+003
44,2,-3.337757e+003
44,3,-3.337757e+003
44,4,-3.337757e+003
44,5,-3.337757e+003
44,6,-3.337757e+003
44,7,-3.337757e+003
44,8,-3.337757e+003
44,9,-3.337757e+003
44,10,-3.337757e+003
44,11,-3.337757e+003
44,12,-3.337757e+003
44,13,-3.337757e+003
44,14,-3.337757e+003
44,15,-3.337757e+003
44,16,-3.337757e+003
44,17,-3.337757e+003
44,18,-3.337757e+003
44,19,-3.337757e+003
44,20,-3.337757e+003
44,21,-3.337757e+003
45,0,-3.336483e+003
45,1,-3.336483e+003
45,2,-3.336483e+003
45,3,-3.336483e+003
45,4,-3.336483e+003
45,5,-3.336483e+003
45,6,-3.336483e+003
45,7,-3.336483e+003
45,8,-3.336483e+003
45,9,-3.336483e+003
45,10,-3.336483e+003
45,11,-3.336483e+003
45,12,-3.336483e+003
45,13,-3.336483e+003
45,14,-3.336483e+003
45,15,-3.336483e+003
45,16,-3.336483e+003
45,17,-3.336483e+003
45,18,-3.336483e+003
45,19,-3.336483e+003
45,20,-3.336483e+003
45,21,-3.336483e+003
46,0,-3.334716e+003
46,1,-3.334716e+003
46,2,-3.334716e+003
46,3,-3.334716e+003
46,4,-3.334716e+003
46,5,-3.334716e+003
46,6,-3.334716e+003
46,7,-3.334716e+003
46,8,-3.334716e+003
46,9,-3.334716e+003
46,10,-3.334716e+003
46,11,-3.334716e+003
46,12,-3.334716e+003
46,13,-3.334716e+003
46,14,-3.334716e+003
46,15,-3.334716e+003
46,16,-3.334716e+003
46,17,-3.334716e+003
46,18,-3.334716e+003
46,19,-3.334716e+003
46,20,-3.334716e+003
46,21,-3.334716e+003
47,0,-3.332695e+003
47,1,-3.332731e+003
47,2,-3.332765e+003
47,3,-3.332829e+003
47,4,-3.332975e+003
47,5,-3.332992e+003
47,6,-3.332999e+003
47,7,-3.333004e+003
47,8,-3.333008e+003
47,9,-3.333010e+003
47,10,-3.333010e+003
47,11,-3.333011e+003
47,12,-3.333012e+003
47,13,-3.333012e+003
47,14,-3.333012e+003
47,15,-3.333012e+003
47,16,-3.333012e+003
47,17,-3.333012e+003
47,18,-3.333012e+003
47,19,-3.333012e+003
47,20,-3.333012e+003
47,21,-3.333012e+003
47,22,-3.333012e+003
47,23,-3.333012e+003
47,24,-3.333012e+003
47,25,-3.333012e+003
47,26,-3.333012e+003
47,27,-3.333012e+003
47,28,-3.333012e+003
47,29,-3.333012e+003
47,30,-3.333012e+003
47,31,-3.333012e+003
47,32,-3.333012e+003
47,33,-3.333012e+003
47,34,-3.333012e+003
47,35,-3.333012e+003
47,36,-3.333012e+003
47,37,-3.333012e+003
47,38,-3.333012e+003
47,39,-3.333012e+003
47,40,-3.333012e+003
47,41,-3.333012e+003
47,42,-3.333012e+003
47,43,-3.333012e+003
47,44,-3.333012e+003
47,45,-3.333012e+003
47,46,-3.333012e+003
47,47,-3.333012e+003
47,48,-3.333012e+003
47,49,-3.333012e+003
47,50,-3.333012e+003
47,51,-3.333012e+003
47,52,-3.333012e+003
47,53,-3.333012e+003
47,54,-3.333012e+003
47,55,-3.333012e+003
47,56,-3.333012e+003
47,57,-3.333012e+003
47,58,-3.333012e+003
47,59,-3.333012e+003
47,60,-3.333012e+003
47,61,-3.333012e+003
47,62,-3.333012e+003
47,63,-3.333012e+003
47,64,-3.333012e+003
47,65,-3.333012e+003
47,66,-3.333012e+003
47,67,-3.333012e+003
47,68,-3.333012e+003
47,69,-3.333012e+003
47,70,-3.333012e+003
47,71,-3.333012e+003
47,72,-3.333012e+003
47,73,-3.333012e+003
47,74,-3.333012e+003
47,75,-3.333012e+003
47,76,-3.333012e+003
48,0,-3.330962e+003
48,1,-3.330962e+003
48,2,-3.330962e+003
48,3,-3.330962e+003
48,4,-3.330962e+003
48,5,-3.330962e+003
48,6,-3.330962e+003
48,7,-3.330962e+003
48,8,-3.330962e+003
48,9,-3.330962e+003
48,10,-3.330962e+003
48,11,-3.330962e+003
48,12,-3.330962e+003
48,13,-3.330962e+003
48,14,-3.330962e+003
48,15,-3.330962e+003
48,16,-3.330962e+003
48,17,-3.330962e+003
48,18,-3.330962e+003
48,19,-3.330962e+003
48,20,-3.330962e+003
48,21,-3.330962e+003
49,0,-3.328897e+003
49,1,-3.328913e+003
49,2,-3.328930e+003
49,3,-3.328940e+003
49,4,-3.328972e+003
49,5,-3.328991e+003
49,6,-3.328998e+003
49,7,-3.329001e+003
49,8,-3.329005e+003
49,9,-3.329007e+003
49,10,-3.329007e+003
49,11,-3.329008e+003
49,12,-3.329008e+003
49,13,-3.329009e+003
49,14,-3.329009e+003
49,15,-3.329009e+003
49,16,-3.329009e+003
49,17,-3.329009e+003
49,18,-3.329009e+003
49,19,-3.329009e+003
49,20,-3.329009e+003
49,21,-3.329009e+003
49,22,-3.329009e+003
49,23,-3.329009e+003
49,24,-3.329009e+003
49,25,-3.329009e+003
49,26,-3.329009e+003
49,27,-3.329009e+003
49,28,-3.329009e+003
49,29,-3.329009e+003
49,30,-3.329009e+003
49,31,-3.329009e+003
49,32,-3.329009e+003
49,33,-3.329009e+003
49,34,-3.329009e+003
49,35,-3.329009e+003
49,36,-3.329009e+003
49,37,-3.329009e+003
49,38,-3.329009e+003
49,39,-3.329009e+003
50,0,-3.327406e+003
50,1,-3.327406e+003
50,2,-3.327406e+003
50,3,-3.327406e+003
50,4,-3.327406e+003
50,5,-3.327406e+003
50,6,-3.327406e+003
50,7,-3.327406e+003
50,8,-3.327406e+003
50,9,-3.327406e+003
50,10,-3.327406e+003
50,11,-3.327406e+003
50,12,-3.327406e+003
50,13,-3.327406e+003
50,14,-3.327406e+003
50,15,-3.327406e+003
50,16,-3.327406e+003
50,17,-3.327406e+003
50,18,-3.327406e+003
50,19,-3.327406e+003
50,20,-3.327406e+003
50,21,-3.327406e+003
50,22,-3.327406e+003
50,23,-3.327406e+003
50,24,-3.327406e+003
50,25,-3.327406e+003
50,26,-3.327406e+003
50,27,-3.327406e+003
50,28,-3.327406e+003
50,29,-3.327406e+003
50,30,-3.327406e+003
50,31,-3.327406e+003
50,32,-3.327406e+003
50,33,-3.327406e+003
50,34,-3.327406e+003
50,35,-3.327406e+003
50,36,-3.327406e+003
50,37,-3.327406e+003
50,38,-3.327406e+003
50,39,-3.327406e+003
50,40,-3.327406e+003
50,41,-3.327406e+003
50,42,-3.327406e+003
50,43,-3.327406e+003
50,44,-3.327406e+003
50,45,-3.327406e+003
50,46,-3.327406e+003
50,47,-3.327406e+003
50,48,-3.327406e+003
50,49,-3.327406e+003
50,50,-3.327406e+003
50,51,-3.327406e+003
50,52,-3.327406e+003
50,53,-3.327406e+003
50,54,-3.327406e+003
50,55,-3.327406e+003
50,56,-3.327406e+003
50,57,-3.327406e+003
50,58,-3.327406e+003
50,59,-3.327406e+003
50,60,-3.327406e+003
50,61,-3.327409e+003
50,62,-3.327412e+003
50,63,-3.327415e+003
50,64,-3.327418e+003
50,65,-3.327422e+003
50,66,-3.327424e+003
50,67,-3.327425e+003
50,68,-3.327426e+003
50,69,-3.327427e+003
50,70,-3.327428e+003
50,71,-3.327428e+003
50,72,-3.327428e+003
50,73,-3.327428e+003
50,74,-3.327428e+003
50,75,-3.327428e+003
50,76,-3.327428e+003
50,77,-3.327428e+003
50,78,-3.327428e+003
50,79,-3.327428e+003
50,80,-3.327428e+003
50,81,-3.327428e+003
50,82,-3.327428e+003
50,83,-3.327428e+003
50,84,-3.327428e+003
50,85,-3.327428e+003
50,86,-3.327428e+003
50,87,-3.327428e+003
50,88,-3.327428e+003
50,89,-3.327428e+003
50,90,-3.327428e+003
50,91,-3.327428e+003
50,92,-3.327428e+003
50,93,-3.327428e+003
50,94,-3.327428e+003
50,95,-3.327428e+003
50,96,-3.327428e+003
50,97,-3.327428e+003
50,98,-3.327428e+003
50,99,-3.327428e+003
50,100,-3.327428e+003
50,101,-3.327428e+003
50,102,-3.327428e+003
50,103,-3.327428e+003
50,104,-3.327428e+003
50,105,-3.327428e+003
50,106,-3.327428e+003
50,107,-3.327428e+003
50,108,-3.327428e+003
50,109,-3.327428e+003
50,110,-3.327428e+003
50,111,-3.327429e+003
50,112,-3.327429e+003
50,113,-3.327429e+003
50,114,-3.327429e+003
50,115,-3.327429e+003
50,116,-3.327429e+003
50,117,-3.327429e+003
50,118,-3.327429e+003
50,119,-3.327429e+003
50,120,-3.327429e+003
50,121,-3.327429e+003
50,122,-3.327429e+003
50,123,-3.327429e+003
50,124,-3.327429e+003
50,125,-3.327429e+003
50,126,-3.327429e+003
50,127,-3.327429e+003
50,128,-3.327429e+003
50,129,-3.327429e+003
51,0,-3.325901e+003
51,1,-3.325901e+003
51,2,-3.325901e+003
51,3,-3.325901e+003
51,4,-3.325901e+003
51,5,-3.325901e+003
51,6,-3.325901e+003
51,7,-3.325901e+003
51,8,-3.325901e+003
51,9,-3.325901e+003
51,10,-3.325901e+003
51,11,-3.325901e+003
51,12,-3.325901e+003
51,13,-3.325901e+003
51,14,-3.325901e+003
51,15,-3.325901e+003
51,16,-3.325901e+003
51,17,-3.325901e+003
51,18,-3.325901e+003
51,19,-3.325901e+003
51,20,-3.325901e+003
51,21,-3.325901e+003
52,0,-3.325081e+003
52,1,-3.325081e+003
52,2,-3.325081e+003
52,3,-3.325081e+003
52,4,-3.325081e+003
52,5,-3.325081e+003
52,6,-3.325081e+003
52,7,-3.325081e+003
52,8,-3.325081e+003
52,9,-3.325089e+003
52,10,-3.325098e+003
52,11,-3.325103e+003
52,12,-3.325110e+003
52,13,-3.325115e+003
52,14,-3.325117e+003
52,15,-3.325126e+003
52,16,-3.325129e+003
52,17,-3.325130e+003
52,18,-3.325130e+003
52,19,-3.325131e+003
52,20,-3.325131e+003
52,21,-3.325131e+003
52,22,-3.325131e+003
52,23,-3.325131e+003
52,24,-3.325132e+003
52,25,-3.325132e+003
52,26,-3.325132e+003
52,27,-3.325132e+003
52,28,-3.325132e+003
52,29,-3.325132e+003
52,30,-3.325132e+003
52,31,-3.325132e+003
52,32,-3.325132e+003
52,33,-3.325132e+003
52,34,-3.325132e+003
52,35,-3.325132e+003
52,36,-3.325132e+003
52,37,-3.325056e+003
52,38,-3.325056e+003
52,39,-3.325056e+003
52,40,-3.325056e+003
52,41,-3.325056e+003
52,42,-3.325056e+003
52,43,-3.325056e+003
52,44,-3.325056e+003
52,45,-3.325056e+003
52,46,-3.325056e+003
52,47,-3.325056e+003
52,48,-3.325056e+003
52,49,-3.325056e+003
52,50,-3.325056e+003
52,51,-3.325056e+003
52,52,-3.325056e+003
52,53,-3.325056e+003
52,54,-3.325056e+003
52,55,-3.325056e+003
52,56,-3.325056e+003
52,57,-3.325056e+003
52,58,-3.325056e+003
52,59,-3.325056e+003
52,60,-3.325056e+003
52,61,-3.325056e+003
52,62,-3.325056e+003
52,63,-3.325056e+003
52,64,-3.325056e+003
52,65,-3.325056e+003
52,66,-3.325056e+003
52,67,-3.325056e+003
52,68,-3.325056e+003
52,69,-3.325056e+003
52,70,-3.325056e+003
52,71,-3.325057e+003
52,72,-3.325057e+003
52,73,-3.325057e+003
52,74,-3.325057e+003
52,75,-3.325057e+003
52,76,-3.325057e+003
52,77,-3.325057e+003
52,78,-3.325057e+003
52,79,-3.325057e+003
52,80,-3.325057e+003
52,81,-3.325057e+003
52,82,-3.325057e+003
52,83,-3.325057e+003
52,84,-3.325057e+003
52,85,-3.325057e+003
52,86,-3.325057e+003
52,87,-3.325057e+003
52,88,-3.325057e+003
52,89,-3.325057e+003
52,90,-3.325057e+003
52,91,-3.325057e+003
52,92,-3.325057e+003
52,93,-3.325057e+003
52,94,-3.325057e+003
52,95,-3.325057e+003
52,96,-3.325057e+003
52,97,-3.325057e+003
53,0,-3.324895e+003
53,1,-3.324895e+003
53,2,-3.324895e+003
53,3,-3.324895e+003
53,4,-3.324895e+003
53,5,-3.324895e+003
53,6,-3.324895e+003
53,7,-3.324895e+003
53,8,-3.324895e+003
53,9,-3.324895e+003
53,10,-3.324895e+003
53,11,-3.324896e+003
53,12,-3.324898e+003
53,13,-3.324898e+003
53,14,-3.324899e+003
53,15,-3.324899e+003
53,16,-3.324899e+003
53,17,-3.324900e+003
53,18,-3.324900e+003
53,19,-3.324900e+003
53,20,-3.324900e+003
53,21,-3.324900e+003
53,22,-3.324900e+003
53,23,-3.324900e+003
53,24,-3.324900e+003
53,25,-3.324900e+003
53,26,-3.324900e+003
53,27,-3.324900e+003
53,28,-3.324900e+003
53,29,-3.324900e+003
53,30,-3.324900e+003
53,31,-3.324900e+003
53,32,-3.324900e+003
53,33,-3.324900e+003
53,34,-3.324900e+003
53,35,-3.324900e+003
53,36,-3.324900e+003
53,37,-3.324900e+003
53,38,-3.324900e+003
53,39,-3.324900e+003
53,40,-3.324900e+003
53,41,-3.324900e+003
53,42,-3.324900e+003
53,43,-3.324900e+003
53,44,-3.324900e+003
53,45,-3.324900e+003
53,46,-3.324900e+003
53,47,-3.324900e+003
53,48,-3.324900e+003
53,49,-3.324900e+003
53,50,-3.324900e+003
53,51,-3.324900e+003
53,52,-3.324900e+003
53,53,-3.324900e+003
53,54,-3.324900e+003
53,55,-3.324900e+003
53,56,-3.324901e+003
53,57,-3.324901e+003
53,58,-3.324901e+003
53,59,-3.324901e+003
53,60,-3.324901e+003
53,61,-3.324901e+003
53,62,-3.324901e+003
53,63,-3.324901e+003
53,64,-3.324901e+003
53,65,-3.324901e+003
53,66,-3.324901e+003
53,67,-3.324901e+003
53,68,-3.324901e+003
53,69,-3.324901e+003
53,70,-3.324901e+003
53,71,-3.324901e+003
53,72,-3.324901e+003
53,73,-3.324901e+003
53,74,-3.324901e+003
53,75,-3.324901e+003
53,76,-3.324901e+003
53,77,-3.324901e+003
53,78,-3.324901e+003
54,0,-3.325394e+003
54,1,-3.325394e+003
54,2,-3.325394e+003
54,3,-3.325394e+003
54,4,-3.325394e+003
54,5,-3.325394e+003
54,6,-3.325394e+003
54,7,-3.325394e+003
54,8,-3.325394e+003
54,9,-3.325394e+003
54,10,-3.325394e+003
54,11,-3.325394e+003
54,12,-3.325394e+003
54,13,-3.325394e+003
54,14,-3.325394e+003
54,15,-3.325394e+003
54,16,-3.325394e+003
54,17,-3.325394e+003
54,18,-3.325394e+003
54,19,-3.325394e+003
54,20,-3.325394e+003
54,21,-3.325394e+003
54,22,-3.325394e+003
54,23,-3.325394e+003
54,24,-3.325394e+003
54,25,-3.325394e+003
54,26,-3.325394e+003
54,27,-3.325394e+003
54,28,-3.325394e+003
54,29,-3.325394e+003
54,30,-3.325394e+003
54,31,-3.325394e+003
54,32,-3.325394e+003
54,33,-3.325396e+003
54,34,-3.325397e+003
54,35,-3.325397e+003
54,36,-3.325398e+003
54,37,-3.325399e+003
54,38,-3.325399e+003
54,39,-3.325393e+003
54,40,-3.325393e+003
54,41,-3.325393e+003
54,42,-3.325393e+003
54,43,-3.325393e+003
54,44,-3.325393e+003
54,45,-3.325393e+003
54,46,-3.325393e+003
54,47,-3.325393e+003
54,48,-3.325393e+003
54,49,-3.325393e+003
54,50,-3.325393e+003
54,51,-3.325393e+003
54,52,-3.325393e+003
54,53,-3.325393e+003
54,54,-3.325393e+003
54,55,-3.325393e+003
54,56,-3.325393e+003
54,57,-3.325393e+003
54,58,-3.325393e+003
54,59,-3.325393e+003
54,60,-3.325393e+003
54,61,-3.325393e+003
54,62,-3.325394e+003
54,63,-3.325394e+003
54,64,-3.325394e+003
54,65,-3.325394e+003
54,66,-3.325394e+003
54,67,-3.325394e+003
54,68,-3.325394e+003
54,69,-3.325394e+003
54,70,-3.325394e+003
54,71,-3.325394e+003
54,72,-3.325394e+003
54,73,-3.325394e+003
54,74,-3.325394e+003
54,75,-3.325394e+003
54,76,-3.325394e+003
54,77,-3.325394e+003
54,78,-3.325394e+003
54,79,-3.325394e+003
54,80,-3.325394e+003
54,81,-3.325394e+003
54,82,-3.325394e+003
54,83,-3.325394e+003
54,84,-3.325394e+003
54,85,-3.325394e+003
54,86,-3.325394e+003
54,87,-3.325394e+003
54,88,-3.325394e+003
54,89,-3.325394e+003
54,90,-3.325394e+003
54,91,-3.325394e+003
54,92,-3.325394e+003
54,93,-3.325394e+003
54,94,-3.325394e+003
54,95,-3.325394e+003
54,96,-3.325394e+003
54,97,-3.325394e+003
54,98,-3.325394e+003
54,99,-3.325394e+003
55,0,-3.326483e+003
55,1,-3.326483e+003
55,2,-3.326483e+003
55,3,-3.326483e+003
55,4,-3.326483e+003
55,5,-3.326483e+003
55,6,-3.326483e+003
55,7,-3.326483e+003
55,8,-3.326483e+003
55,9,-3.326483e+003
55,10,-3.326483e+003
55,11,-3.326483e+003
55,12,-3.326483e+003
55,13,-3.326483e+003
55,14,-3.326483e+003
55,15,-3.326483e+003
55,16,-3.326483e+003
55,17,-3.326483e+003
55,18,-3.326483e+003
55,19,-3.326483e+003
55,20,-3.326483e+003
55,21,-3.326483e+003
56,0,-3.327846e+003
56,1,-3.327846e+003
56,2,-3.327846e+003
56,3,-3.327846e+003
56,4,-3.327846e+003
56,5,-3.327846e+003
56,6,-3.327846e+003
56,7,-3.327846e+003
56,8,-3.327846e+003
56,9,-3.327846e+003
56,10,-3.327853e+003
56,11,-3.327861e+003
56,12,-3.327867e+003
56,13,-3.327956e+003
56,14,-3.327969e+003
56,15,-3.327975e+003
56,16,-3.327978e+003
56,17,-3.327979e+003
56,18,-3.327980e+003
56,19,-3.327981e+003
56,20,-3.327981e+003
56,21,-3.327981e+003
56,22,-3.327981e+003
56,23,-3.327981e+003
56,24,-3.327981e+003
56,25,-3.327981e+003
56,26,-3.327981e+003
56,27,-3.327982e+003
56,28,-3.327982e+003
56,29,-3.327982e+003
56,30,-3.327982e+003
56,31,-3.327982e+003
56,32,-3.327982e+003
56,33,-3.327982e+003
56,34,-3.327982e+003
56,35,-3.327982e+003
56,36,-3.327982e+003
56,37,-3.327982e+003
56,38,-3.327982e+003
56,39,-3.327982e+003
56,40,-3.327982e+003
56,41,-3.327982e+003
56,42,-3.327982e+003
56,43,-3.327982e+003
56,44,-3.327982e+003
56,45,-3.327982e+003
56,46,-3.327982e+003
56,47,-3.327982e+003
56,48,-3.327982e+003
56,49,-3.327982e+003
56,50,-3.327982e+003
56,51,-3.327982e+003
56,52,-3.327982e+003
56,53,-3.327982e+003
56,54,-3.327982e+003
56,55,-3.327982e+003
56,56,-3.327982e+003
56,57,-3.327982e+003
56,58,-3.327982e+003
56,59,-3.327982e+003
56,60,-3.327982e+003
56,61,-3.327982e+003
56,62,-3.327982e+003
56,63,-3.327982e+003
56,64,-3.327982e+003
56,65,-3.327982e+003
56,66,-3.327982e+003
56,67,-3.327982e+003
56,68,-3.327982e+003
56,69,-3.327982e+003
56,70,-3.327982e+003
56,71,-3.327982e+003
56,72,-3.327982e+003
56,73,-3.327982e+003
56,74,-3.327982e+003
56,75,-3.327982e+003
56,76,-3.327982e+003
56,77,-3.327982e+003
56,78,-3.327982e+003
56,79,-3.327982e+003
56,80,-3.327982e+003
56,81,-3.327982e+003
56,82,-3.327982e+003
56,83,-3.327982e+003
56,84,-3.327982e+003
56,85,-3.327982e+003
56,86,-3.327982e+003
56,87,-3.327982e+003
56,88,-3.327982e+003
56,89,-3.327982e+003
56,90,-3.327982e+003
56,91,-3.327982e+003
56,92,-3.327982e+003
56,93,-3.327982e+003
56,94,-3.327982e+003
57,0,-3.329869e+003
57,1,-3.329869e+003
57,2,-3.329869e+003
57,3,-3.329869e+003
57,4,-3.329869e+003
57,5,-3.329869e+003
57,6,-3.329869e+003
57,7,-3.329869e+003
57,8,-3.329869e+003
57,9,-3.329869e+003
57,10,-3.329869e+003
57,11,-3.329869e+003
57,12,-3.329869e+003
57,13,-3.329869e+003
57,14,-3.329869e+003
57,15,-3.329872e+003
57,16,-3.329875e+003
57,17,-3.329877e+003
57,18,-3.329884e+003
57,19,-3.329889e+003
57,20,-3.329892e+003
57,21,-3.329892e+003
57,22,-3.329893e+003
57,23,-3.329893e+003
57,24,-3.329893e+003
57,25,-3.329894e+003
57,26,-3.329894e+003
57,27,-3.329894e+003
57,28,-3.329894e+003
57,29,-3.329894e+003
57,30,-3.329894e+003
57,31,-3.329894e+003
57,32,-3.329894e+003
57,33,-3.329894e+003
57,34,-3.329894e+003
57,35,-3.329894e+003
57,36,-3.329894e+003
57,37,-3.329894e+003
57,38,-3.329894e+003
57,39,-3.329894e+003
57,40,-3.329894e+003
57,41,-3.329894e+003
57,42,-3.329894e+003
57,43,-3.329894e+003
57,44,-3.329894e+003
57,45,-3.329894e+003
57,46,-3.329894e+003
57,47,-3.329894e+003
57,48,-3.329894e+003
57,49,-3.329894e+003
57,50,-3.329894e+003
57,51,-3.329894e+003
57,52,-3.329894e+003
57,53,-3.329894e+003
57,54,-3.329894e+003
57,55,-3.329894e+003
57,56,-3.329894e+003
57,57,-3.329894e+003
57,58,-3.329894e+003
57,59,-3.329894e+003
57,60,-3.329894e+003
57,61,-3.329894e+003
57,62,-3.329894e+003
57,63,-3.329894e+003
57,64,-3.329894e+003
57,65,-3.329894e+003
57,66,-3.329894e+003
57,67,-3.329894e+003
57,68,-3.329894e+003
57,69,-3.329894e+003
57,70,-3.329894e+003
57,71,-3.329894e+003
57,72,-3.329894e+003
57,73,-3.329894e+003
57,74,-3.329894e+003
57,75,-3.329894e+003
57,76,-3.329894e+003
57,77,-3.329894e+003
57,78,-3.329894e+003
57,79,-3.329894e+003
57,80,-3.329894e+003
57,81,-3.329894e+003
57,82,-3.329894e+003
57,83,-3.329894e+003
57,84,-3.329894e+003
57,85,-3.329894e+003
57,86,-3.329894e+003
57,87,-3.329894e+003
57,88,-3.329894e+003
57,89,-3.329894e+003
57,90,-3.329894e+003
57,91,-3.329894e+003
57,92,-3.329894e+003
57,93,-3.329894e+003
57,94,-3.329894e+003
57,95,-3.329894e+003
57,96,-3.329894e+003
57,97,-3.329894e+003
57,98,-3.329894e+003
58,0,-3.331908e+003
58,1,-3.331908e+003
58,2,-3.331908e+003
58,3,-3.331908e+003
58,4,-3.331908e+003
58,5,-3.331908e+003
58,6,-3.331908e+003
58,7,-3.331908e+003
58,8,-3.331908e+003
58,9,-3.331908e+003
58,10,-3.331908e+003
58,11,-3.331908e+003
58,12,-3.331908e+003
58,13,-3.331908e+003
58,14,-3.331908e+003
58,15,-3.331908e+003
58,16,-3.331911e+003
58,17,-3.331915e+003
58,18,-3.331917e+003
58,19,-3.331925e+003
58,20,-3.331930e+003
58,21,-3.331932e+003
58,22,-3.331933e+003
58,23,-3.331934e+003
58,24,-3.331935e+003
58,25,-3.331935e+003
58,26,-3.331935e+003
58,27,-3.331935e+003
58,28,-3.331935e+003
58,29,-3.331935e+003
58,30,-3.331935e+003
58,31,-3.331935e+003
58,32,-3.331935e+003
58,33,-3.331935e+003
58,34,-3.331935e+003
58,35,-3.331935e+003
58,36,-3.331935e+003
58,37,-3.331935e+003
58,38,-3.331935e+003
58,39,-3.331935e+003
58,40,-3.331935e+003
58,41,-3.331935e+003
58,42,-3.331935e+003
58,43,-3.331935e+003
58,44,-3.331935e+003
58,45,-3.331935e+003
58,46,-3.331935e+003
58,47,-3.331935e+003
58,48,-3.331935e+003
58,49,-3.331935e+003
58,50,-3.331935e+003
58,51,-3.331935e+003
58,52,-3.331935e+003
58,53,-3.331935e+003
58,54,-3.331935e+003
58,55,-3.331935e+003
58,56,-3.331935e+003
58,57,-3.331935e+003
58,58,-3.331935e+003
58,59,-3.331935e+003
58,60,-3.331935e+003
58,61,-3.331935e+003
58,62,-3.331935e+003
58,63,-3.331935e+003
58,64,-3.331935e+003
58,65,-3.331935e+003
58,66,-3.331935e+003
58,67,-3.331935e+003
58,68,-3.331935e+003
58,69,-3.331935e+003
58,70,-3.331936e+003
58,71,-3.331936e+003
58,72,-3.331936e+003
58,73,-3.331936e+003
58,74,-3.331936e+003
58,75,-3.331936e+003
58,76,-3.331936e+003
58,77,-3.331936e+003
58,78,-3.331936e+003
58,79,-3.331936e+003
58,80,-3.331936e+003
58,81,-3.331936e+003
58,82,-3.331936e+003
58,83,-3.331936e+003
58,84,-3.331936e+003
58,85,-3.331936e+003
58,86,-3.331936e+003
58,87,-3.331936e+003
58,88,-3.331936e+003
58,89,-3.331936e+003
58,90,-3.331936e+003
58,91,-3.331936e+003
58,92,-3.331936e+003
58,93,-3.331936e+003
58,94,-3.331936e+003
58,95,-3.331936e+003
58,96,-3.331936e+003
58,97,-3.331936e+003
58,98,-3.331936e+003
58,99,-3.331936e+003
58,100,-3.331936e+003
58,101,-3.331936e+003
58,102,-3.331936e+003
58,103,-3.331936e+003
59,0,-3.333909e+003
59,1,-3.333909e+003
59,2,-3.333909e+003
59,3,-3.333909e+003
59,4,-3.333909e+003
59,5,-3.333909e+003
59,6,-3.333909e+003
59,7,-3.333909e+003
59,8,-3.333909e+003
59,9,-3.333909e+003
59,10,-3.333909e+003
59,11,-3.333909e+003
59,12,-3.333913e+003
59,13,-3.333917e+003
59,14,-3.333919e+003
59,15,-3.333926e+003
59,16,-3.333930e+003
59,17,-3.333932e+003
59,18,-3.333933e+003
59,19,-3.333934e+003
59,20,-3.333935e+003
59,21,-3.333935e+003
59,22,-3.333935e+003
59,23,-3.333935e+003
59,24,-3.333935e+003
59,25,-3.333935e+003
59,26,-3.333935e+003
59,27,-3.333935e+003
59,28,-3.333935e+003
59,29,-3.333935e+003
59,30,-3.333935e+003
59,31,-3.333935e+003
59,32,-3.333935e+003
59,33,-3.333935e+003
59,34,-3.333935e+003
59,35,-3.333935e+003
59,36,-3.333935e+003
59,37,-3.333935e+003
59,38,-3.333935e+003
59,39,-3.333935e+003
59,40,-3.333935e+003
59,41,-3.333935e+003
59,42,-3.333935e+003
59,43,-3.333935e+003
59,44,-3.333935e+003
59,45,-3.333935e+003
59,46,-3.333935e+003
59,47,-3.333935e+003
59,48,-3.333935e+003
59,49,-3.333935e+003
60,0,-3.335755e+003
60,1,-3.335755e+003
60,2,-3.335755e+003
60,3,-3.335755e+003
60,4,-3.335755e+003
60,5,-3.335755e+003
60,6,-3.335755e+003
60,7,-3.335755e+003
60,8,-3.335755e+003
60,9,-3.335755e+003
60,10,-3.335755e+003
60,11,-3.335755e+003
60,12,-3.335755e+003
60,13,-3.335755e+003
60,14,-3.335755e+003
60,15,-3.335755e+003
60,16,-3.335755e+003
60,17,-3.335755e+003
60,18,-3.335755e+003
60,19,-3.335755e+003
60,20,-3.335755e+003
60,21,-3.335755e+003
60,22,-3.335755e+003
60,23,-3.335755e+003
60,24,-3.335755e+003
60,25,-3.335755e+003
60,26,-3.335755e+003
60,27,-3.335755e+003
60,28,-3.335755e+003
60,29,-3.335755e+003
60,30,-3.335755e+003
60,31,-3.335755e+003
60,32,-3.335755e+003
60,33,-3.335755e+003
60,34,-3.335755e+003
60,35,-3.335755e+003
60,36,-3.335755e+003
60,37,-3.335755e+003
60,38,-3.335755e+003
60,39,-3.335755e+003
60,40,-3.335755e+003
60,41,-3.335755e+003
60,42,-3.335755e+003
60,43,-3.335755e+003
60,44,-3.335755e+003
60,45,-3.335755e+003
60,46,-3.335755e+003
60,47,-3.335755e+003
60,48,-3.335755e+003
60,49,-3.335755e+003
60,50,-3.335755e+003
60,51,-3.335755e+003
60,52,-3.335755e+003
60,53,-3.335755e+003
60,54,-3.335755e+003
60,55,-3.335755e+003
60,56,-3.335755e+003
60,57,-3.335755e+003
60,58,-3.335755e+003
60,59,-3.335755e+003
60,60,-3.335755e+003
60,61,-3.335755e+003
60,62,-3.335758e+003
60,63,-3.335761e+003
60,64,-3.335763e+003
60,65,-3.335766e+003
60,66,-3.335770e+003
60,67,-3.335772e+003
60,68,-3.335691e+003
60,69,-3.335692e+003
60,70,-3.335693e+003
60,71,-3.335693e+003
60,72,-3.335694e+003
60,73,-3.335694e+003
60,74,-3.335694e+003
60,75,-3.335694e+003
60,76,-3.335694e+003
60,77,-3.335694e+003
60,78,-3.335694e+003
60,79,-3.335694e+003
60,80,-3.335694e+003
60,81,-3.335694e+003
60,82,-3.335694e+003
60,83,-3.335694e+003
60,84,-3.335694e+003
60,85,-3.335694e+003
60,86,-3.335694e+003
60,87,-3.335694e+003
60,88,-3.335694e+003
60,89,-3.335694e+003
60,90,-3.335694e+003
60,91,-3.335694e+003
60,92,-3.335694e+003
60,93,-3.335694e+003
60,94,-3.335694e+003
60,95,-3.335694e+003
60,96,-3.335694e+003
60,97,-3.335694e+003
60,98,-3.335694e+003
60,99,-3.335694e+003
60,100,-3.335694e+003
60,101,-3.335694e+003
60,102,-3.335694e+003
60,103,-3.335694e+003
60,104,-3.335694e+003
60,105,-3.335694e+003
60,106,-3.335694e+003
60,107,-3.335694e+003
60,108,-3.335694e+003
60,109,-3.335694e+003
60,110,-3.335694e+003
60,111,-3.335694e+003
60,112,-3.335694e+003
60,113,-3.335694e+003
60,114,-3.335694e+003
60,115,-3.335694e+003
60,116,-3.335694e+003
60,117,-3.335694e+003
60,118,-3.335694e+003
60,119,-3.335694e+003
60,120,-3.335694e+003
60,121,-3.335694e+003
60,122,-3.335694e+003
60,123,-3.335694e+003
60,124,-3.335694e+003
60,125,-3.335694e+003
60,126,-3.335694e+003
60,127,-3.335694e+003
60,128,-3.335694e+003
60,129,-3.335694e+003
61,0,-3.337412e+003
61,1,-3.337412e+003
61,2,-3.337412e+003
61,3,-3.337412e+003
61,4,-3.337412e+003
61,5,-3.337412e+003
61,6,-3.337412e+003
61,7,-3.337412e+003
61,8,-3.337412e+003
61,9,-3.337412e+003
61,10,-3.337412e+003
61,11,-3.337412e+003
61,12,-3.337412e+003
61,13,-3.337412e+003
61,14,-3.337412e+003
61,15,-3.337412e+003
61,16,-3.337412e+003
61,17,-3.337412e+003
61,18,-3.337412e+003
61,19,-3.337412e+003
61,20,-3.337412e+003
61,21,-3.337412e+003
61,22,-3.337412e+003
61,23,-3.337412e+003
61,24,-3.337412e+003
61,25,-3.337412e+003
61,26,-3.337412e+003
61,27,-3.337412e+003
61,28,-3.337412e+003
61,29,-3.337412e+003
61,30,-3.337412e+003
61,31,-3.337412e+003
61,32,-3.337414e+003
61,33,-3.337417e+003
61,34,-3.337418e+003
61,35,-3.337421e+003
61,36,-3.337424e+003
61,37,-3.337425e+003
61,38,-3.337426e+003
61,39,-3.337427e+003
61,40,-3.337427e+003
61,41,-3.337428e+003
61,42,-3.337428e+003
61,43,-3.337428e+003
61,44,-3.337428e+003
61,45,-3.337428e+003
61,46,-3.337428e+003
61,47,-3.337428e+003
61,48,-3.337428e+003
61,49,-3.337428e+003
61,50,-3.337428e+003
61,51,-3.337428e+003
61,52,-3.337428e+003
61,53,-3.337428e+003
61,54,-3.337428e+003
61,55,-3.337428e+003
61,56,-3.337428e+003
61,57,-3.337428e+003
62,0,-3.338693e+003
62,1,-3.338693e+003
62,2,-3.338693e+003
62,3,-3.338693e+003
62,4,-3.338693e+003
62,5,-3.338693e+003
62,6,-3.338693e+003
62,7,-3.338693e+003
62,8,-3.338693e+003
62,9,-3.338693e+003
62,10,-3.338693e+003
62,11,-3.338693e+003
62,12,-3.338693e+003
62,13,-3.338693e+003
62,14,-3.338693e+003
62,15,-3.338693e+003
62,16,-3.338693e+003
62,17,-3.338693e+003
62,18,-3.338693e+003
62,19,-3.338693e+003
62,20,-3.338693e+003
62,21,-3.338693e+003
62,22,-3.338693e+003
62,23,-3.338693e+003
62,24,-3.338693e+003
62,25,-3.338693e+003
62,26,-3.338693e+003
62,27,-3.338693e+003
62,28,-3.338693e+003
62,29,-3.338693e+003
62,30,-3.338693e+003
62,31,-3.338693e+003
62,32,-3.338693e+003
62,33,-3.338693e+003
62,34,-3.338693e+003
62,35,-3.338693e+003
62,36,-3.338693e+003
62,37,-3.338693e+003
62,38,-3.338693e+003
62,39,-3.338693e+003
62,40,-3.338693e+003
62,41,-3.338693e+003
62,42,-3.338693e+003
62,43,-3.338693e+003
62,44,-3.338693e+003
62,45,-3.338693e+003
62,46,-3.338693e+003
62,47,-3.338693e+003
62,48,-3.338693e+003
62,49,-3.338693e+003
62,50,-3.338693e+003
62,51,-3.338693e+003
62,52,-3.338693e+003
62,53,-3.338693e+003
62,54,-3.338693e+003
62,55,-3.338693e+003
62,56,-3.338693e+003
62,57,-3.338693e+003
62,58,-3.338693e+003
62,59,-3.338693e+003
62,60,-3.338693e+003
62,61,-3.338693e+003
62,62,-3.338693e+003
62,63,-3.338693e+003
62,64,-3.338693e+003
62,65,-3.338693e+003
62,66,-3.338693e+003
62,67,-3.338693e+003
62,68,-3.338693e+003
62,69,-3.338693e+003
62,70,-3.338693e+003
62,71,-3.338693e+003
62,72,-3.338693e+003
62,73,-3.338693e+003
62,74,-3.338695e+003
62,75,-3.338697e+003
62,76,-3.338698e+003
62,77,-3.338700e+003
62,78,-3.338701e+003
62,79,-3.338702e+003
62,80,-3.338703e+003
62,81,-3.338703e+003
62,82,-3.338704e+003
62,83,-3.338704e+003
62,84,-3.338704e+003
62,85,-3.338704e+003
62,86,-3.338704e+003
62,87,-3.338704e+003
62,88,-3.338704e+003
62,89,-3.338704e+003
62,90,-3.338704e+003
62,91,-3.338704e+003
62,92,-3.338704e+003
62,93,-3.338704e+003
62,94,-3.338704e+003
62,95,-3.338704e+003
62,96,-3.338704e+003
62,97,-3.338704e+003
63,0,-3.339674e+003
63,1,-3.339674e+003
63,2,-3.339674e+003
63,3,-3.339674e+003
63,4,-3.339674e+003
63,5,-3.339674e+003
63,6,-3.339674e+003
63,7,-3.339674e+003
63,8,-3.339674e+003
63,9,-3.339674e+003
63,10,-3.339674e+003
63,11,-3.339674e+003
63,12,-3.339674e+003
63,13,-3.339674e+003
63,14,-3.339674e+003
63,15,-3.339674e+003
63,16,-3.339674e+003
63,17,-3.339674e+003
63,18,-3.339674e+003
63,19,-3.339674e+003
63,20,-3.339674e+003
63,21,-3.339674e+003
63,22,-3.339674e+003
63,23,-3.339674e+003
63,24,-3.339674e+003
63,25,-3.339674e+003
63,26,-3.339674e+003
63,27,-3.339674e+003
63,28,-3.339674e+003
63,29,-3.339674e+003
63,30,-3.339674e+003
63,31,-3.339674e+003
63,32,-3.339674e+003
63,33,-3.339674e+003
63,34,-3.339674e+003
63,35,-3.339674e+003
63,36,-3.339674e+003
63,37,-3.339674e+003
63,38,-3.339674e+003
63,39,-3.339674e+003
63,40,-3.339674e+003
63,41,-3.339674e+003
63,42,-3.339674e+003
63,43,-3.339674e+003
63,44,-3.339674e+003
63,45,-3.339674e+003
63,46,-3.339674e+003
63,47,-3.339674e+003
63,48,-3.339674e+003
63,49,-3.339674e+003
63,50,-3.339674e+003
63,51,-3.339674e+003
63,52,-3.339674e+003
63,53,-3.339674e+003
63,54,-3.339674e+003
63,55,-3.339674e+003
63,56,-3.339674e+003
63,57,-3.339674e+003
63,58,-3.339674e+003
63,59,-3.339674e+003
63,60,-3.339674e+003
63,61,-3.339674e+003
63,62,-3.339674e+003
63,63,-3.339674e+003
63,64,-3.339674e+003
63,65,-3.339674e+003
63,66,-3.339674e+003
63,67,-3.339674e+003
63,68,-3.339674e+003
63,69,-3.339674e+003
63,70,-3.339674e+003
63,71,-3.339674e+003
63,72,-3.339674e+003
63,73,-3.339674e+003
63,74,-3.339674e+003
63,75,-3.339674e+003
63,76,-3.339675e+003
63,77,-3.339676e+003
63,78,-3.339677e+003
63,79,-3.339678e+003
63,80,-3.339679e+003
63,81,-3.339679e+003
63,82,-3.339680e+003
63,83,-3.339680e+003
63,84,-3.339680e+003
63,85,-3.339680e+003
63,86,-3.339680e+003
63,87,-3.339680e+003
63,88,-3.339680e+003
63,89,-3.339680e+003
63,90,-3.339680e+003
63,91,-3.339680e+003
63,92,-3.339680e+003
63,93,-3.339681e+003
63,94,-3.339681e+003
63,95,-3.339681e+003
63,96,-3.339681e+003
63,97,-3.339681e+003
63,98,-3.339681e+003
63,99,-3.339681e+003
63,100,-3.339681e+003
63,101,-3.339681e+003
64,0,-3.340315e+003
64,1,-3.340315e+003
64,2,-3.340315e+003
64,3,-3.340315e+003
64,4,-3.340315e+003
64,5,-3.340315e+003
64,6,-3.340315e+003
64,7,-3.340315e+003
64,8,-3.340315e+003
64,9,-3.340315e+003
64,10,-3.340315e+003
64,11,-3.340315e+003
64,12,-3.340315e+003
64,13,-3.340315e+003
64,14,-3.340315e+003
64,15,-3.340315e+003
64,16,-3.340315e+003
64,17,-3.340315e+003
64,18,-3.340315e+003
64,19,-3.340315e+003
64,20,-3.340315e+003
64,21,-3.340315e+003
64,22,-3.340315e+003
64,23,-3.340315e+003
64,24,-3.340315e+003
64,25,-3.340315e+003
64,26,-3.340315e+003
64,27,-3.340315e+003
64,28,-3.340315e+003
64,29,-3.340315e+003
64,30,-3.340315e+003
64,31,-3.340315e+003
64,32,-3.340315e+003
64,33,-3.340315e+003
64,34,-3.340315e+003
64,35,-3.340315e+003
64,36,-3.340315e+003
64,37,-3.340315e+003
64,38,-3.340315e+003
64,39,-3.340315e+003
64,40,-3.340315e+003
64,41,-3.340315e+003
64,42,-3.340315e+003
64,43,-3.340315e+003
64,44,-3.340315e+003
64,45,-3.340315e+003
64,46,-3.340315e+003
64,47,-3.340315e+003
64,48,-3.340315e+003
64,49,-3.340315e+003
64,50,-3.340315e+003
64,51,-3.340315e+003
64,52,-3.340315e+003
64,53,-3.340315e+003
64,54,-3.340315e+003
64,55,-3.340315e+003
64,56,-3.340315e+003
64,57,-3.340315e+003
64,58,-3.340315e+003
64,59,-3.340315e+003
64,60,-3.340315e+003
64,61,-3.340315e+003
64,62,-3.340315e+003
64,63,-3.340315e+003
64,64,-3.340315e+003
64,65,-3.340315e+003
64,66,-3.340315e+003
64,67,-3.340315e+003
64,68,-3.340315e+003
64,69,-3.340315e+003
64,70,-3.340315e+003
64,71,-3.340315e+003
64,72,-3.340315e+003
64,73,-3.340315e+003
64,74,-3.340315e+003
64,75,-3.340316e+003
64,76,-3.340317e+003
64,77,-3.340317e+003
64,78,-3.340317e+003
64,79,-3.340340e+003
64,80,-3.340341e+003
64,81,-3.340341e+003
64,82,-3.340341e+003
64,83,-3.340341e+003
64,84,-3.340341e+003
64,85,-3.340341e+003
64,86,-3.340341e+003
64,87,-3.340341e+003
64,88,-3.340341e+003
64,89,-3.340341e+003
64,90,-3.340341e+003
64,91,-3.340341e+003
64,92,-3.340341e+003
64,93,-3.340341e+003
64,94,-3.340341e+003
64,95,-3.340341e+003
64,96,-3.340341e+003
64,97,-3.340341e+003
64,98,-3.340341e+003
64,99,-3.340341e+003
65,0,-3.340758e+003
65,1,-3.340758e+003
65,2,-3.340758e+003
65,3,-3.340758e+003
65,4,-3.340758e+003
65,5,-3.340758e+003
65,6,-3.340758e+003
65,7,-3.340758e+003
65,8,-3.340758e+003
65,9,-3.340758e+003
65,10,-3.340758e+003
65,11,-3.340758e+003
65,12,-3.340758e+003
65,13,-3.340758e+003
65,14,-3.340758e+003
65,15,-3.340758e+003
65,16,-3.340758e+003
65,17,-3.340758e+003
65,18,-3.340758e+003
65,19,-3.340758e+003
65,20,-3.340758e+003
65,21,-3.340758e+003
65,22,-3.340758e+003
65,23,-3.340758e+003
65,24,-3.340758e+003
65,25,-3.340758e+003
65,26,-3.340758e+003
65,27,-3.340758e+003
65,28,-3.340758e+003
65,29,-3.340758e+003
65,30,-3.340758e+003
65,31,-3.340758e+003
65,32,-3.340758e+003
65,33,-3.340758e+003
65,34,-3.340758e+003
65,35,-3.340758e+003
65,36,-3.340758e+003
65,37,-3.340758e+003
65,38,-3.340758e+003
65,39,-3.340758e+003
65,40,-3.340758e+003
65,41,-3.340758e+003
65,42,-3.340758e+003
65,43,-3.340758e+003
65,44,-3.340758e+003
65,45,-3.340758e+003
65,46,-3.340758e+003
65,47,-3.340758e+003
65,48,-3.340758e+003
65,49,-3.340758e+003
65,50,-3.340758e+003
65,51,-3.340758e+003
65,52,-3.340758e+003
65,53,-3.340758e+003
65,54,-3.340758e+003
65,55,-3.340758e+003
65,56,-3.340758e+003
65,57,-3.340758e+003
65,58,-3.340758e+003
65,59,-3.340758e+003
65,60,-3.340758e+003
65,61,-3.340758e+003
65,62,-3.340758e+003
65,63,-3.340758e+003
65,64,-3.340758e+003
65,65,-3.340758e+003
65,66,-3.340708e+003
65,67,-3.340708e+003
65,68,-3.340708e+003
65,69,-3.340708e+003
65,70,-3.340708e+003
65,71,-3.340708e+003
65,72,-3.340708e+003
65,73,-3.340708e+003
65,74,-3.340708e+003
65,75,-3.340708e+003
65,76,-3.340709e+003
65,77,-3.340709e+003
65,78,-3.340709e+003
65,79,-3.340709e+003
65,80,-3.340709e+003
65,81,-3.340709e+003
65,82,-3.340709e+003
65,83,-3.340709e+003
65,84,-3.340709e+003
65,85,-3.340709e+003
65,86,-3.340709e+003
65,87,-3.340709e+003
65,88,-3.340709e+003
65,89,-3.340709e+003
65,90,-3.340709e+003
65,91,-3.340709e+003
65,92,-3.340709e+003
65,93,-3.340709e+003
65,94,-3.340709e+003
65,95,-3.340709e+003
65,96,-3.340709e+003
65,97,-3.340709e+003
65,98,-3.340709e+003
65,99,-3.340709e+003
65,100,-3.340709e+003
65,101,-3.340709e+003
65,102,-3.340709e+003
65,103,-3.340709e+003
65,104,-3.340709e+003
65,105,-3.340709e+003
65,106,-3.340709e+003
65,107,-3.340709e+003
66,0,-3.341080e+003
66,1,-3.341080e+003
66,2,-3.341080e+003
66,3,-3.341080e+003
66,4,-3.341080e+003
66,5,-3.341080e+003
66,6,-3.341080e+003
66,7,-3.341080e+003
66,8,-3.341080e+003
66,9,-3.341080e+003
66,10,-3.341080e+003
66,11,-3.341080e+003
66,12,-3.341080e+003
66,13,-3.341080e+003
66,14,-3.341080e+003
66,15,-3.341080e+003
66,16,-3.341080e+003
66,17,-3.341080e+003
66,18,-3.341080e+003
66,19,-3.341080e+003
66,20,-3.341080e+003
66,21,-3.341080e+003
66,22,-3.341080e+003
66,23,-3.341080e+003
66,24,-3.341080e+003
66,25,-3.341080e+003
66,26,-3.341080e+003
66,27,-3.341080e+003
66,28,-3.341080e+003
66,29,-3.341080e+003
66,30,-3.341080e+003
66,31,-3.341080e+003
66,32,-3.341080e+003
66,33,-3.341080e+003
66,34,-3.341080e+003
66,35,-3.341131e+003
66,36,-3.341131e+003
66,37,-3.341131e+003
66,38,-3.341131e+003
66,39,-3.341131e+003
66,40,-3.341131e+003
66,41,-3.341131e+003
66,42,-3.341131e+003
66,43,-3.341131e+003
66,44,-3.341131e+003
66,45,-3.341131e+003
66,46,-3.341131e+003
66,47,-3.341131e+003
66,48,-3.341131e+003
66,49,-3.341131e+003
66,50,-3.341131e+003
66,51,-3.341131e+003
66,52,-3.341131e+003
66,53,-3.341131e+003
66,54,-3.341131e+003
66,55,-3.341131e+003
66,56,-3.341131e+003
66,57,-3.341131e+003
66,58,-3.341131e+003
66,59,-3.341131e+003
67,0,-3.341284e+003
67,1,-3.341284e+003
67,2,-3.341284e+003
67,3,-3.341284e+003
67,4,-3.341284e+003
67,5,-3.341284e+003
67,6,-3.341284e+003
67,7,-3.341233e+003
67,8,-3.341233e+003
67,9,-3.341234e+003
67,10,-3.341234e+003
67,11,-3.341234e+003
67,12,-3.341234e+003
67,13,-3.341234e+003
67,14,-3.341234e+003
67,15,-3.341234e+003
67,16,-3.341234e+003
67,17,-3.341234e+003
67,18,-3.341234e+003
67,19,-3.341234e+003
67,20,-3.341234e+003
67,21,-3.341234e+003
67,22,-3.341234e+003
67,23,-3.341234e+003
67,24,-3.341234e+003
67,25,-3.341234e+003
67,26,-3.341234e+003
67,27,-3.341234e+003
67,28,-3.341234e+003
67,29,-3.341234e+003
67,30,-3.341234e+003
67,31,-3.341234e+003
67,32,-3.341234e+003
67,33,-3.341234e+003
67,34,-3.341234e+003
68,0,-3.341342e+003
68,1,-3.341342e+003
68,2,-3.341342e+003
68,3,-3.341342e+003
68,4,-3.341342e+003
68,5,-3.341342e+003
68,6,-3.341342e+003
68,7,-3.341342e+003
68,8,-3.341342e+003
68,9,-3.341342e+003
68,10,-3.341342e+003
68,11,-3.341342e+003
68,12,-3.341342e+003
68,13,-3.341342e+003
68,14,-3.341342e+003
68,15,-3.341342e+003
68,16,-3.341342e+003
68,17,-3.341342e+003
68,18,-3.341342e+003
68,19,-3.341342e+003
68,20,-3.341342e+003
68,21,-3.341342e+003
68,22,-3.341342e+003
68,23,-3.341342e+003
68,24,-3.341342e+003
68,25,-3.341342e+003
68,26,-3.341342e+003
68,27,-3.341342e+003
69,0,-3.341381e+003
69,1,-3.341381e+003
69,2,-3.341381e+003
69,3,-3.341381e+003
69,4,-3.341381e+003
69,5,-3.341381e+003
69,6,-3.341381e+003
69,7,-3.341381e+003
69,8,-3.341381e+003
69,9,-3.341381e+003
69,10,-3.341381e+003
69,11,-3.341381e+003
69,12,-3.341381e+003
69,13,-3.341381e+003
69,14,-3.341381e+003
69,15,-3.341381e+003
69,16,-3.341381e+003
69,17,-3.341381e+003
69,18,-3.341381e+003
69,19,-3.341381e+003
69,20,-3.341381e+003
69,21,-3.341381e+003
70,0,-3.341375e+003
70,1,-3.341375e+003
70,2,-3.341375e+003
70,3,-3.341375e+003
70,4,-3.341375e+003
70,5,-3.341375e+003
70,6,-3.341375e+003
70,7,-3.341375e+003
70,8,-3.341375e+003
70,9,-3.341375e+003
70,10,-3.341375e+003
70,11,-3.341375e+003
70,12,-3.341375e+003
70,13,-3.341375e+003
70,14,-3.341375e+003
70,15,-3.341375e+003
70,16,-3.341375e+003
70,17,-3.341375e+003
70,18,-3.341375e+003
70,19,-3.341375e+003
70,20,-3.341375e+003
70,21,-3.341375e+003
70,22,-3.341375e+003
70,23,-3.341375e+003
70,24,-3.341375e+003
70,25,-3.341375e+003
70,26,-3.341375e+003
70,27,-3.341375e+003
70,28,-3.341375e+003
70,29,-3.341375e+003
70,30,-3.341375e+003
70,31,-3.341375e+003
70,32,-3.341375e+003
70,33,-3.341375e+003
70,34,-3.341375e+003
70,35,-3.341375e+003
70,36,-3.341375e+003
70,37,-3.341375e+003
70,38,-3.341375e+003
70,39,-3.341375e+003
70,40,-3.341375e+003
70,41,-3.341375e+003
71,0,-3.341339e+003
71,1,-3.341339e+003
71,2,-3.341339e+003
71,3,-3.341339e+003
71,4,-3.341339e+003
71,5,-3.341339e+003
71,6,-3.341339e+003
71,7,-3.341339e+003
71,8,-3.341339e+003
71,9,-3.341339e+003
71,10,-3.341339e+003
71,11,-3.341339e+003
71,12,-3.341339e+003
71,13,-3.341339e+003
71,14,-3.341339e+003
71,15,-3.341339e+003
71,16,-3.341339e+003
71,17,-3.341339e+003
71,18,-3.341339e+003
71,19,-3.341339e+003
71,20,-3.341339e+003
71,21,-3.341339e+003
72,0,-3.341285e+003
72,1,-3.341285e+003
72,2,-3.341285e+003
72,3,-3.341285e+003
72,4,-3.341285e+003
72,5,-3.341285e+003
72,6,-3.341285e+003
72,7,-3.341285e+003
72,8,-3.341285e+003
72,9,-3.341285e+003
72,10,-3.341285e+003
72,11,-3.341285e+003
72,12,-3.341285e+003
72,13,-3.341285e+003
72,14,-3.341285e+003
72,15,-3.341285e+003
72,16,-3.341285e+003
72,17,-3.341285e+003
72,18,-3.341285e+003
72,19,-3.341285e+003
72,20,-3.341285e+003
72,21,-3.341285e+003
73,0,-3.341134e+003
73,1,-3.341134e+003
73,2,-3.341134e+003
73,3,-3.341134e+003
73,4,-3.341134e+003
73,5,-3.341134e+003
73,6,-3.341134e+003
73,7,-3.341134e+003
73,8,-3.341134e+003
73,9,-3.341134e+003
73,10,-3.341134e+003
73,11,-3.341134e+003
73,12,-3.341134e+003
73,13,-3.341134e+003
73,14,-3.341134e+003
73,15,-3.341134e+003
73,16,-3.341134e+003
73,17,-3.341134e+003
73,18,-3.341134e+003
73,19,-3.341134e+003
73,20,-3.341134e+003
73,21,-3.341134e+003
74,0,-3.341075e+003
74,1,-3.341075e+003
74,2,-3.341075e+003
74,3,-3.341075e+003
74,4,-3.341075e+003
74,5,-3.341075e+003
74,6,-3.341075e+003
74,7,-3.341075e+003
74,8,-3.341075e+003
74,9,-3.341075e+003
74,10,-3.341075e+003
74,11,-3.341075e+003
74,12,-3.341075e+003
74,13,-3.341075e+003
74,14,-3.341075e+003
74,15,-3.341075e+003
74,16,-3.341075e+003
74,17,-3.341075e+003
74,18,-3.341075e+003
74,19,-3.341075e+003
74,20,-3.341075e+003
74,21,-3.341075e+003
75,0,-3.341012e+003
75,1,-3.341012e+003
75,2,-3.341012e+003
75,3,-3.341012e+003
75,4,-3.341012e+003
75,5,-3.341012e+003
75,6,-3.341012e+003
75,7,-3.341012e+003
75,8,-3.341012e+003
75,9,-3.341012e+003
75,10,-3.341012e+003
75,11,-3.341012e+003
75,12,-3.341012e+003
75,13,-3.341012e+003
75,14,-3.341012e+003
75,15,-3.341012e+003
75,16,-3.341012e+003
75,17,-3.341012e+003
75,18,-3.341012e+003
75,19,-3.341012e+003
75,20,-3.341012e+003
75,21,-3.341012e+003
76,0,-3.341128e+003
76,1,-3.341128e+003
76,2,-3.341128e+003
76,3,-3.341128e+003
76,4,-3.341128e+003
76,5,-3.341128e+003
76,6,-3.341128e+003
76,7,-3.341128e+003
76,8,-3.341128e+003
76,9,-3.341128e+003
76,10,-3.341128e+003
76,11,-3.341128e+003
76,12,-3.341128e+003
76,13,-3.341128e+003
76,14,-3.341128e+003
76,15,-3.341128e+003
76,16,-3.341128e+003
76,17,-3.341128e+003
76,18,-3.341128e+003
76,19,-3.341128e+003
76,20,-3.341128e+003
76,21,-3.341128e+003
77,0,-3.341078e+003
77,1,-3.341078e+003
77,2,-3.341078e+003
77,3,-3.341078e+003
77,4,-3.341078e+003
77,5,-3.341078e+003
77,6,-3.341078e+003
77,7,-3.341078e+003
77,8,-3.341078e+003
77,9,-3.341078e+003
77,10,-3.341078e+003
77,11,-3.341078e+003
77,12,-3.341078e+003
77,13,-3.341078e+003
77,14,-3.341078e+003
77,15,-3.341078e+003
77,16,-3.341078e+003
77,17,-3.341078e+003
77,18,-3.341078e+003
77,19,-3.341078e+003
77,20,-3.341078e+003
77,21,-3.341078e+003
78,0,-3.341036e+003
78,1,-3.341036e+003
78,2,-3.341036e+003
78,3,-3.341036e+003
78,4,-3.341036e+003
78,5,-3.341036e+003
78,6,-3.341036e+003
78,7,-3.341036e+003
78,8,-3.341036e+003
78,9,-3.341036e+003
78,10,-3.341036e+003
78,11,-3.341036e+003
78,12,-3.341036e+003
78,13,-3.341036e+003
78,14,-3.341036e+003
78,15,-3.341036e+003
78,16,-3.341036e+003
78,17,-3.341036e+003
78,18,-3.341036e+003
78,19,-3.341036e+003
78,20,-3.341036e+003
78,21,-3.341036e+003
79,0,-3.340996e+003
79,1,-3.340996e+003
79,2,-3.340996e+003
79,3,-3.340996e+003
79,4,-3.340996e+003
79,5,-3.340996e+003
79,6,-3.340996e+003
79,7,-3.340996e+003
79,8,-3.340996e+003
79,9,-3.340996e+003
79,10,-3.340996e+003
79,11,-3.340996e+003
79,12,-3.340996e+003
79,13,-3.340996e+003
79,14,-3.340996e+003
79,15,-3.340996e+003
79,16,-3.340996e+003
79,17,-3.340996e+003
79,18,-3.340996e+003
79,19,-3.340996e+003
79,20,-3.340996e+003
79,21,-3.340996e+003
80,0,-3.340957e+003
80,1,-3.340957e+003
80,2,-3.340957e+003
80,3,-3.340957e+003
80,4,-3.340957e+003
80,5,-3.340957e+003
80,6,-3.340957e+003
80,7,-3.340957e+003
80,8,-3.340957e+003
80,9,-3.340957e+003
80,10,-3.340957e+003
80,11,-3.340957e+003
80,12,-3.340957e+003
80,13,-3.340957e+003
80,14,-3.340957e+003
80,15,-3.340957e+003
80,16,-3.340957e+003
80,17,-3.340957e+003
80,18,-3.340957e+003
80,19,-3.340957e+003
80,20,-3.340957e+003
80,21,-3.340957e+003
81,0,-3.340918e+003
81,1,-3.340918e+003
81,2,-3.340918e+003
81,3,-3.340918e+003
81,4,-3.340918e+003
81,5,-3.340918e+003
81,6,-3.340918e+003
81,7,-3.340918e+003
81,8,-3.340918e+003
81,9,-3.340918e+003
81,10,-3.340918e+003
81,11,-3.340918e+003
81,12,-3.340918e+003
81,13,-3.340918e+003
81,14,-3.340918e+003
81,15,-3.340918e+003
81,16,-3.340918e+003
81,17,-3.340918e+003
81,18,-3.340918e+003
81,19,-3.340918e+003
81,20,-3.340918e+003
81,21,-3.340918e+003
82,0,-3.341072e+003
82,1,-3.341072e+003
82,2,-3.341072e+003
82,3,-3.341072e+003
82,4,-3.341072e+003
82,5,-3.341072e+003
82,6,-3.341072e+003
82,7,-3.341072e+003
82,8,-3.341072e+003
82,9,-3.341072e+003
82,10,-3.341072e+003
82,11,-3.341072e+003
82,12,-3.341072e+003
82,13,-3.341072e+003
82,14,-3.341072e+003
82,15,-3.341072e+003
82,16,-3.341072e+003
82,17,-3.341072e+003
82,18,-3.341072e+003
82,19,-3.341072e+003
82,20,-3.341072e+003
82,21,-3.341072e+003
83,0,-3.341053e+003
83,1,-3.341053e+003
83,2,-3.341053e+003
83,3,-3.341053e+003
83,4,-3.341053e+003
83,5,-3.341053e+003
83,6,-3.341053e+003
83,7,-3.341053e+003
83,8,-3.341053e+003
83,9,-3.341053e+003
83,10,-3.341053e+003
83,11,-3.341053e+003
83,12,-3.341053e+003
83,13,-3.341053e+003
83,14,-3.341053e+003
83,15,-3.341053e+003
83,16,-3.341053e+003
83,17,-3.341053e+003
83,18,-3.341053e+003
83,19,-3.341053e+003
83,20,-3.341053e+003
83,21,-3.341053e+003
84,0,-3.341035e+003
84,1,-3.341035e+003
84,2,-3.341035e+003
84,3,-3.341035e+003
84,4,-3.341035e+003
84,5,-3.341035e+003
84,6,-3.341035e+003
84,7,-3.341035e+003
84,8,-3.341035e+003
84,9,-3.341035e+003
84,10,-3.341035e+003
84,11,-3.341035e+003
84,12,-3.341035e+003
84,13,-3.341035e+003
84,14,-3.341035e+003
84,15,-3.341035e+003
84,16,-3.341035e+003
84,17,-3.341035e+003
84,18,-3.341035e+003
84,19,-3.341035e+003
84,20,-3.341035e+003
84,21,-3.341035e+003
85,0,-3.340937e+003
85,1,-3.340937e+003
85,2,-3.340937e+003
85,3,-3.340937e+003
85,4,-3.340937e+003
85,5,-3.340937e+003
85,6,-3.340937e+003
85,7,-3.340937e+003
85,8,-3.340937e+003
85,9,-3.340937e+003
85,10,-3.340937e+003
85,11,-3.340937e+003
85,12,-3.340937e+003
85,13,-3.340937e+003
85,14,-3.340937e+003
85,15,-3.340937e+003
85,16,-3.340937e+003
85,17,-3.340937e+003
85,18,-3.340937e+003
85,19,-3.340937e+003
85,20,-3.340937e+003
85,21,-3.340937e+003
86,0,-3.340926e+003
86,1,-3.340926e+003
86,2,-3.340926e+003
86,3,-3.340926e+003
86,4,-3.340926e+003
86,5,-3.340926e+003
86,6,-3.340926e+003
86,7,-3.340926e+003
86,8,-3.340926e+003
86,9,-3.340926e+003
86,10,-3.340926e+003
86,11,-3.340926e+003
86,12,-3.340926e+003
86,13,-3.340926e+003
86,14,-3.340926e+003
86,15,-3.340926e+003
86,16,-3.340926e+003
86,17,-3.340926e+003
86,18,-3.340926e+003
86,19,-3.340926e+003
86,20,-3.340926e+003
86,21,-3.340926e+003
87,0,-3.340915e+003
87,1,-3.340915e+003
87,2,-3.340915e+003
87,3,-3.340915e+003
87,4,-3.340915e+003
87,5,-3.340915e+003
87,6,-3.340915e+003
87,7,-3.340915e+003
87,8,-3.340915e+003
87,9,-3.340915e+003
87,10,-3.340915e+003
87,11,-3.340915e+003
87,12,-3.340915e+003
87,13,-3.340915e+003
87,14,-3.340915e+003
87,15,-3.340915e+003
87,16,-3.340915e+003
87,17,-3.340915e+003
87,18,-3.340915e+003
87,19,-3.340915e+003
87,20,-3.340915e+003
87,21,-3.340915e+003
88,0,-3.340901e+003
88,1,-3.340901e+003
88,2,-3.340901e+003
88,3,-3.340901e+003
88,4,-3.340901e+003
88,5,-3.340901e+003
88,6,-3.340901e+003
88,7,-3.340901e+003
88,8,-3.340901e+003
88,9,-3.340901e+003
88,10,-3.340901e+003
88,11,-3.340901e+003
88,12,-3.340901e+003
88,13,-3.340901e+003
88,14,-3.340901e+003
88,15,-3.340901e+003
88,16,-3.340901e+003
88,17,-3.340901e+003
88,18,-3.340901e+003
88,19,-3.340901e+003
88,20,-3.340901e+003
88,21,-3.340901e+003
89,0,-3.340803e+003
89,1,-3.340803e+003
89,2,-3.340803e+003
89,3,-3.340803e+003
89,4,-3.340803e+003
89,5,-3.340803e+003
89,6,-3.340803e+003
89,7,-3.340803e+003
89,8,-3.340803e+003
89,9,-3.340803e+003
89,10,-3.340803e+003
89,11,-3.340803e+003
89,12,-3.340803e+003
89,13,-3.340803e+003
89,14,-3.340803e+003
89,15,-3.340803e+003
89,16,-3.340803e+003
89,17,-3.340803e+003
89,18,-3.340803e+003
89,19,-3.340803e+003
89,20,-3.340803e+003
89,21,-3.340803e+003
90,0,-3.340738e+003
90,1,-3.340738e+003
90,2,-3.340738e+003
90,3,-3.340738e+003
90,4,-3.340738e+003
90,5,-3.340738e+003
90,6,-3.340738e+003
90,7,-3.340738e+003
90,8,-3.340738e+003
90,9,-3.340738e+003
90,10,-3.340738e+003
90,11,-3.340738e+003
90,12,-3.340738e+003
90,13,-3.340738e+003
90,14,-3.340738e+003
90,15,-3.340738e+003
90,16,-3.340738e+003
90,17,-3.340738e+003
90,18,-3.340738e+003
90,19,-3.340738e+003
90,20,-3.340738e+003
90,21,-3.340738e+003
91,0,-3.340733e+003
91,1,-3.340733e+003
91,2,-3.340733e+003
91,3,-3.340733e+003
91,4,-3.340733e+003
91,5,-3.340733e+003
91,6,-3.340733e+003
91,7,-3.340733e+003
91,8,-3.340733e+003
91,9,-3.340733e+003
91,10,-3.340733e+003
91,11,-3.340733e+003
91,12,-3.340733e+003
91,13,-3.340733e+003
91,14,-3.340733e+003
91,15,-3.340733e+003
91,16,-3.340733e+003
91,17,-3.340733e+003
91,18,-3.340733e+003
91,19,-3.340733e+003
91,20,-3.340733e+003
91,21,-3.340733e+003
92,0,-3.340741e+003
92,1,-3.340741e+003
92,2,-3.340741e+003
92,3,-3.340741e+003
92,4,-3.340741e+003
92,5,-3.340741e+003
92,6,-3.340741e+003
92,7,-3.340741e+003
92,8,-3.340741e+003
92,9,-3.340741e+003
92,10,-3.340741e+003
92,11,-3.340741e+003
92,12,-3.340741e+003
92,13,-3.340741e+003
92,14,-3.340741e+003
92,15,-3.340741e+003
92,16,-3.340741e+003
92,17,-3.340741e+003
92,18,-3.340741e+003
92,19,-3.340741e+003
92,20,-3.340741e+003
92,21,-3.340741e+003
93,0,-3.340762e+003
93,1,-3.340762e+003
93,2,-3.340762e+003
93,3,-3.340762e+003
93,4,-3.340762e+003
93,5,-3.340762e+003
93,6,-3.340762e+003
93,7,-3.340762e+003
93,8,-3.340762e+003
93,9,-3.340762e+003
93,10,-3.340762e+003
93,11,-3.340762e+003
93,12,-3.340762e+003
93,13,-3.340762e+003
93,14,-3.340762e+003
93,15,-3.340762e+003
93,16,-3.340762e+003
93,17,-3.340762e+003
93,18,-3.340762e+003
93,19,-3.340762e+003
93,20,-3.340762e+003
93,21,-3.340762e+003
94,0,-3.340779e+003
94,1,-3.340779e+003
94,2,-3.340779e+003
94,3,-3.340779e+003
94,4,-3.340779e+003
94,5,-3.340779e+003
94,6,-3.340779e+003
94,7,-3.340779e+003
94,8,-3.340779e+003
94,9,-3.340779e+003
94,10,-3.340779e+003
94,11,-3.340779e+003
94,12,-3.340779e+003
94,13,-3.340779e+003
94,14,-3.340779e+003
94,15,-3.340779e+003
94,16,-3.340779e+003
94,17,-3.340779e+003
94,18,-3.340779e+003
94,19,-3.340779e+003
94,20,-3.340779e+003
94,21,-3.340779e+003
95,0,-3.340791e+003
95,1,-3.340791e+003
95,2,-3.340791e+003
95,3,-3.340791e+003
95,4,-3.340791e+003
95,5,-3.340791e+003
95,6,-3.340791e+003
95,7,-3.340791e+003
95,8,-3.340791e+003
95,9,-3.340791e+003
95,10,-3.340791e+003
95,11,-3.340791e+003
95,12,-3.340791e+003
95,13,-3.340791e+003
95,14,-3.340791e+003
95,15,-3.340791e+003
95,16,-3.340791e+003
95,17,-3.340791e+003
95,18,-3.340791e+003
95,19,-3.340791e+003
95,20,-3.340791e+003
95,21,-3.340791e+003
96,0,-3.340798e+003
96,1,-3.340798e+003
96,2,-3.340798e+003
96,3,-3.340798e+003
96,4,-3.340798e+003
96,5,-3.340798e+003
96,6,-3.340798e+003
96,7,-3.340798e+003
96,8,-3.340798e+003
96,9,-3.340798e+003
96,10,-3.340798e+003
96,11,-3.340798e+003
96,12,-3.340798e+003
96,13,-3.340798e+003
96,14,-3.340798e+003
96,15,-3.340798e+003
96,16,-3.340798e+003
96,17,-3.340798e+003
96,18,-3.340798e+003
96,19,-3.340798e+003
96,20,-3.340798e+003
96,21,-3.340798e+003
97,0,-3.340801e+003
97,1,-3.340801e+003
97,2,-3.340801e+003
97,3,-3.340801e+003
97,4,-3.340801e+003
97,5,-3.340801e+003
97,6,-3.340801e+003
97,7,-3.340801e+003
97,8,-3.340801e+003
97,9,-3.340801e+003
97,10,-3.340801e+003
97,11,-3.340801e+003
97,12,-3.340801e+003
97,13,-3.340801e+003
97,14,-3.340801e+003
97,15,-3.340801e+003
97,16,-3.340801e+003
97,17,-3.340801e+003
97,18,-3.340801e+003
97,19,-3.340801e+003
97,20,-3.340801e+003
97,21,-3.340801e+003
98,0,-3.340990e+003
98,1,-3.340990e+003
98,2,-3.340990e+003
98,3,-3.340990e+003
98,4,-3.340990e+003
98,5,-3.340990e+003
98,6,-3.340990e+003
98,7,-3.340990e+003
98,8,-3.340990e+003
98,9,-3.340990e+003
98,10,-3.340990e+003
98,11,-3.340990e+003
98,12,-3.340990e+003
98,13,-3.340990e+003
98,14,-3.340990e+003
98,15,-3.340990e+003
98,16,-3.340990e+003
98,17,-3.340990e+003
98,18,-3.340990e+003
98,19,-3.340990e+003
98,20,-3.340990e+003
98,21,-3.340990e+003
99,0,-3.341003e+003
99,1,-3.341003e+003
99,2,-3.341003e+003
99,3,-3.341003e+003
99,4,-3.341003e+003
99,5,-3.341003e+003
99,6,-3.341003e+003
99,7,-3.341003e+003
99,8,-3.341003e+003
99,9,-3.341003e+003
99,10,-3.341003e+003
99,11,-3.341003e+003
99,12,-3.341003e+003
99,13,-3.341003e+003
99,14,-3.341003e+003
99,15,-3.341003e+003
99,16,-3.341003e+003
99,17,-3.341003e+003
99,18,-3.341003e+003
99,19,-3.341003e+003
99,20,-3.341003e+003
99,21,-3.341003e+003
100,0,-3.341012e+003
100,1,-3.341012e+003
100,2,-3.341012e+003
100,3,-3.341012e+003
100,4,-3.341012e+003
100,5,-3.341012e+003
100,6,-3.341012e+003
100,7,-3.341012e+003
100,8,-3.341012e+003
100,9,-3.341012e+003
100,10,-3.341012e+003
100,11,-3.341012e+003
100,12,-3.341012e+003
100,13,-3.341012e+003
100,14,-3.341012e+003
100,15,-3.341012e+003
100,16,-3.341012e+003
100,17,-3.341012e+003
100,18,-3.341012e+003
100,19,-3.341012e+003
100,20,-3.341012e+003
100,21,-3.341012e+003
