0,0,-3.310965e+003
0,1,-3.314484e+003
0,2,-3.318032e+003
0,3,-3.320062e+003
0,4,-3.322054e+003
0,5,-3.323716e+003
0,6,-3.324983e+003
0,7,-3.326242e+003
0,8,-3.327208e+003
0,9,-3.328058e+003
0,10,-3.328699e+003
0,11,-3.329406e+003
0,12,-3.329798e+003
0,13,-3.330151e+003
0,14,-3.330328e+003
0,15,-3.330685e+003
0,16,-3.330717e+003
0,17,-3.330897e+003
0,18,-3.330983e+003
0,19,-3.331133e+003
0,20,-3.331122e+003
0,21,-3.331223e+003
0,22,-3.331267e+003
0,23,-3.331512e+003
0,24,-3.331639e+003
0,25,-3.331911e+003
0,26,-3.331882e+003
0,27,-3.331773e+003
0,28,-3.331904e+003
0,29,-3.331956e+003
0,30,-3.332106e+003
0,31,-3.332080e+003
0,32,-3.332095e+003
0,33,-3.332261e+003
0,34,-3.332341e+003
0,35,-3.332463e+003
0,36,-3.332451e+003
0,37,-3.332559e+003
0,38,-3.332876e+003
0,39,-3.332989e+003
0,40,-3.333196e+003
0,41,-3.333298e+003
0,42,-3.333451e+003
0,43,-3.333586e+003
0,44,-3.333916e+003
0,45,-3.334446e+003
0,46,-3.334488e+003
0,47,-3.334895e+003
0,48,-3.335139e+003
0,49,-3.335303e+003
0,50,-3.335549e+003
0,51,-3.335640e+003
0,52,-3.335762e+003
0,53,-3.335984e+003
0,54,-3.336499e+003
0,55,-3.337208e+003
0,56,-3.337979e+003
0,57,-3.338458e+003
0,58,-3.338965e+003
0,59,-3.339584e+003
0,60,-3.340039e+003
0,61,-3.340157e+003
0,62,-3.340308e+003
0,63,-3.340366e+003
0,64,-3.340429e+003
0,65,-3.340493e+003
0,66,-3.340540e+003
0,67,-3.340585e+003
0,68,-3.340699e+003
0,69,-3.340658e+003
0,70,-3.340691e+003
0,71,-3.340892e+003
0,72,-3.340913e+003
0,73,-3.340929e+003
0,74,-3.340943e+003
0,75,-3.340957e+003
0,76,-3.340969e+003
0,77,-3.340978e+003
0,78,-3.340990e+003
0,79,-3.341078e+003
0,80,-3.341091e+003
0,81,-3.341104e+003
0,82,-3.341191e+003
0,83,-3.341200e+003
0,84,-3.341207e+003
0,85,-3.341216e+003
0,86,-3.341224e+003
0,87,-3.341234e+003
0,88,-3.341244e+003
0,89,-3.341251e+003
0,90,-3.341260e+003
0,91,-3.341268e+003
0,92,-3.341275e+003
0,93,-3.341280e+003
0,94,-3.341208e+003
0,95,-3.341210e+003
0,96,-3.341212e+003
0,97,-3.341214e+003
0,98,-3.341215e+003
0,99,-3.341216e+003
0,100,-3.341216e+003
0,101,-3.341216e+003
0,102,-3.341217e+003
0,103,-3.341217e+003
0,104,-3.341218e+003
0,105,-3.341219e+003
0,106,-3.341220e+003
0,107,-3.341220e+003
0,108,-3.341221e+003
0,109,-3.341222e+003
0,110,-3.341223e+003
0,111,-3.341224e+003
0,112,-3.341225e+003
0,113,-3.341226e+003
0,114,-3.341227e+003
0,115,-3.341229e+003
0,116,-3.341230e+003
0,117,-3.341232e+003
0,118,-3.341158e+003
0,119,-3.341160e+003
0,120,-3.341064e+003
0,121,-3.341066e+003
0,122,-3.341068e+003
0,123,-3.341070e+003
0,124,-3.341072e+003
0,125,-3.341074e+003
0,126,-3.341076e+003
0,127,-3.341077e+003
0,128,-3.341079e+003
0,129,-3.341004e+003
0,130,-3.341005e+003
0,131,-3.341005e+003
0,132,-3.341006e+003
0,133,-3.341006e+003
0,134,-3.341007e+003
0,135,-3.341007e+003
0,136,-3.341008e+003
0,137,-3.341008e+003
0,138,-3.341009e+003
0,139,-3.341009e+003
0,140,-3.341010e+003
0,141,-3.341010e+003
0,142,-3.341010e+003
0,143,-3.341011e+003
0,144,-3.341011e+003
0,145,-3.341011e+003
0,146,-3.341011e+003
0,147,-3.341011e+003
0,148,-3.341011e+003
0,149,-3.341012e+003
0,150,-3.341012e+003
0,151,-3.341012e+003
0,152,-3.341012e+003
0,153,-3.341012e+003
0,154,-3.341012e+003
0,155,-3.341012e+003
0,156,-3.341012e+003
0,157,-3.341012e+003
0,158,-3.341012e+003
0,159,-3.341012e+003
0,160,-3.341012e+003
0,161,-3.341012e+003
0,162,-3.341012e+003
0,163,-3.341012e+003
0,164,-3.341012e+003
0,165,-3.341012e+003
0,166,-3.341012e+003
0,167,-3.341012e+003
0,168,-3.341012e+003
0,169,-3.341012e+003
0,170,-3.341012e+003
0,171,-3.341012e+003
0,172,-3.341012e+003
0,173,-3.341012e+003
0,174,-3.341012e+003
0,175,-3.341012e+003
0,176,-3.341012e+003
0,177,-3.341012e+003
0,178,-3.341012e+003
0,179,-3.341012e+003
0,180,-3.341012e+003
0,181,-3.341012e+003
0,182,-3.341012e+003
0,183,-3.341012e+003
0,184,-3.341012e+003
0,185,-3.341012e+003
0,186,-3.341012e+003
0,187,-3.341012e+003
0,188,-3.341012e+003
0,189,-3.341012e+003
0,190,-3.341012e+003
0,191,-3.341012e+003
0,192,-3.341012e+003
0,193,-3.341012e+003
0,194,-3.341012e+003
0,195,-3.341012e+003
0,196,-3.341012e+003
0,197,-3.341012e+003
0,198,-3.341012e+003
0,199,-3.341012e+003
0,200,-3.341012e+003
0,201,-3.341012e+003
0,202,-3.341012e+003
0,203,-3.341012e+003
1,0,-3.341018e+003
1,1,-3.341018e+003
1,2,-3.341018e+003
1,3,-3.341018e+003
1,4,-3.341018e+003
1,5,-3.341018e+003
1,6,-3.341018e+003
1,7,-3.341018e+003
1,8,-3.341018e+003
1,9,-3.341018e+003
1,10,-3.341018e+003
1,11,-3.341018e+003
1,12,-3.341018e+003
1,13,-3.341018e+003
1,14,-3.341018e+003
1,15,-3.341018e+003
1,16,-3.341018e+003
1,17,-3.341018e+003
1,18,-3.341018e+003
1,19,-3.341018e+003
1,20,-3.341018e+003
1,21,-3.341018e+003
1,22,-3.341018e+003
1,23,-3.341018e+003
1,24,-3.341018e+003
1,25,-3.341018e+003
1,26,-3.341018e+003
1,27,-3.341018e+003
1,28,-3.341018e+003
2,0,-3.340853e+003
2,1,-3.340853e+003
2,2,-3.340853e+003
2,3,-3.340853e+003
2,4,-3.340853e+003
2,5,-3.340853e+003
2,6,-3.340853e+003
2,7,-3.340853e+003
2,8,-3.340853e+003
2,9,-3.340853e+003
2,10,-3.340853e+003
2,11,-3.340853e+003
2,12,-3.340853e+003
2,13,-3.340853e+003
2,14,-3.340853e+003
2,15,-3.340853e+003
2,16,-3.340853e+003
2,17,-3.340853e+003
2,18,-3.340853e+003
2,19,-3.340853e+003
2,20,-3.340853e+003
2,21,-3.340853e+003
3,0,-3.340868e+003
3,1,-3.340868e+003
3,2,-3.340868e+003
3,3,-3.340868e+003
3,4,-3.340868e+003
3,5,-3.340868e+003
3,6,-3.340868e+003
3,7,-3.340868e+003
3,8,-3.340868e+003
3,9,-3.340868e+003
3,10,-3.340868e+003
3,11,-3.340868e+003
3,12,-3.340868e+003
3,13,-3.340868e+003
3,14,-3.340868e+003
3,15,-3.340868e+003
3,16,-3.340868e+003
3,17,-3.340868e+003
3,18,-3.340868e+003
3,19,-3.340868e+003
3,20,-3.340868e+003
3,21,-3.340868e+003
4,0,-3.340878e+003
4,1,-3.340878e+003
4,2,-3.340878e+003
4,3,-3.340878e+003
4,4,-3.340878e+003
4,5,-3.340878e+003
4,6,-3.340878e+003
4,7,-3.340878e+003
4,8,-3.340878e+003
4,9,-3.340878e+003
4,10,-3.340878e+003
4,11,-3.340878e+003
4,12,-3.340878e+003
4,13,-3.340878e+003
4,14,-3.340878e+003
4,15,-3.340878e+003
4,16,-3.340878e+003
4,17,-3.340878e+003
4,18,-3.340878e+003
4,19,-3.340878e+003
4,20,-3.340878e+003
4,21,-3.340878e+003
5,0,-3.340883e+003
5,1,-3.340883e+003
5,2,-3.340883e+003
5,3,-3.340883e+003
5,4,-3.340883e+003
5,5,-3.340883e+003
5,6,-3.340883e+003
5,7,-3.340883e+003
5,8,-3.340883e+003
5,9,-3.340883e+003
5,10,-3.340883e+003
5,11,-3.340883e+003
5,12,-3.340883e+003
5,13,-3.340883e+003
5,14,-3.340883e+003
5,15,-3.340883e+003
5,16,-3.340883e+003
5,17,-3.340883e+003
5,18,-3.340883e+003
5,19,-3.340883e+003
5,20,-3.340883e+003
5,21,-3.340883e+003
6,0,-3.340884e+003
6,1,-3.340884e+003
6,2,-3.340884e+003
6,3,-3.340884e+003
6,4,-3.340884e+003
6,5,-3.340884e+003
6,6,-3.340884e+003
6,7,-3.340884e+003
6,8,-3.340884e+003
6,9,-3.340884e+003
6,10,-3.340884e+003
6,11,-3.340884e+003
6,12,-3.340884e+003
6,13,-3.340884e+003
6,14,-3.340884e+003
6,15,-3.340884e+003
6,16,-3.340884e+003
6,17,-3.340884e+003
6,18,-3.340884e+003
6,19,-3.340884e+003
6,20,-3.340884e+003
6,21,-3.340884e+003
7,0,-3.340706e+003
7,1,-3.340706e+003
7,2,-3.340706e+003
7,3,-3.340706e+003
7,4,-3.340706e+003
7,5,-3.340706e+003
7,6,-3.340706e+003
7,7,-3.340706e+003
7,8,-3.340706e+003
7,9,-3.340706e+003
7,10,-3.340706e+003
7,11,-3.340706e+003
7,12,-3.340706e+003
7,13,-3.340706e+003
7,14,-3.340706e+003
7,15,-3.340706e+003
7,16,-3.340706e+003
7,17,-3.340706e+003
7,18,-3.340706e+003
7,19,-3.340706e+003
7,20,-3.340706e+003
7,21,-3.340706e+003
8,0,-3.340714e+003
8,1,-3.340714e+003
8,2,-3.340714e+003
8,3,-3.340714e+003
8,4,-3.340714e+003
8,5,-3.340714e+003
8,6,-3.340714e+003
8,7,-3.340714e+003
8,8,-3.340714e+003
8,9,-3.340714e+003
8,10,-3.340714e+003
8,11,-3.340714e+003
8,12,-3.340714e+003
8,13,-3.340714e+003
8,14,-3.340714e+003
8,15,-3.340714e+003
8,16,-3.340714e+003
8,17,-3.340714e+003
8,18,-3.340714e+003
8,19,-3.340714e+003
8,20,-3.340714e+003
8,21,-3.340714e+003
9,0,-3.340902e+003
9,1,-3.340902e+003
9,2,-3.340902e+003
9,3,-3.340902e+003
9,4,-3.340902e+003
9,5,-3.340902e+003
9,6,-3.340902e+003
9,7,-3.340902e+003
9,8,-3.340902e+003
9,9,-3.340902e+003
9,10,-3.340902e+003
9,11,-3.340902e+003
9,12,-3.340902e+003
9,13,-3.340902e+003
9,14,-3.340902e+003
9,15,-3.340902e+003
9,16,-3.340902e+003
9,17,-3.340902e+003
9,18,-3.340902e+003
9,19,-3.340902e+003
9,20,-3.340902e+003
9,21,-3.340902e+003
9,22,-3.340902e+003
9,23,-3.340902e+003
9,24,-3.340902e+003
9,25,-3.340902e+003
9,26,-3.340902e+003
9,27,-3.340902e+003
9,28,-3.340902e+003
9,29,-3.340902e+003
9,30,-3.340902e+003
9,31,-3.340902e+003
9,32,-3.340902e+003
9,33,-3.340902e+003
9,34,-3.340902e+003
9,35,-3.340902e+003
9,36,-3.340902e+003
10,0,-3.340916e+003
10,1,-3.340916e+003
10,2,-3.340916e+003
10,3,-3.340916e+003
10,4,-3.340916e+003
10,5,-3.340916e+003
10,6,-3.340916e+003
10,7,-3.340916e+003
10,8,-3.340916e+003
10,9,-3.340916e+003
10,10,-3.340916e+003
10,11,-3.340916e+003
10,12,-3.340916e+003
10,13,-3.340916e+003
10,14,-3.340916e+003
10,15,-3.340916e+003
10,16,-3.340916e+003
10,17,-3.340916e+003
10,18,-3.340916e+003
10,19,-3.340916e+003
10,20,-3.340916e+003
10,21,-3.340916e+003
11,0,-3.340925e+003
11,1,-3.340925e+003
11,2,-3.340925e+003
11,3,-3.340925e+003
11,4,-3.340925e+003
11,5,-3.340925e+003
11,6,-3.340925e+003
11,7,-3.340925e+003
11,8,-3.340925e+003
11,9,-3.340925e+003
11,10,-3.340925e+003
11,11,-3.340925e+003
11,12,-3.340925e+003
11,13,-3.340925e+003
11,14,-3.340925e+003
11,15,-3.340925e+003
11,16,-3.340925e+003
11,17,-3.340925e+003
11,18,-3.340925e+003
11,19,-3.340925e+003
11,20,-3.340925e+003
11,21,-3.340925e+003
12,0,-3.340929e+003
12,1,-3.340929e+003
12,2,-3.340929e+003
12,3,-3.340929e+003
12,4,-3.340929e+003
12,5,-3.340929e+003
12,6,-3.340929e+003
12,7,-3.340929e+003
12,8,-3.340929e+003
12,9,-3.340929e+003
12,10,-3.340929e+003
12,11,-3.340929e+003
12,12,-3.340929e+003
12,13,-3.340929e+003
12,14,-3.340929e+003
12,15,-3.340929e+003
12,16,-3.340929e+003
12,17,-3.340929e+003
12,18,-3.340929e+003
12,19,-3.340929e+003
12,20,-3.340929e+003
12,21,-3.340929e+003
13,0,-3.340928e+003
13,1,-3.340928e+003
13,2,-3.340928e+003
13,3,-3.340928e+003
13,4,-3.340928e+003
13,5,-3.340928e+003
13,6,-3.340928e+003
13,7,-3.340928e+003
13,8,-3.340928e+003
13,9,-3.340928e+003
13,10,-3.340928e+003
13,11,-3.340928e+003
13,12,-3.340928e+003
13,13,-3.340928e+003
13,14,-3.340928e+003
13,15,-3.340928e+003
13,16,-3.340928e+003
13,17,-3.340928e+003
13,18,-3.340928e+003
13,19,-3.340928e+003
13,20,-3.340928e+003
13,21,-3.340928e+003
13,22,-3.340928e+003
13,23,-3.340928e+003
13,24,-3.340928e+003
13,25,-3.340928e+003
13,26,-3.340928e+003
13,27,-3.340928e+003
13,28,-3.340928e+003
13,29,-3.340928e+003
13,30,-3.340928e+003
13,31,-3.340928e+003
13,32,-3.340928e+003
14,0,-3.340921e+003
14,1,-3.340921e+003
14,2,-3.340921e+003
14,3,-3.340921e+003
14,4,-3.340921e+003
14,5,-3.340921e+003
14,6,-3.340921e+003
14,7,-3.340921e+003
14,8,-3.340921e+003
14,9,-3.340921e+003
14,10,-3.340921e+003
14,11,-3.340921e+003
14,12,-3.340921e+003
14,13,-3.340921e+003
14,14,-3.340921e+003
14,15,-3.340921e+003
14,16,-3.340921e+003
14,17,-3.340921e+003
14,18,-3.340921e+003
14,19,-3.340921e+003
14,20,-3.340921e+003
14,21,-3.340921e+003
14,22,-3.340921e+003
14,23,-3.340921e+003
14,24,-3.340921e+003
14,25,-3.340921e+003
15,0,-3.341118e+003
15,1,-3.341118e+003
15,2,-3.341118e+003
15,3,-3.341118e+003
15,4,-3.341118e+003
15,5,-3.341118e+003
15,6,-3.341118e+003
15,7,-3.341118e+003
15,8,-3.341118e+003
15,9,-3.341118e+003
15,10,-3.341118e+003
15,11,-3.341118e+003
15,12,-3.341118e+003
15,13,-3.341118e+003
15,14,-3.341118e+003
15,15,-3.341118e+003
15,16,-3.341118e+003
15,17,-3.341118e+003
15,18,-3.341118e+003
15,19,-3.341118e+003
15,20,-3.341118e+003
15,21,-3.341118e+003
15,22,-3.341118e+003
15,23,-3.341118e+003
15,24,-3.341118e+003
15,25,-3.341118e+003
15,26,-3.341118e+003
15,27,-3.341118e+003
15,28,-3.341118e+003
15,29,-3.341118e+003
16,0,-3.341180e+003
16,1,-3.341180e+003
16,2,-3.341256e+003
16,3,-3.341256e+003
16,4,-3.341256e+003
16,5,-3.341256e+003
16,6,-3.341256e+003
16,7,-3.341256e+003
16,8,-3.341256e+003
16,9,-3.341256e+003
16,10,-3.341256e+003
16,11,-3.341256e+003
16,12,-3.341256e+003
16,13,-3.341256e+003
16,14,-3.341256e+003
16,15,-3.341256e+003
16,16,-3.341256e+003
16,17,-3.341256e+003
16,18,-3.341256e+003
16,19,-3.341256e+003
16,20,-3.341256e+003
16,21,-3.341256e+003
16,22,-3.341256e+003
16,23,-3.341256e+003
16,24,-3.341256e+003
16,25,-3.341256e+003
16,26,-3.341256e+003
16,27,-3.341256e+003
16,28,-3.341256e+003
16,29,-3.341256e+003
16,30,-3.341256e+003
16,31,-3.341256e+003
16,32,-3.341256e+003
16,33,-3.341256e+003
16,34,-3.341256e+003
16,35,-3.341256e+003
16,36,-3.341256e+003
16,37,-3.341256e+003
16,38,-3.341256e+003
16,39,-3.341256e+003
16,40,-3.341256e+003
16,41,-3.341256e+003
16,42,-3.341256e+003
16,43,-3.341256e+003
16,44,-3.341256e+003
16,45,-3.341256e+003
17,0,-3.341261e+003
17,1,-3.341261e+003
17,2,-3.341261e+003
17,3,-3.341261e+003
17,4,-3.341261e+003
17,5,-3.341261e+003
17,6,-3.341261e+003
17,7,-3.341261e+003
17,8,-3.341261e+003
17,9,-3.341261e+003
17,10,-3.341261e+003
17,11,-3.341261e+003
17,12,-3.341261e+003
17,13,-3.341261e+003
17,14,-3.341261e+003
17,15,-3.341261e+003
17,16,-3.341261e+003
17,17,-3.341261e+003
17,18,-3.341261e+003
17,19,-3.341261e+003
17,20,-3.341261e+003
17,21,-3.341261e+003
18,0,-3.341094e+003
18,1,-3.341094e+003
18,2,-3.341094e+003
18,3,-3.341094e+003
18,4,-3.341094e+003
18,5,-3.341094e+003
18,6,-3.341094e+003
18,7,-3.341094e+003
18,8,-3.341094e+003
18,9,-3.341094e+003
18,10,-3.341094e+003
18,11,-3.341094e+003
18,12,-3.341094e+003
18,13,-3.341094e+003
18,14,-3.341094e+003
18,15,-3.341094e+003
18,16,-3.341094e+003
18,17,-3.341094e+003
18,18,-3.341094e+003
18,19,-3.341094e+003
18,20,-3.341094e+003
18,21,-3.341094e+003
18,22,-3.341094e+003
19,0,-3.341109e+003
19,1,-3.341109e+003
19,2,-3.341109e+003
19,3,-3.341109e+003
19,4,-3.341109e+003
19,5,-3.341109e+003
19,6,-3.341109e+003
19,7,-3.341109e+003
19,8,-3.341109e+003
19,9,-3.341109e+003
19,10,-3.341109e+003
19,11,-3.341109e+003
19,12,-3.341109e+003
19,13,-3.341109e+003
19,14,-3.341109e+003
19,15,-3.341109e+003
19,16,-3.341109e+003
19,17,-3.341109e+003
19,18,-3.341109e+003
19,19,-3.341109e+003
19,20,-3.341109e+003
19,21,-3.341109e+003
20,0,-3.341121e+003
20,1,-3.341121e+003
20,2,-3.341121e+003
20,3,-3.341121e+003
20,4,-3.341121e+003
20,5,-3.341121e+003
20,6,-3.341121e+003
20,7,-3.341121e+003
20,8,-3.341121e+003
20,9,-3.341121e+003
20,10,-3.341121e+003
20,11,-3.341121e+003
20,12,-3.341121e+003
20,13,-3.341121e+003
20,14,-3.341121e+003
20,15,-3.341121e+003
20,16,-3.341121e+003
20,17,-3.341121e+003
20,18,-3.341121e+003
20,19,-3.341121e+003
20,20,-3.341121e+003
20,21,-3.341121e+003
20,22,-3.341121e+003
20,23,-3.341121e+003
20,24,-3.341121e+003
20,25,-3.341121e+003
20,26,-3.341121e+003
20,27,-3.341121e+003
20,28,-3.341121e+003
20,29,-3.341121e+003
20,30,-3.341121e+003
20,31,-3.341121e+003
20,32,-3.341121e+003
20,33,-3.341121e+003
20,34,-3.341121e+003
20,35,-3.341121e+003
20,36,-3.341121e+003
21,0,-3.341129e+003
21,1,-3.341129e+003
21,2,-3.341129e+003
21,3,-3.341129e+003
21,4,-3.341129e+003
21,5,-3.341129e+003
21,6,-3.341129e+003
21,7,-3.341129e+003
21,8,-3.341129e+003
21,9,-3.341129e+003
21,10,-3.341129e+003
21,11,-3.341129e+003
21,12,-3.341129e+003
21,13,-3.341129e+003
21,14,-3.341129e+003
21,15,-3.341129e+003
21,16,-3.341129e+003
21,17,-3.341129e+003
21,18,-3.341129e+003
21,19,-3.341129e+003
21,20,-3.341129e+003
21,21,-3.341129e+003
22,0,-3.341133e+003
22,1,-3.341133e+003
22,2,-3.341133e+003
22,3,-3.341133e+003
22,4,-3.341133e+003
22,5,-3.341133e+003
22,6,-3.341133e+003
22,7,-3.341133e+003
22,8,-3.341133e+003
22,9,-3.341133e+003
22,10,-3.341133e+003
22,11,-3.341133e+003
22,12,-3.341133e+003
22,13,-3.341133e+003
22,14,-3.341133e+003
22,15,-3.341133e+003
22,16,-3.341133e+003
22,17,-3.341133e+003
22,18,-3.341133e+003
22,19,-3.341133e+003
22,20,-3.341133e+003
22,21,-3.341133e+003
23,0,-3.341135e+003
23,1,-3.341135e+003
23,2,-3.341135e+003
23,3,-3.341135e+003
23,4,-3.341135e+003
23,5,-3.341135e+003
23,6,-3.341135e+003
23,7,-3.341135e+003
23,8,-3.341135e+003
23,9,-3.341135e+003
23,10,-3.341135e+003
23,11,-3.341135e+003
23,12,-3.341135e+003
23,13,-3.341135e+003
23,14,-3.341135e+003
23,15,-3.341135e+003
23,16,-3.341135e+003
23,17,-3.341135e+003
23,18,-3.341135e+003
23,19,-3.341135e+003
23,20,-3.341135e+003
23,21,-3.341135e+003
24,0,-3.340973e+003
24,1,-3.340973e+003
24,2,-3.340973e+003
24,3,-3.340973e+003
24,4,-3.340973e+003
24,5,-3.340973e+003
24,6,-3.340973e+003
24,7,-3.340973e+003
24,8,-3.340973e+003
24,9,-3.340973e+003
24,10,-3.340973e+003
24,11,-3.340973e+003
24,12,-3.340973e+003
24,13,-3.340973e+003
24,14,-3.340973e+003
24,15,-3.340973e+003
24,16,-3.340973e+003
24,17,-3.340973e+003
24,18,-3.340973e+003
24,19,-3.340973e+003
24,20,-3.340973e+003
24,21,-3.340973e+003
24,22,-3.340973e+003
24,23,-3.340973e+003
24,24,-3.340973e+003
24,25,-3.340973e+003
24,26,-3.340973e+003
24,27,-3.340973e+003
24,28,-3.340973e+003
24,29,-3.340973e+003
24,30,-3.340973e+003
24,31,-3.340973e+003
24,32,-3.340973e+003
24,33,-3.340973e+003
24,34,-3.340973e+003
25,0,-3.340986e+003
25,1,-3.340986e+003
25,2,-3.340986e+003
25,3,-3.340986e+003
25,4,-3.340986e+003
25,5,-3.340986e+003
25,6,-3.340986e+003
25,7,-3.340986e+003
25,8,-3.340986e+003
25,9,-3.340986e+003
25,10,-3.340986e+003
25,11,-3.340986e+003
25,12,-3.340986e+003
25,13,-3.340986e+003
25,14,-3.340986e+003
25,15,-3.340986e+003
25,16,-3.340986e+003
25,17,-3.340986e+003
25,18,-3.340986e+003
25,19,-3.340986e+003
25,20,-3.340986e+003
25,21,-3.340986e+003
26,0,-3.340995e+003
26,1,-3.340995e+003
26,2,-3.340995e+003
26,3,-3.340995e+003
26,4,-3.340995e+003
26,5,-3.340995e+003
26,6,-3.340995e+003
26,7,-3.340995e+003
26,8,-3.340995e+003
26,9,-3.340995e+003
26,10,-3.340995e+003
26,11,-3.340995e+003
26,12,-3.340995e+003
26,13,-3.340995e+003
26,14,-3.340995e+003
26,15,-3.340995e+003
26,16,-3.340995e+003
26,17,-3.340995e+003
26,18,-3.340995e+003
26,19,-3.340995e+003
26,20,-3.340995e+003
26,21,-3.340995e+003
27,0,-3.341129e+003
27,1,-3.341129e+003
27,2,-3.341129e+003
27,3,-3.341129e+003
27,4,-3.341129e+003
27,5,-3.341129e+003
27,6,-3.341129e+003
27,7,-3.341129e+003
27,8,-3.341129e+003
27,9,-3.341129e+003
27,10,-3.341129e+003
27,11,-3.341129e+003
27,12,-3.341129e+003
27,13,-3.341129e+003
27,14,-3.341129e+003
27,15,-3.341129e+003
27,16,-3.341129e+003
27,17,-3.341129e+003
27,18,-3.341129e+003
27,19,-3.341129e+003
27,20,-3.341129e+003
27,21,-3.341129e+003
27,22,-3.341129e+003
27,23,-3.341129e+003
27,24,-3.341129e+003
27,25,-3.341129e+003
27,26,-3.341129e+003
27,27,-3.341129e+003
27,28,-3.341129e+003
27,29,-3.341129e+003
27,30,-3.341129e+003
27,31,-3.341129e+003
27,32,-3.341129e+003
27,33,-3.341129e+003
27,34,-3.341129e+003
27,35,-3.341129e+003
27,36,-3.341129e+003
27,37,-3.341129e+003
27,38,-3.341129e+003
27,39,-3.341129e+003
27,40,-3.341129e+003
27,41,-3.341129e+003
27,42,-3.341129e+003
27,43,-3.341129e+003
27,44,-3.341129e+003
27,45,-3.341129e+003
27,46,-3.341129e+003
27,47,-3.341129e+003
27,48,-3.341129e+003
27,49,-3.341129e+003
27,50,-3.341129e+003
27,51,-3.341129e+003
27,52,-3.341129e+003
27,53,-3.341129e+003
27,54,-3.341129e+003
27,55,-3.341129e+003
27,56,-3.341129e+003
28,0,-3.341206e+003
28,1,-3.341206e+003
28,2,-3.341206e+003
28,3,-3.341206e+003
28,4,-3.341206e+003
28,5,-3.341206e+003
28,6,-3.341206e+003
28,7,-3.341206e+003
28,8,-3.341206e+003
28,9,-3.341206e+003
28,10,-3.341206e+003
28,11,-3.341206e+003
28,12,-3.341206e+003
28,13,-3.341206e+003
28,14,-3.341206e+003
28,15,-3.341206e+003
28,16,-3.341206e+003
28,17,-3.341206e+003
28,18,-3.341206e+003
28,19,-3.341206e+003
28,20,-3.341206e+003
28,21,-3.341206e+003
29,0,-3.341229e+003
29,1,-3.341229e+003
29,2,-3.341229e+003
29,3,-3.341229e+003
29,4,-3.341229e+003
29,5,-3.341229e+003
29,6,-3.341229e+003
29,7,-3.341229e+003
29,8,-3.341229e+003
29,9,-3.341229e+003
29,10,-3.341229e+003
29,11,-3.341229e+003
29,12,-3.341229e+003
29,13,-3.341229e+003
29,14,-3.341229e+003
29,15,-3.341229e+003
29,16,-3.341229e+003
29,17,-3.341229e+003
29,18,-3.341229e+003
29,19,-3.341229e+003
29,20,-3.341229e+003
29,21,-3.341229e+003
29,22,-3.341229e+003
29,23,-3.341229e+003
29,24,-3.341229e+003
29,25,-3.341229e+003
29,26,-3.341229e+003
29,27,-3.341229e+003
29,28,-3.341229e+003
29,29,-3.341229e+003
29,30,-3.341229e+003
29,31,-3.341229e+003
29,32,-3.341229e+003
29,33,-3.341229e+003
29,34,-3.341229e+003
29,35,-3.341229e+003
29,36,-3.341229e+003
29,37,-3.341229e+003
29,38,-3.341229e+003
29,39,-3.341229e+003
29,40,-3.341229e+003
29,41,-3.341229e+003
29,42,-3.341229e+003
29,43,-3.341229e+003
29,44,-3.341229e+003
29,45,-3.341229e+003
29,46,-3.341229e+003
29,47,-3.341229e+003
29,48,-3.341229e+003
29,49,-3.341229e+003
29,50,-3.341229e+003
29,51,-3.341229e+003
29,52,-3.341229e+003
29,53,-3.341229e+003
29,54,-3.341229e+003
29,55,-3.341229e+003
29,56,-3.341229e+003
29,57,-3.341229e+003
29,58,-3.341229e+003
29,59,-3.341229e+003
29,60,-3.341229e+003
29,61,-3.341229e+003
29,62,-3.341229e+003
29,63,-3.341229e+003
29,64,-3.341229e+003
29,65,-3.341229e+003
29,66,-3.341229e+003
29,67,-3.341229e+003
29,68,-3.341229e+003
29,69,-3.341229e+003
29,70,-3.341229e+003
29,71,-3.341229e+003
29,72,-3.341229e+003
29,73,-3.341229e+003
29,74,-3.341229e+003
29,75,-3.341229e+003
29,76,-3.341229e+003
29,77,-3.341229e+003
29,78,-3.341229e+003
30,0,-3.341258e+003
30,1,-3.341258e+003
30,2,-3.341258e+003
30,3,-3.341258e+003
30,4,-3.341258e+003
30,5,-3.341258e+003
30,6,-3.341258e+003
30,7,-3.341258e+003
30,8,-3.341258e+003
30,9,-3.341258e+003
30,10,-3.341258e+003
30,11,-3.341258e+003
30,12,-3.341258e+003
30,13,-3.341258e+003
30,14,-3.341258e+003
30,15,-3.341258e+003
30,16,-3.341258e+003
30,17,-3.341258e+003
30,18,-3.341258e+003
30,19,-3.341258e+003
30,20,-3.341258e+003
30,21,-3.341258e+003
31,0,-3.341281e+003
31,1,-3.341281e+003
31,2,-3.341281e+003
31,3,-3.341281e+003
31,4,-3.341281e+003
31,5,-3.341281e+003
31,6,-3.341281e+003
31,7,-3.341281e+003
31,8,-3.341281e+003
31,9,-3.341281e+003
31,10,-3.341281e+003
31,11,-3.341281e+003
31,12,-3.341281e+003
31,13,-3.341281e+003
31,14,-3.341281e+003
31,15,-3.341281e+003
31,16,-3.341281e+003
31,17,-3.341281e+003
31,18,-3.341281e+003
31,19,-3.341281e+003
31,20,-3.341281e+003
31,21,-3.341281e+003
32,0,-3.341302e+003
32,1,-3.341302e+003
32,2,-3.341302e+003
32,3,-3.341302e+003
32,4,-3.341302e+003
32,5,-3.341302e+003
32,6,-3.341302e+003
32,7,-3.341302e+003
32,8,-3.341302e+003
32,9,-3.341302e+003
32,10,-3.341302e+003
32,11,-3.341302e+003
32,12,-3.341302e+003
32,13,-3.341302e+003
32,14,-3.341302e+003
32,15,-3.341302e+003
32,16,-3.341302e+003
32,17,-3.341302e+003
32,18,-3.341302e+003
32,19,-3.341302e+003
32,20,-3.341302e+003
32,21,-3.341302e+003
32,22,-3.341302e+003
32,23,-3.341302e+003
32,24,-3.341302e+003
32,25,-3.341302e+003
32,26,-3.341302e+003
32,27,-3.341302e+003
32,28,-3.341302e+003
32,29,-3.341302e+003
32,30,-3.341302e+003
32,31,-3.341302e+003
32,32,-3.341302e+003
32,33,-3.341302e+003
32,34,-3.341302e+003
32,35,-3.341302e+003
32,36,-3.341302e+003
32,37,-3.341302e+003
32,38,-3.341302e+003
32,39,-3.341302e+003
32,40,-3.341302e+003
32,41,-3.341302e+003
32,42,-3.341302e+003
32,43,-3.341302e+003
32,44,-3.341302e+003
32,45,-3.341302e+003
32,46,-3.341302e+003
32,47,-3.341302e+003
32,48,-3.341302e+003
32,49,-3.341302e+003
32,50,-3.341302e+003
32,51,-3.341302e+003
32,52,-3.341302e+003
32,53,-3.341302e+003
32,54,-3.341302e+003
32,55,-3.341302e+003
33,0,-3.341321e+003
33,1,-3.341321e+003
33,2,-3.341321e+003
33,3,-3.341321e+003
33,4,-3.341321e+003
33,5,-3.341321e+003
33,6,-3.341321e+003
33,7,-3.341321e+003
33,8,-3.341321e+003
33,9,-3.341321e+003
33,10,-3.341321e+003
33,11,-3.341321e+003
33,12,-3.341321e+003
33,13,-3.341321e+003
33,14,-3.341321e+003
33,15,-3.341321e+003
33,16,-3.341321e+003
33,17,-3.341321e+003
33,18,-3.341321e+003
33,19,-3.341321e+003
33,20,-3.341321e+003
33,21,-3.341321e+003
33,22,-3.341321e+003
33,23,-3.341321e+003
33,24,-3.341321e+003
33,25,-3.341321e+003
33,26,-3.341321e+003
33,27,-3.341321e+003
33,28,-3.341321e+003
33,29,-3.341321e+003
33,30,-3.341321e+003
33,31,-3.341321e+003
33,32,-3.341321e+003
33,33,-3.341321e+003
33,34,-3.341321e+003
33,35,-3.341321e+003
33,36,-3.341321e+003
33,37,-3.341321e+003
33,38,-3.341321e+003
33,39,-3.341321e+003
33,40,-3.341321e+003
33,41,-3.341321e+003
33,42,-3.341321e+003
33,43,-3.341321e+003
33,44,-3.341321e+003
33,45,-3.341321e+003
33,46,-3.341321e+003
33,47,-3.341321e+003
34,0,-3.341350e+003
34,1,-3.341350e+003
34,2,-3.341350e+003
34,3,-3.341350e+003
34,4,-3.341350e+003
34,5,-3.341350e+003
34,6,-3.341350e+003
34,7,-3.341350e+003
34,8,-3.341350e+003
34,9,-3.341350e+003
34,10,-3.341350e+003
34,11,-3.341350e+003
34,12,-3.341350e+003
34,13,-3.341350e+003
34,14,-3.341350e+003
34,15,-3.341350e+003
34,16,-3.341350e+003
34,17,-3.341350e+003
34,18,-3.341350e+003
34,19,-3.341350e+003
34,20,-3.341350e+003
34,21,-3.341350e+003
34,22,-3.341350e+003
34,23,-3.341350e+003
34,24,-3.341350e+003
34,25,-3.341350e+003
34,26,-3.341350e+003
34,27,-3.341350e+003
34,28,-3.341350e+003
34,29,-3.341350e+003
34,30,-3.341350e+003
34,31,-3.341350e+003
34,32,-3.341350e+003
34,33,-3.341350e+003
34,34,-3.341350e+003
34,35,-3.341350e+003
34,36,-3.341350e+003
34,37,-3.341350e+003
34,38,-3.341350e+003
34,39,-3.341350e+003
34,40,-3.341350e+003
34,41,-3.341350e+003
34,42,-3.341350e+003
34,43,-3.341350e+003
34,44,-3.341350e+003
34,45,-3.341350e+003
34,46,-3.341350e+003
34,47,-3.341350e+003
34,48,-3.341350e+003
34,49,-3.341350e+003
34,50,-3.341350e+003
34,51,-3.341350e+003
35,0,-3.341386e+003
35,1,-3.341386e+003
35,2,-3.341386e+003
35,3,-3.341386e+003
35,4,-3.341386e+003
35,5,-3.341386e+003
35,6,-3.341386e+003
35,7,-3.341386e+003
35,8,-3.341386e+003
35,9,-3.341386e+003
35,10,-3.341386e+003
35,11,-3.341386e+003
35,12,-3.341386e+003
35,13,-3.341386e+003
35,14,-3.341386e+003
35,15,-3.341386e+003
35,16,-3.341386e+003
35,17,-3.341386e+003
35,18,-3.341386e+003
35,19,-3.341386e+003
35,20,-3.341386e+003
35,21,-3.341386e+003
35,22,-3.341386e+003
35,23,-3.341386e+003
35,24,-3.341386e+003
36,0,-3.341401e+003
36,1,-3.341401e+003
36,2,-3.341401e+003
36,3,-3.341401e+003
36,4,-3.341401e+003
36,5,-3.341401e+003
36,6,-3.341401e+003
36,7,-3.341401e+003
36,8,-3.341401e+003
36,9,-3.341401e+003
36,10,-3.341401e+003
36,11,-3.341401e+003
36,12,-3.341401e+003
36,13,-3.341401e+003
36,14,-3.341401e+003
36,15,-3.341401e+003
36,16,-3.341401e+003
36,17,-3.341401e+003
36,18,-3.341401e+003
36,19,-3.341401e+003
36,20,-3.341401e+003
36,21,-3.341401e+003
36,22,-3.341401e+003
36,23,-3.341401e+003
36,24,-3.341401e+003
36,25,-3.341401e+003
36,26,-3.341401e+003
36,27,-3.341401e+003
36,28,-3.341401e+003
37,0,-3.341382e+003
37,1,-3.341382e+003
37,2,-3.341382e+003
37,3,-3.341382e+003
37,4,-3.341382e+003
37,5,-3.341382e+003
37,6,-3.341382e+003
37,7,-3.341382e+003
37,8,-3.341382e+003
37,9,-3.341382e+003
37,10,-3.341382e+003
37,11,-3.341382e+003
37,12,-3.341382e+003
37,13,-3.341382e+003
37,14,-3.341382e+003
37,15,-3.341382e+003
37,16,-3.341382e+003
37,17,-3.341382e+003
37,18,-3.341382e+003
37,19,-3.341382e+003
37,20,-3.341382e+003
37,21,-3.341382e+003
37,22,-3.341382e+003
37,23,-3.341382e+003
37,24,-3.341382e+003
37,25,-3.341382e+003
37,26,-3.341382e+003
37,27,-3.341382e+003
37,28,-3.341382e+003
37,29,-3.341382e+003
37,30,-3.341382e+003
37,31,-3.341382e+003
37,32,-3.341382e+003
37,33,-3.341382e+003
37,34,-3.341382e+003
37,35,-3.341382e+003
37,36,-3.341382e+003
37,37,-3.341382e+003
37,38,-3.341382e+003
37,39,-3.341382e+003
37,40,-3.341382e+003
37,41,-3.341382e+003
37,42,-3.341382e+003
37,43,-3.341382e+003
37,44,-3.341382e+003
37,45,-3.341382e+003
37,46,-3.341382e+003
37,47,-3.341382e+003
37,48,-3.341382e+003
37,49,-3.341382e+003
37,50,-3.341382e+003
37,51,-3.341382e+003
37,52,-3.341382e+003
37,53,-3.341382e+003
37,54,-3.341382e+003
37,55,-3.341382e+003
37,56,-3.341382e+003
37,57,-3.341382e+003
37,58,-3.341382e+003
37,59,-3.341382e+003
37,60,-3.341382e+003
37,61,-3.341382e+003
37,62,-3.341382e+003
37,63,-3.341382e+003
38,0,-3.341312e+003
38,1,-3.341312e+003
38,2,-3.341312e+003
38,3,-3.341312e+003
38,4,-3.341312e+003
38,5,-3.341312e+003
38,6,-3.341312e+003
38,7,-3.341312e+003
38,8,-3.341312e+003
38,9,-3.341312e+003
38,10,-3.341312e+003
38,11,-3.341312e+003
38,12,-3.341312e+003
38,13,-3.341312e+003
38,14,-3.341312e+003
38,15,-3.341312e+003
38,16,-3.341312e+003
38,17,-3.341312e+003
38,18,-3.341312e+003
38,19,-3.341312e+003
38,20,-3.341312e+003
38,21,-3.341312e+003
39,0,-3.341163e+003
39,1,-3.341163e+003
39,2,-3.341163e+003
39,3,-3.341163e+003
39,4,-3.341163e+003
39,5,-3.341163e+003
39,6,-3.341163e+003
39,7,-3.341163e+003
39,8,-3.341163e+003
39,9,-3.341163e+003
39,10,-3.341163e+003
39,11,-3.341163e+003
39,12,-3.341163e+003
39,13,-3.341163e+003
39,14,-3.341163e+003
39,15,-3.341163e+003
39,16,-3.341163e+003
39,17,-3.341163e+003
39,18,-3.341163e+003
39,19,-3.341163e+003
39,20,-3.341163e+003
39,21,-3.341163e+003
40,0,-3.340737e+003
40,1,-3.340737e+003
40,2,-3.340737e+003
40,3,-3.340737e+003
40,4,-3.340737e+003
40,5,-3.340737e+003
40,6,-3.340737e+003
40,7,-3.340737e+003
40,8,-3.340738e+003
40,9,-3.340738e+003
40,10,-3.340738e+003
40,11,-3.340739e+003
40,12,-3.340739e+003
40,13,-3.340790e+003
40,14,-3.340790e+003
40,15,-3.340790e+003
40,16,-3.340790e+003
40,17,-3.340790e+003
40,18,-3.340790e+003
40,19,-3.340790e+003
40,20,-3.340790e+003
40,21,-3.340790e+003
40,22,-3.340790e+003
40,23,-3.340790e+003
40,24,-3.340790e+003
40,25,-3.340790e+003
40,26,-3.340790e+003
40,27,-3.340790e+003
40,28,-3.340790e+003
40,29,-3.340790e+003
40,30,-3.340790e+003
40,31,-3.340790e+003
40,32,-3.340790e+003
40,33,-3.340790e+003
40,34,-3.340790e+003
40,35,-3.340790e+003
40,36,-3.340790e+003
40,37,-3.340790e+003
40,38,-3.340790e+003
40,39,-3.340790e+003
40,40,-3.340790e+003
40,41,-3.340790e+003
40,42,-3.340790e+003
40,43,-3.340790e+003
40,44,-3.340790e+003
40,45,-3.340790e+003
40,46,-3.340790e+003
40,47,-3.340790e+003
40,48,-3.340790e+003
40,49,-3.340790e+003
40,50,-3.340790e+003
40,51,-3.340790e+003
40,52,-3.340790e+003
40,53,-3.340790e+003
40,54,-3.340790e+003
40,55,-3.340790e+003
40,56,-3.340790e+003
40,57,-3.340790e+003
40,58,-3.340790e+003
40,59,-3.340790e+003
40,60,-3.340790e+003
40,61,-3.340790e+003
40,62,-3.340790e+003
40,63,-3.340790e+003
40,64,-3.340790e+003
40,65,-3.340790e+003
40,66,-3.340790e+003
40,67,-3.340790e+003
40,68,-3.340790e+003
40,69,-3.340790e+003
40,70,-3.340790e+003
40,71,-3.340790e+003
40,72,-3.340790e+003
40,73,-3.340790e+003
40,74,-3.340790e+003
40,75,-3.340790e+003
40,76,-3.340790e+003
40,77,-3.340790e+003
40,78,-3.340790e+003
40,79,-3.340790e+003
40,80,-3.340790e+003
40,81,-3.340790e+003
40,82,-3.340790e+003
40,83,-3.340790e+003
40,84,-3.340790e+003
40,85,-3.340790e+003
40,86,-3.340790e+003
40,87,-3.340790e+003
40,88,-3.340790e+003
40,89,-3.340790e+003
40,90,-3.340790e+003
40,91,-3.340790e+003
40,92,-3.340790e+003
40,93,-3.340790e+003
40,94,-3.340790e+003
40,95,-3.340790e+003
40,96,-3.340790e+003
40,97,-3.340790e+003
40,98,-3.340790e+003
41,0,-3.340394e+003
41,1,-3.340394e+003
41,2,-3.340394e+003
41,3,-3.340394e+003
41,4,-3.340394e+003
41,5,-3.340394e+003
41,6,-3.340394e+003
41,7,-3.340394e+003
41,8,-3.340394e+003
41,9,-3.340395e+003
41,10,-3.340395e+003
41,11,-3.340395e+003
41,12,-3.340395e+003
41,13,-3.340395e+003
41,14,-3.340395e+003
41,15,-3.340320e+003
41,16,-3.340320e+003
41,17,-3.340320e+003
41,18,-3.340320e+003
41,19,-3.340320e+003
41,20,-3.340320e+003
41,21,-3.340320e+003
41,22,-3.340320e+003
41,23,-3.340320e+003
41,24,-3.340320e+003
41,25,-3.340320e+003
41,26,-3.340320e+003
41,27,-3.340320e+003
41,28,-3.340320e+003
41,29,-3.340320e+003
41,30,-3.340320e+003
41,31,-3.340320e+003
41,32,-3.340320e+003
41,33,-3.340320e+003
41,34,-3.340320e+003
41,35,-3.340320e+003
41,36,-3.340320e+003
41,37,-3.340320e+003
41,38,-3.340320e+003
41,39,-3.340320e+003
41,40,-3.340320e+003
41,41,-3.340320e+003
41,42,-3.340320e+003
41,43,-3.340320e+003
41,44,-3.340320e+003
41,45,-3.340320e+003
41,46,-3.340320e+003
41,47,-3.340320e+003
41,48,-3.340320e+003
41,49,-3.340320e+003
41,50,-3.340320e+003
42,0,-3.339723e+003
42,1,-3.339723e+003
42,2,-3.339723e+003
42,3,-3.339723e+003
42,4,-3.339723e+003
42,5,-3.339723e+003
42,6,-3.339723e+003
42,7,-3.339723e+003
42,8,-3.339723e+003
42,9,-3.339723e+003
42,10,-3.339723e+003
42,11,-3.339723e+003
42,12,-3.339723e+003
42,13,-3.339723e+003
42,14,-3.339723e+003
42,15,-3.339723e+003
42,16,-3.339723e+003
42,17,-3.339723e+003
42,18,-3.339723e+003
42,19,-3.339723e+003
42,20,-3.339723e+003
42,21,-3.339723e+003
43,0,-3.338872e+003
43,1,-3.338872e+003
43,2,-3.338872e+003
43,3,-3.338872e+003
43,4,-3.338872e+003
43,5,-3.338872e+003
43,6,-3.338872e+003
43,7,-3.338872e+003
43,8,-3.338872e+003
43,9,-3.338872e+003
43,10,-3.338872e+003
43,11,-3.338872e+003
43,12,-3.338872e+003
43,13,-3.338872e+003
43,14,-3.338872e+003
43,15,-3.338872e+003
43,16,-3.338872e+003
43,17,-3.338872e+003
43,18,-3.338872e+003
43,19,-3.338872e+003
43,20,-3.338872e+003
43,21,-3.338872e+003
44,0,-3.337718e+003
44,1,-3.337718e+003
44,2,-3.337718e+003
44,3,-3.337718e+003
44,4,-3.337718e+003
44,5,-3.337718e+003
44,6,-3.337718e+003
44,7,-3.337718e+003
44,8,-3.337718e+003
44,9,-3.337718e+003
44,10,-3.337718e+003
44,11,-3.337718e+003
44,12,-3.337723e+003
44,13,-3.337730e+003
44,14,-3.337734e+003
44,15,-3.337745e+003
44,16,-3.337756e+003
44,17,-3.337760e+003
44,18,-3.337762e+003
44,19,-3.337764e+003
44,20,-3.337764e+003
44,21,-3.337765e+003
44,22,-3.337765e+003
44,23,-3.337765e+003
44,24,-3.337765e+003
44,25,-3.337765e+003
44,26,-3.337765e+003
44,27,-3.337765e+003
44,28,-3.337765e+003
44,29,-3.337765e+003
44,30,-3.337765e+003
44,31,-3.337765e+003
44,32,-3.337765e+003
44,33,-3.337765e+003
44,34,-3.337765e+003
44,35,-3.337765e+003
44,36,-3.337765e+003
44,37,-3.337765e+003
44,38,-3.337765e+003
44,39,-3.337765e+003
44,40,-3.337765e+003
44,41,-3.337765e+003
44,42,-3.337765e+003
44,43,-3.337765e+003
44,44,-3.337765e+003
44,45,-3.337765e+003
44,46,-3.337765e+003
44,47,-3.337765e+003
44,48,-3.337765e+003
44,49,-3.337765e+003
44,50,-3.337765e+003
44,51,-3.337765e+003
44,52,-3.337765e+003
44,53,-3.337765e+003
44,54,-3.337765e+003
44,55,-3.337765e+003
44,56,-3.337765e+003
44,57,-3.337765e+003
44,58,-3.337765e+003
44,59,-3.337765e+003
44,60,-3.337765e+003
44,61,-3.337765e+003
44,62,-3.337765e+003
44,63,-3.337765e+003
44,64,-3.337765e+003
44,65,-3.337765e+003
44,66,-3.337765e+003
44,67,-3.337765e+003
44,68,-3.337765e+003
44,69,-3.337765e+003
44,70,-3.337765e+003
44,71,-3.337765e+003
44,72,-3.337765e+003
44,73,-3.337765e+003
44,74,-3.337765e+003
44,75,-3.337765e+003
44,76,-3.337765e+003
44,77,-3.337765e+003
44,78,-3.337765e+003
44,79,-3.337765e+003
44,80,-3.337765e+003
44,81,-3.337765e+003
44,82,-3.337765e+003
44,83,-3.337765e+003
44,84,-3.337765e+003
44,85,-3.337765e+003
44,86,-3.337765e+003
44,87,-3.337765e+003
44,88,-3.337765e+003
44,89,-3.337765e+003
44,90,-3.337765e+003
44,91,-3.337765e+003
44,92,-3.337765e+003
44,93,-3.337765e+003
44,94,-3.337765e+003
44,95,-3.337765e+003
44,96,-3.337765e+003
44,97,-3.337765e+003
44,98,-3.337765e+003
44,99,-3.337765e+003
44,100,-3.337765e+003
44,101,-3.337765e+003
44,102,-3.337765e+003
44,103,-3.337765e+003
44,104,-3.337765e+003
44,105,-3.337765e+003
44,106,-3.337765e+003
44,107,-3.337765e+003
44,108,-3.337765e+003
44,109,-3.337765e+003
44,110,-3.337765e+003
44,111,-3.337765e+003
44,112,-3.337765e+003
44,113,-3.337765e+003
44,114,-3.337765e+003
44,115,-3.337765e+003
44,116,-3.337765e+003
44,117,-3.337765e+003
44,118,-3.337765e+003
44,119,-3.337765e+003
44,120,-3.337765e+003
44,121,-3.337765e+003
44,122,-3.337765e+003
44,123,-3.337765e+003
44,124,-3.337765e+003
44,125,-3.337765e+003
44,126,-3.337765e+003
44,127,-3.337765e+003
44,128,-3.337765e+003
44,129,-3.337765e+003
44,130,-3.337765e+003
44,131,-3.337765e+003
44,132,-3.337765e+003
44,133,-3.337765e+003
44,134,-3.337765e+003
44,135,-3.337765e+003
44,136,-3.337765e+003
44,137,-3.337765e+003
44,138,-3.337765e+003
44,139,-3.337765e+003
44,140,-3.337765e+003
44,141,-3.337765e+003
44,142,-3.337765e+003
44,143,-3.337765e+003
44,144,-3.337765e+003
44,145,-3.337765e+003
44,146,-3.337765e+003
44,147,-3.337765e+003
44,148,-3.337765e+003
44,149,-3.337765e+003
44,150,-3.337765e+003
44,151,-3.337765e+003
44,152,-3.337765e+003
44,153,-3.337765e+003
44,154,-3.337765e+003
44,155,-3.337765e+003
44,156,-3.337765e+003
44,157,-3.337765e+003
44,158,-3.337765e+003
44,159,-3.337765e+003
44,160,-3.337765e+003
44,161,-3.337765e+003
44,162,-3.337765e+003
44,163,-3.337765e+003
44,164,-3.337765e+003
44,165,-3.337765e+003
44,166,-3.337765e+003
44,167,-3.337765e+003
44,168,-3.337765e+003
44,169,-3.337765e+003
44,170,-3.337765e+003
44,171,-3.337765e+003
44,172,-3.337765e+003
44,173,-3.337765e+003
44,174,-3.337765e+003
44,175,-3.337765e+003
44,176,-3.337765e+003
44,177,-3.337765e+003
44,178,-3.337765e+003
44,179,-3.337765e+003
44,180,-3.337765e+003
44,181,-3.337765e+003
44,182,-3.337765e+003
44,183,-3.337765e+003
44,184,-3.337765e+003
44,185,-3.337765e+003
44,186,-3.337765e+003
44,187,-3.337765e+003
44,188,-3.337765e+003
44,189,-3.337765e+003
44,190,-3.337765e+003
44,191,-3.337765e+003
44,192,-3.337765e+003
44,193,-3.337765e+003
44,194,-3.337765e+003
44,195,-3.337765e+003
44,196,-3.337765e+003
44,197,-3.337765e+003
44,198,-3.337765e+003
44,199,-3.337765e+003
44,200,-3.337765e+003
44,201,-3.337765e+003
44,202,-3.337765e+003
44,203,-3.337765e+003
44,204,-3.337765e+003
44,205,-3.337765e+003
44,206,-3.337765e+003
44,207,-3.337765e+003
44,208,-3.337765e+003
44,209,-3.337765e+003
44,210,-3.337765e+003
44,211,-3.337765e+003
44,212,-3.337765e+003
44,213,-3.337765e+003
44,214,-3.337765e+003
44,215,-3.337765e+003
44,216,-3.337765e+003
44,217,-3.337765e+003
44,218,-3.337765e+003
44,219,-3.337765e+003
44,220,-3.337765e+003
44,221,-3.337765e+003
44,222,-3.337765e+003
44,223,-3.337765e+003
44,224,-3.337765e+003
44,225,-3.337765e+003
44,226,-3.337765e+003
44,227,-3.337765e+003
44,228,-3.337765e+003
44,229,-3.337765e+003
44,230,-3.337765e+003
44,231,-3.337765e+003
44,232,-3.337765e+003
45,0,-3.336514e+003
45,1,-3.336514e+003
45,2,-3.336514e+003
45,3,-3.336514e+003
45,4,-3.336514e+003
45,5,-3.336514e+003
45,6,-3.336514e+003
45,7,-3.336514e+003
45,8,-3.336514e+003
45,9,-3.336514e+003
45,10,-3.336514e+003
45,11,-3.336514e+003
45,12,-3.336514e+003
45,13,-3.336514e+003
45,14,-3.336514e+003
45,15,-3.336514e+003
45,16,-3.336514e+003
45,17,-3.336514e+003
45,18,-3.336514e+003
45,19,-3.336514e+003
45,20,-3.336514e+003
45,21,-3.336514e+003
46,0,-3.334772e+003
46,1,-3.334772e+003
46,2,-3.334772e+003
46,3,-3.334772e+003
46,4,-3.334772e+003
46,5,-3.334772e+003
46,6,-3.334772e+003
46,7,-3.334772e+003
46,8,-3.334772e+003
46,9,-3.334772e+003
46,10,-3.334772e+003
46,11,-3.334772e+003
46,12,-3.334772e+003
46,13,-3.334772e+003
46,14,-3.334772e+003
46,15,-3.334772e+003
46,16,-3.334772e+003
46,17,-3.334772e+003
46,18,-3.334772e+003
46,19,-3.334772e+003
46,20,-3.334772e+003
46,21,-3.334772e+003
47,0,-3.332752e+003
47,1,-3.332752e+003
47,2,-3.332752e+003
47,3,-3.332752e+003
47,4,-3.332752e+003
47,5,-3.332752e+003
47,6,-3.332752e+003
47,7,-3.332752e+003
47,8,-3.332752e+003
47,9,-3.332752e+003
47,10,-3.332752e+003
47,11,-3.332752e+003
47,12,-3.332752e+003
47,13,-3.332752e+003
47,14,-3.332752e+003
47,15,-3.332752e+003
47,16,-3.332752e+003
47,17,-3.332752e+003
47,18,-3.332752e+003
47,19,-3.332752e+003
47,20,-3.332752e+003
47,21,-3.332752e+003
48,0,-3.330555e+003
48,1,-3.330555e+003
48,2,-3.330555e+003
48,3,-3.330555e+003
48,4,-3.330555e+003
48,5,-3.330555e+003
48,6,-3.330555e+003
48,7,-3.330555e+003
48,8,-3.330555e+003
48,9,-3.330555e+003
48,10,-3.330555e+003
48,11,-3.330555e+003
48,12,-3.330555e+003
48,13,-3.330603e+003
48,14,-3.330655e+003
48,15,-3.330702e+003
48,16,-3.330874e+003
48,17,-3.330945e+003
48,18,-3.330969e+003
48,19,-3.330975e+003
48,20,-3.330983e+003
48,21,-3.330985e+003
48,22,-3.330987e+003
48,23,-3.330988e+003
48,24,-3.330989e+003
48,25,-3.330989e+003
48,26,-3.330990e+003
48,27,-3.330990e+003
48,28,-3.330990e+003
48,29,-3.330990e+003
48,30,-3.330990e+003
48,31,-3.330990e+003
48,32,-3.330990e+003
48,33,-3.330990e+003
48,34,-3.330990e+003
48,35,-3.330990e+003
48,36,-3.330990e+003
48,37,-3.330990e+003
48,38,-3.330990e+003
48,39,-3.330990e+003
48,40,-3.330990e+003
48,41,-3.330990e+003
48,42,-3.330990e+003
48,43,-3.330990e+003
48,44,-3.330990e+003
48,45,-3.330990e+003
48,46,-3.330990e+003
48,47,-3.330990e+003
48,48,-3.330990e+003
48,49,-3.330990e+003
48,50,-3.330990e+003
48,51,-3.330990e+003
48,52,-3.330990e+003
48,53,-3.330990e+003
48,54,-3.330990e+003
48,55,-3.330990e+003
48,56,-3.330990e+003
48,57,-3.330990e+003
48,58,-3.330990e+003
48,59,-3.330990e+003
48,60,-3.330990e+003
48,61,-3.330990e+003
48,62,-3.330990e+003
48,63,-3.330990e+003
48,64,-3.330990e+003
48,65,-3.330990e+003
48,66,-3.330990e+003
48,67,-3.330990e+003
48,68,-3.330990e+003
48,69,-3.330990e+003
48,70,-3.330990e+003
48,71,-3.330990e+003
48,72,-3.330990e+003
48,73,-3.330990e+003
48,74,-3.330990e+003
48,75,-3.330990e+003
48,76,-3.330990e+003
48,77,-3.330990e+003
48,78,-3.330990e+003
48,79,-3.330990e+003
48,80,-3.330990e+003
48,81,-3.330990e+003
48,82,-3.330990e+003
48,83,-3.330990e+003
48,84,-3.330990e+003
48,85,-3.330990e+003
48,86,-3.330990e+003
48,87,-3.330990e+003
48,88,-3.330990e+003
48,89,-3.330990e+003
48,90,-3.330990e+003
48,91,-3.330990e+003
48,92,-3.330990e+003
48,93,-3.330990e+003
48,94,-3.330990e+003
48,95,-3.330990e+003
48,96,-3.330990e+003
48,97,-3.330990e+003
48,98,-3.330990e+003
48,99,-3.330990e+003
48,100,-3.330990e+003
48,101,-3.330990e+003
48,102,-3.330990e+003
48,103,-3.330990e+003
48,104,-3.330990e+003
48,105,-3.330990e+003
48,106,-3.330990e+003
48,107,-3.330990e+003
48,108,-3.330990e+003
48,109,-3.330990e+003
48,110,-3.330990e+003
48,111,-3.330990e+003
48,112,-3.330990e+003
48,113,-3.330990e+003
48,114,-3.330990e+003
48,115,-3.330990e+003
48,116,-3.330990e+003
48,117,-3.330990e+003
48,118,-3.330990e+003
48,119,-3.330990e+003
48,120,-3.330990e+003
48,121,-3.330990e+003
48,122,-3.330990e+003
48,123,-3.330990e+003
48,124,-3.330990e+003
48,125,-3.330990e+003
48,126,-3.330990e+003
48,127,-3.330990e+003
48,128,-3.330990e+003
48,129,-3.330990e+003
48,130,-3.330990e+003
48,131,-3.330990e+003
48,132,-3.330990e+003
48,133,-3.330990e+003
48,134,-3.330990e+003
48,135,-3.330990e+003
48,136,-3.330990e+003
48,137,-3.330990e+003
48,138,-3.330990e+003
48,139,-3.330990e+003
48,140,-3.330990e+003
48,141,-3.330990e+003
48,142,-3.330990e+003
48,143,-3.330990e+003
48,144,-3.330990e+003
48,145,-3.330990e+003
48,146,-3.330990e+003
48,147,-3.330990e+003
48,148,-3.330990e+003
48,149,-3.330990e+003
48,150,-3.330990e+003
48,151,-3.330990e+003
48,152,-3.330990e+003
48,153,-3.330990e+003
48,154,-3.330990e+003
48,155,-3.330990e+003
48,156,-3.330990e+003
48,157,-3.330990e+003
48,158,-3.330990e+003
48,159,-3.330990e+003
48,160,-3.330990e+003
48,161,-3.330990e+003
48,162,-3.330990e+003
48,163,-3.330990e+003
48,164,-3.330990e+003
48,165,-3.330990e+003
48,166,-3.330990e+003
48,167,-3.330990e+003
48,168,-3.330990e+003
48,169,-3.330990e+003
48,170,-3.330990e+003
48,171,-3.330990e+003
48,172,-3.330990e+003
48,173,-3.330990e+003
48,174,-3.330990e+003
48,175,-3.330990e+003
48,176,-3.330990e+003
48,177,-3.330990e+003
48,178,-3.330990e+003
48,179,-3.330990e+003
48,180,-3.330990e+003
48,181,-3.330990e+003
48,182,-3.330990e+003
48,183,-3.330990e+003
48,184,-3.330990e+003
48,185,-3.330990e+003
48,186,-3.330990e+003
48,187,-3.330990e+003
48,188,-3.330990e+003
48,189,-3.330990e+003
48,190,-3.330990e+003
48,191,-3.330990e+003
48,192,-3.330990e+003
48,193,-3.330990e+003
48,194,-3.330990e+003
48,195,-3.330990e+003
48,196,-3.330990e+003
48,197,-3.330990e+003
48,198,-3.330990e+003
48,199,-3.330990e+003
48,200,-3.330990e+003
48,201,-3.330990e+003
48,202,-3.330990e+003
48,203,-3.330990e+003
48,204,-3.330990e+003
48,205,-3.330990e+003
48,206,-3.330990e+003
48,207,-3.330990e+003
48,208,-3.330990e+003
48,209,-3.330990e+003
48,210,-3.330990e+003
48,211,-3.330990e+003
48,212,-3.330990e+003
48,213,-3.330990e+003
48,214,-3.330990e+003
48,215,-3.330990e+003
48,216,-3.330990e+003
48,217,-3.330990e+003
48,218,-3.330990e+003
48,219,-3.330990e+003
48,220,-3.330990e+003
48,221,-3.330990e+003
48,222,-3.330990e+003
48,223,-3.330990e+003
48,224,-3.330990e+003
48,225,-3.330990e+003
48,226,-3.330990e+003
48,227,-3.330990e+003
48,228,-3.330990e+003
49,0,-3.328982e+003
49,1,-3.328982e+003
49,2,-3.328982e+003
49,3,-3.328982e+003
49,4,-3.328982e+003
49,5,-3.328982e+003
49,6,-3.328982e+003
49,7,-3.328982e+003
49,8,-3.328982e+003
49,9,-3.328982e+003
49,10,-3.328982e+003
49,11,-3.328982e+003
49,12,-3.328982e+003
49,13,-3.328982e+003
49,14,-3.328982e+003
49,15,-3.328982e+003
49,16,-3.328982e+003
49,17,-3.328982e+003
49,18,-3.328982e+003
49,19,-3.328982e+003
49,20,-3.328982e+003
49,21,-3.328982e+003
50,0,-3.327328e+003
50,1,-3.327328e+003
50,2,-3.327328e+003
50,3,-3.327328e+003
50,4,-3.327328e+003
50,5,-3.327328e+003
50,6,-3.327328e+003
50,7,-3.327328e+003
50,8,-3.327328e+003
50,9,-3.327328e+003
50,10,-3.327328e+003
50,11,-3.327328e+003
50,12,-3.327328e+003
50,13,-3.327328e+003
50,14,-3.327328e+003
50,15,-3.327328e+003
50,16,-3.327328e+003
50,17,-3.327328e+003
50,18,-3.327328e+003
50,19,-3.327328e+003
50,20,-3.327328e+003
50,21,-3.327328e+003
51,0,-3.325724e+003
51,1,-3.325724e+003
51,2,-3.325724e+003
51,3,-3.325724e+003
51,4,-3.325724e+003
51,5,-3.325724e+003
51,6,-3.325724e+003
51,7,-3.325724e+003
51,8,-3.325724e+003
51,9,-3.325724e+003
51,10,-3.325724e+003
51,11,-3.325724e+003
51,12,-3.325724e+003
51,13,-3.325724e+003
51,14,-3.325724e+003
51,15,-3.325724e+003
51,16,-3.325724e+003
51,17,-3.325724e+003
51,18,-3.325724e+003
51,19,-3.325724e+003
51,20,-3.325724e+003
51,21,-3.325724e+003
52,0,-3.324854e+003
52,1,-3.324854e+003
52,2,-3.324854e+003
52,3,-3.324854e+003
52,4,-3.324854e+003
52,5,-3.324854e+003
52,6,-3.324854e+003
52,7,-3.324854e+003
52,8,-3.324854e+003
52,9,-3.324854e+003
52,10,-3.324854e+003
52,11,-3.324854e+003
52,12,-3.324854e+003
52,13,-3.324854e+003
52,14,-3.324854e+003
52,15,-3.324854e+003
52,16,-3.324854e+003
52,17,-3.324854e+003
52,18,-3.324908e+003
52,19,-3.324954e+003
52,20,-3.325002e+003
52,21,-3.325045e+003
52,22,-3.325070e+003
52,23,-3.325086e+003
52,24,-3.325105e+003
52,25,-3.325113e+003
52,26,-3.325116e+003
52,27,-3.325120e+003
52,28,-3.325122e+003
52,29,-3.325123e+003
52,30,-3.325124e+003
52,31,-3.325048e+003
52,32,-3.325048e+003
52,33,-3.325048e+003
52,34,-3.325048e+003
52,35,-3.325049e+003
52,36,-3.325049e+003
52,37,-3.325049e+003
52,38,-3.325049e+003
52,39,-3.325049e+003
52,40,-3.325049e+003
52,41,-3.325049e+003
52,42,-3.325049e+003
52,43,-3.325049e+003
52,44,-3.325049e+003
52,45,-3.325049e+003
52,46,-3.325049e+003
52,47,-3.325049e+003
52,48,-3.325049e+003
52,49,-3.325049e+003
52,50,-3.325049e+003
52,51,-3.325049e+003
52,52,-3.325049e+003
52,53,-3.325049e+003
52,54,-3.325049e+003
52,55,-3.325049e+003
52,56,-3.325049e+003
52,57,-3.325049e+003
52,58,-3.325049e+003
52,59,-3.325049e+003
52,60,-3.325049e+003
52,61,-3.325049e+003
52,62,-3.325049e+003
52,63,-3.325049e+003
52,64,-3.325049e+003
52,65,-3.325049e+003
52,66,-3.325049e+003
52,67,-3.325049e+003
52,68,-3.325049e+003
52,69,-3.325049e+003
52,70,-3.325049e+003
52,71,-3.325056e+003
52,72,-3.325056e+003
52,73,-3.325132e+003
52,74,-3.325132e+003
52,75,-3.325132e+003
52,76,-3.325132e+003
52,77,-3.325132e+003
52,78,-3.325132e+003
52,79,-3.325132e+003
52,80,-3.325132e+003
52,81,-3.325132e+003
52,82,-3.325132e+003
52,83,-3.325132e+003
52,84,-3.325132e+003
52,85,-3.325132e+003
52,86,-3.325132e+003
52,87,-3.325132e+003
52,88,-3.325056e+003
52,89,-3.325056e+003
52,90,-3.325056e+003
52,91,-3.325056e+003
52,92,-3.325056e+003
52,93,-3.325056e+003
52,94,-3.325056e+003
52,95,-3.325056e+003
52,96,-3.325056e+003
52,97,-3.325056e+003
52,98,-3.325056e+003
52,99,-3.325056e+003
52,100,-3.325056e+003
52,101,-3.325056e+003
52,102,-3.325056e+003
52,103,-3.325056e+003
52,104,-3.325056e+003
52,105,-3.325056e+003
52,106,-3.325056e+003
52,107,-3.325056e+003
52,108,-3.325057e+003
52,109,-3.325057e+003
52,110,-3.325057e+003
52,111,-3.325057e+003
52,112,-3.325057e+003
52,113,-3.325057e+003
52,114,-3.325057e+003
52,115,-3.325057e+003
52,116,-3.325057e+003
52,117,-3.325057e+003
52,118,-3.325057e+003
52,119,-3.325057e+003
52,120,-3.325057e+003
52,121,-3.325057e+003
52,122,-3.325057e+003
52,123,-3.325057e+003
52,124,-3.325057e+003
52,125,-3.325057e+003
52,126,-3.325057e+003
52,127,-3.325057e+003
52,128,-3.325057e+003
52,129,-3.325057e+003
52,130,-3.325057e+003
52,131,-3.325057e+003
52,132,-3.325057e+003
52,133,-3.325057e+003
52,134,-3.325057e+003
52,135,-3.325057e+003
52,136,-3.325057e+003
52,137,-3.325057e+003
52,138,-3.325057e+003
52,139,-3.325057e+003
52,140,-3.325057e+003
52,141,-3.325057e+003
52,142,-3.325057e+003
52,143,-3.325057e+003
52,144,-3.325057e+003
52,145,-3.325057e+003
52,146,-3.325057e+003
52,147,-3.325057e+003
52,148,-3.325057e+003
52,149,-3.325057e+003
52,150,-3.325057e+003
52,151,-3.325057e+003
52,152,-3.325057e+003
52,153,-3.325057e+003
52,154,-3.325057e+003
52,155,-3.325057e+003
52,156,-3.325057e+003
52,157,-3.325057e+003
52,158,-3.325057e+003
52,159,-3.325057e+003
52,160,-3.325057e+003
52,161,-3.325057e+003
52,162,-3.325057e+003
52,163,-3.325057e+003
52,164,-3.325057e+003
52,165,-3.325057e+003
52,166,-3.325057e+003
52,167,-3.325057e+003
52,168,-3.325057e+003
52,169,-3.325057e+003
52,170,-3.325057e+003
52,171,-3.325057e+003
52,172,-3.325057e+003
52,173,-3.325057e+003
52,174,-3.325057e+003
52,175,-3.325057e+003
52,176,-3.325057e+003
52,177,-3.325057e+003
52,178,-3.325057e+003
52,179,-3.325057e+003
52,180,-3.325057e+003
52,181,-3.325057e+003
52,182,-3.325057e+003
52,183,-3.325057e+003
52,184,-3.325057e+003
52,185,-3.325057e+003
52,186,-3.325057e+003
52,187,-3.325057e+003
52,188,-3.325057e+003
52,189,-3.325057e+003
52,190,-3.325057e+003
52,191,-3.325057e+003
52,192,-3.325057e+003
52,193,-3.325057e+003
52,194,-3.325057e+003
52,195,-3.325057e+003
52,196,-3.325057e+003
52,197,-3.325057e+003
52,198,-3.325057e+003
52,199,-3.325057e+003
52,200,-3.325057e+003
52,201,-3.325057e+003
52,202,-3.325057e+003
52,203,-3.325057e+003
52,204,-3.325057e+003
52,205,-3.325057e+003
52,206,-3.325057e+003
52,207,-3.325057e+003
52,208,-3.325057e+003
52,209,-3.325057e+003
52,210,-3.325057e+003
52,211,-3.325057e+003
52,212,-3.325057e+003
52,213,-3.325057e+003
52,214,-3.325057e+003
52,215,-3.325057e+003
52,216,-3.325057e+003
52,217,-3.325057e+003
52,218,-3.325057e+003
53,0,-3.324895e+003
53,1,-3.324895e+003
53,2,-3.324895e+003
53,3,-3.324895e+003
53,4,-3.324895e+003
53,5,-3.324895e+003
53,6,-3.324895e+003
53,7,-3.324895e+003
53,8,-3.324895e+003
53,9,-3.324895e+003
53,10,-3.324895e+003
53,11,-3.324895e+003
53,12,-3.324895e+003
53,13,-3.324895e+003
53,14,-3.324895e+003
53,15,-3.324895e+003
53,16,-3.324895e+003
53,17,-3.324895e+003
53,18,-3.324895e+003
53,19,-3.324895e+003
53,20,-3.324895e+003
53,21,-3.324895e+003
54,0,-3.325381e+003
54,1,-3.325381e+003
54,2,-3.325381e+003
54,3,-3.325381e+003
54,4,-3.325381e+003
54,5,-3.325381e+003
54,6,-3.325381e+003
54,7,-3.325381e+003
54,8,-3.325381e+003
54,9,-3.325381e+003
54,10,-3.325381e+003
54,11,-3.325381e+003
54,12,-3.325381e+003
54,13,-3.325381e+003
54,14,-3.325381e+003
54,15,-3.325381e+003
54,16,-3.325381e+003
54,17,-3.325381e+003
54,18,-3.325381e+003
54,19,-3.325381e+003
54,20,-3.325381e+003
54,21,-3.325381e+003
55,0,-3.326450e+003
55,1,-3.326450e+003
55,2,-3.326450e+003
55,3,-3.326450e+003
55,4,-3.326450e+003
55,5,-3.326450e+003
55,6,-3.326450e+003
55,7,-3.326450e+003
55,8,-3.326450e+003
55,9,-3.326450e+003
55,10,-3.326450e+003
55,11,-3.326450e+003
55,12,-3.326450e+003
55,13,-3.326450e+003
55,14,-3.326450e+003
55,15,-3.326450e+003
55,16,-3.326450e+003
55,17,-3.326450e+003
55,18,-3.326450e+003
55,19,-3.326450e+003
55,20,-3.326450e+003
55,21,-3.326450e+003
56,0,-3.327794e+003
56,1,-3.327794e+003
56,2,-3.327794e+003
56,3,-3.327794e+003
56,4,-3.327794e+003
56,5,-3.327794e+003
56,6,-3.327794e+003
56,7,-3.327794e+003
56,8,-3.327794e+003
56,9,-3.327794e+003
56,10,-3.327794e+003
56,11,-3.327794e+003
56,12,-3.327794e+003
56,13,-3.327794e+003
56,14,-3.327794e+003
56,15,-3.327794e+003
56,16,-3.327794e+003
56,17,-3.327794e+003
56,18,-3.327794e+003
56,19,-3.327794e+003
56,20,-3.327794e+003
56,21,-3.327794e+003
57,0,-3.329594e+003
57,1,-3.329594e+003
57,2,-3.329594e+003
57,3,-3.329594e+003
57,4,-3.329594e+003
57,5,-3.329594e+003
57,6,-3.329594e+003
57,7,-3.329594e+003
57,8,-3.329594e+003
57,9,-3.329594e+003
57,10,-3.329594e+003
57,11,-3.329622e+003
57,12,-3.329660e+003
57,13,-3.329760e+003
57,14,-3.329732e+003
57,15,-3.329845e+003
57,16,-3.329864e+003
57,17,-3.329873e+003
57,18,-3.329886e+003
57,19,-3.329888e+003
57,20,-3.329890e+003
57,21,-3.329892e+003
57,22,-3.329893e+003
57,23,-3.329893e+003
57,24,-3.329893e+003
57,25,-3.329893e+003
57,26,-3.329894e+003
57,27,-3.329894e+003
57,28,-3.329894e+003
57,29,-3.329894e+003
57,30,-3.329894e+003
57,31,-3.329894e+003
57,32,-3.329894e+003
57,33,-3.329894e+003
57,34,-3.329894e+003
57,35,-3.329894e+003
57,36,-3.329894e+003
57,37,-3.329894e+003
57,38,-3.329894e+003
57,39,-3.329894e+003
57,40,-3.329894e+003
57,41,-3.329894e+003
57,42,-3.329894e+003
57,43,-3.329894e+003
57,44,-3.329894e+003
57,45,-3.329894e+003
57,46,-3.329894e+003
57,47,-3.329894e+003
57,48,-3.329894e+003
57,49,-3.329894e+003
57,50,-3.329894e+003
57,51,-3.329894e+003
57,52,-3.329894e+003
57,53,-3.329894e+003
57,54,-3.329894e+003
57,55,-3.329894e+003
57,56,-3.329894e+003
57,57,-3.329894e+003
57,58,-3.329894e+003
57,59,-3.329894e+003
57,60,-3.329894e+003
57,61,-3.329894e+003
57,62,-3.329894e+003
57,63,-3.329894e+003
57,64,-3.329894e+003
57,65,-3.329894e+003
57,66,-3.329894e+003
57,67,-3.329894e+003
57,68,-3.329894e+003
57,69,-3.329894e+003
57,70,-3.329894e+003
57,71,-3.329894e+003
57,72,-3.329894e+003
57,73,-3.329894e+003
57,74,-3.329894e+003
57,75,-3.329894e+003
57,76,-3.329894e+003
57,77,-3.329894e+003
57,78,-3.329894e+003
57,79,-3.329894e+003
57,80,-3.329894e+003
57,81,-3.329894e+003
57,82,-3.329894e+003
57,83,-3.329894e+003
57,84,-3.329894e+003
57,85,-3.329894e+003
57,86,-3.329894e+003
57,87,-3.329894e+003
57,88,-3.329894e+003
57,89,-3.329894e+003
57,90,-3.329894e+003
57,91,-3.329894e+003
57,92,-3.329894e+003
57,93,-3.329894e+003
57,94,-3.329894e+003
57,95,-3.329894e+003
57,96,-3.329894e+003
57,97,-3.329894e+003
57,98,-3.329894e+003
57,99,-3.329894e+003
57,100,-3.329894e+003
57,101,-3.329894e+003
57,102,-3.329894e+003
57,103,-3.329894e+003
57,104,-3.329894e+003
57,105,-3.329894e+003
57,106,-3.329894e+003
57,107,-3.329894e+003
57,108,-3.329894e+003
57,109,-3.329894e+003
57,110,-3.329894e+003
57,111,-3.329894e+003
57,112,-3.329894e+003
57,113,-3.329894e+003
57,114,-3.329894e+003
57,115,-3.329894e+003
57,116,-3.329894e+003
57,117,-3.329894e+003
57,118,-3.329894e+003
57,119,-3.329894e+003
57,120,-3.329894e+003
57,121,-3.329894e+003
57,122,-3.329894e+003
57,123,-3.329894e+003
57,124,-3.329894e+003
57,125,-3.329894e+003
57,126,-3.329894e+003
57,127,-3.329894e+003
57,128,-3.329894e+003
57,129,-3.329894e+003
57,130,-3.329894e+003
57,131,-3.329894e+003
57,132,-3.329894e+003
57,133,-3.329894e+003
57,134,-3.329894e+003
57,135,-3.329894e+003
57,136,-3.329894e+003
57,137,-3.329894e+003
57,138,-3.329894e+003
57,139,-3.329894e+003
57,140,-3.329894e+003
57,141,-3.329894e+003
57,142,-3.329894e+003
57,143,-3.329894e+003
57,144,-3.329894e+003
57,145,-3.329894e+003
57,146,-3.329894e+003
57,147,-3.329894e+003
57,148,-3.329894e+003
57,149,-3.329894e+003
57,150,-3.329894e+003
57,151,-3.329894e+003
57,152,-3.329894e+003
57,153,-3.329894e+003
57,154,-3.329894e+003
57,155,-3.329894e+003
57,156,-3.329894e+003
57,157,-3.329894e+003
57,158,-3.329894e+003
57,159,-3.329894e+003
57,160,-3.329894e+003
57,161,-3.329894e+003
57,162,-3.329894e+003
57,163,-3.329894e+003
57,164,-3.329894e+003
57,165,-3.329894e+003
57,166,-3.329894e+003
57,167,-3.329894e+003
57,168,-3.329894e+003
57,169,-3.329894e+003
57,170,-3.329894e+003
57,171,-3.329894e+003
57,172,-3.329894e+003
57,173,-3.329894e+003
57,174,-3.329894e+003
57,175,-3.329894e+003
57,176,-3.329894e+003
57,177,-3.329894e+003
57,178,-3.329894e+003
57,179,-3.329894e+003
57,180,-3.329894e+003
57,181,-3.329894e+003
57,182,-3.329894e+003
57,183,-3.329894e+003
57,184,-3.329894e+003
57,185,-3.329894e+003
57,186,-3.329894e+003
57,187,-3.329894e+003
57,188,-3.329894e+003
57,189,-3.329894e+003
57,190,-3.329894e+003
57,191,-3.329894e+003
57,192,-3.329894e+003
57,193,-3.329894e+003
57,194,-3.329894e+003
57,195,-3.329894e+003
57,196,-3.329894e+003
57,197,-3.329894e+003
57,198,-3.329894e+003
57,199,-3.329894e+003
57,200,-3.329894e+003
57,201,-3.329894e+003
57,202,-3.329894e+003
57,203,-3.329894e+003
57,204,-3.329894e+003
57,205,-3.329894e+003
57,206,-3.329894e+003
57,207,-3.329894e+003
57,208,-3.329894e+003
57,209,-3.329894e+003
57,210,-3.329894e+003
57,211,-3.329894e+003
57,212,-3.329894e+003
57,213,-3.329894e+003
57,214,-3.329894e+003
57,215,-3.329894e+003
57,216,-3.329894e+003
57,217,-3.329894e+003
57,218,-3.329894e+003
57,219,-3.329894e+003
57,220,-3.329894e+003
57,221,-3.329894e+003
57,222,-3.329894e+003
57,223,-3.329894e+003
57,224,-3.329894e+003
58,0,-3.331908e+003
58,1,-3.331908e+003
58,2,-3.331908e+003
58,3,-3.331908e+003
58,4,-3.331908e+003
58,5,-3.331908e+003
58,6,-3.331908e+003
58,7,-3.331908e+003
58,8,-3.331908e+003
58,9,-3.331908e+003
58,10,-3.331908e+003
58,11,-3.331908e+003
58,12,-3.331908e+003
58,13,-3.331908e+003
58,14,-3.331908e+003
58,15,-3.331908e+003
58,16,-3.331908e+003
58,17,-3.331908e+003
58,18,-3.331908e+003
58,19,-3.331908e+003
58,20,-3.331908e+003
58,21,-3.331908e+003
59,0,-3.333830e+003
59,1,-3.333830e+003
59,2,-3.333830e+003
59,3,-3.333830e+003
59,4,-3.333830e+003
59,5,-3.333830e+003
59,6,-3.333830e+003
59,7,-3.333830e+003
59,8,-3.333830e+003
59,9,-3.333830e+003
59,10,-3.333830e+003
59,11,-3.333830e+003
59,12,-3.333830e+003
59,13,-3.333830e+003
59,14,-3.333830e+003
59,15,-3.333830e+003
59,16,-3.333830e+003
59,17,-3.333830e+003
59,18,-3.333830e+003
59,19,-3.333830e+003
59,20,-3.333830e+003
59,21,-3.333830e+003
60,0,-3.335558e+003
60,1,-3.335558e+003
60,2,-3.335558e+003
60,3,-3.335558e+003
60,4,-3.335558e+003
60,5,-3.335558e+003
60,6,-3.335558e+003
60,7,-3.335558e+003
60,8,-3.335558e+003
60,9,-3.335558e+003
60,10,-3.335558e+003
60,11,-3.335558e+003
60,12,-3.335558e+003
60,13,-3.335558e+003
60,14,-3.335558e+003
60,15,-3.335558e+003
60,16,-3.335558e+003
60,17,-3.335558e+003
60,18,-3.335558e+003
60,19,-3.335558e+003
60,20,-3.335558e+003
60,21,-3.335558e+003
61,0,-3.337163e+003
61,1,-3.337163e+003
61,2,-3.337163e+003
61,3,-3.337163e+003
61,4,-3.337163e+003
61,5,-3.337163e+003
61,6,-3.337163e+003
61,7,-3.337163e+003
61,8,-3.337163e+003
61,9,-3.337163e+003
61,10,-3.337163e+003
61,11,-3.337163e+003
61,12,-3.337163e+003
61,13,-3.337163e+003
61,14,-3.337163e+003
61,15,-3.337163e+003
61,16,-3.337163e+003
61,17,-3.337163e+003
61,18,-3.337163e+003
61,19,-3.337163e+003
61,20,-3.337211e+003
61,21,-3.337263e+003
61,22,-3.337291e+003
61,23,-3.337369e+003
61,24,-3.337426e+003
61,25,-3.337371e+003
61,26,-3.337387e+003
61,27,-3.337408e+003
61,28,-3.337416e+003
61,29,-3.337420e+003
61,30,-3.337423e+003
61,31,-3.337425e+003
61,32,-3.337426e+003
61,33,-3.337426e+003
61,34,-3.337427e+003
61,35,-3.337427e+003
61,36,-3.337427e+003
61,37,-3.337427e+003
61,38,-3.337427e+003
61,39,-3.337427e+003
61,40,-3.337428e+003
61,41,-3.337428e+003
61,42,-3.337428e+003
61,43,-3.337428e+003
61,44,-3.337428e+003
61,45,-3.337428e+003
61,46,-3.337428e+003
61,47,-3.337428e+003
61,48,-3.337428e+003
61,49,-3.337428e+003
61,50,-3.337428e+003
61,51,-3.337428e+003
61,52,-3.337428e+003
61,53,-3.337428e+003
61,54,-3.337428e+003
61,55,-3.337428e+003
61,56,-3.337428e+003
61,57,-3.337428e+003
61,58,-3.337428e+003
61,59,-3.337428e+003
61,60,-3.337428e+003
61,61,-3.337428e+003
61,62,-3.337428e+003
61,63,-3.337428e+003
61,64,-3.337428e+003
61,65,-3.337428e+003
61,66,-3.337428e+003
61,67,-3.337428e+003
61,68,-3.337428e+003
61,69,-3.337428e+003
61,70,-3.337428e+003
61,71,-3.337428e+003
61,72,-3.337428e+003
61,73,-3.337428e+003
61,74,-3.337428e+003
61,75,-3.337428e+003
61,76,-3.337428e+003
61,77,-3.337428e+003
61,78,-3.337428e+003
61,79,-3.337428e+003
61,80,-3.337428e+003
61,81,-3.337428e+003
61,82,-3.337428e+003
61,83,-3.337428e+003
61,84,-3.337428e+003
61,85,-3.337428e+003
61,86,-3.337428e+003
61,87,-3.337428e+003
61,88,-3.337428e+003
61,89,-3.337428e+003
61,90,-3.337428e+003
61,91,-3.337428e+003
61,92,-3.337428e+003
61,93,-3.337428e+003
61,94,-3.337428e+003
61,95,-3.337428e+003
61,96,-3.337428e+003
61,97,-3.337428e+003
61,98,-3.337428e+003
61,99,-3.337428e+003
61,100,-3.337428e+003
61,101,-3.337428e+003
61,102,-3.337428e+003
61,103,-3.337428e+003
61,104,-3.337428e+003
61,105,-3.337428e+003
61,106,-3.337428e+003
61,107,-3.337428e+003
61,108,-3.337428e+003
61,109,-3.337428e+003
61,110,-3.337428e+003
61,111,-3.337428e+003
61,112,-3.337428e+003
61,113,-3.337428e+003
61,114,-3.337428e+003
61,115,-3.337428e+003
61,116,-3.337428e+003
61,117,-3.337428e+003
61,118,-3.337428e+003
61,119,-3.337428e+003
61,120,-3.337428e+003
61,121,-3.337428e+003
61,122,-3.337428e+003
61,123,-3.337428e+003
61,124,-3.337428e+003
61,125,-3.337428e+003
61,126,-3.337428e+003
61,127,-3.337428e+003
61,128,-3.337428e+003
61,129,-3.337428e+003
61,130,-3.337428e+003
61,131,-3.337428e+003
61,132,-3.337428e+003
61,133,-3.337428e+003
61,134,-3.337428e+003
61,135,-3.337428e+003
61,136,-3.337428e+003
61,137,-3.337428e+003
61,138,-3.337428e+003
61,139,-3.337428e+003
61,140,-3.337428e+003
61,141,-3.337428e+003
61,142,-3.337428e+003
61,143,-3.337428e+003
61,144,-3.337428e+003
61,145,-3.337428e+003
61,146,-3.337428e+003
61,147,-3.337428e+003
61,148,-3.337428e+003
61,149,-3.337428e+003
61,150,-3.337428e+003
61,151,-3.337428e+003
61,152,-3.337428e+003
61,153,-3.337428e+003
61,154,-3.337428e+003
61,155,-3.337428e+003
61,156,-3.337428e+003
61,157,-3.337428e+003
61,158,-3.337428e+003
61,159,-3.337428e+003
61,160,-3.337428e+003
61,161,-3.337428e+003
61,162,-3.337428e+003
61,163,-3.337428e+003
61,164,-3.337428e+003
61,165,-3.337428e+003
61,166,-3.337428e+003
61,167,-3.337428e+003
61,168,-3.337428e+003
61,169,-3.337428e+003
61,170,-3.337428e+003
61,171,-3.337428e+003
61,172,-3.337428e+003
61,173,-3.337428e+003
61,174,-3.337428e+003
61,175,-3.337428e+003
61,176,-3.337428e+003
61,177,-3.337428e+003
61,178,-3.337428e+003
61,179,-3.337428e+003
61,180,-3.337428e+003
61,181,-3.337428e+003
61,182,-3.337428e+003
61,183,-3.337428e+003
61,184,-3.337428e+003
61,185,-3.337428e+003
61,186,-3.337428e+003
61,187,-3.337428e+003
61,188,-3.337428e+003
61,189,-3.337428e+003
61,190,-3.337428e+003
61,191,-3.337428e+003
61,192,-3.337428e+003
61,193,-3.337428e+003
61,194,-3.337428e+003
61,195,-3.337428e+003
61,196,-3.337428e+003
61,197,-3.337428e+003
61,198,-3.337428e+003
61,199,-3.337428e+003
61,200,-3.337428e+003
61,201,-3.337428e+003
61,202,-3.337428e+003
61,203,-3.337428e+003
61,204,-3.337428e+003
61,205,-3.337428e+003
61,206,-3.337428e+003
61,207,-3.337428e+003
61,208,-3.337428e+003
61,209,-3.337428e+003
61,210,-3.337428e+003
61,211,-3.337428e+003
61,212,-3.337428e+003
61,213,-3.337428e+003
61,214,-3.337428e+003
61,215,-3.337428e+003
61,216,-3.337428e+003
61,217,-3.337428e+003
61,218,-3.337428e+003
61,219,-3.337428e+003
61,220,-3.337428e+003
61,221,-3.337428e+003
61,222,-3.337428e+003
61,223,-3.337428e+003
61,224,-3.337428e+003
61,225,-3.337428e+003
61,226,-3.337428e+003
61,227,-3.337428e+003
61,228,-3.337428e+003
61,229,-3.337428e+003
61,230,-3.337428e+003
61,231,-3.337428e+003
61,232,-3.337428e+003
61,233,-3.337428e+003
61,234,-3.337428e+003
61,235,-3.337428e+003
61,236,-3.337428e+003
61,237,-3.337428e+003
61,238,-3.337428e+003
61,239,-3.337428e+003
61,240,-3.337428e+003
61,241,-3.337428e+003
61,242,-3.337428e+003
61,243,-3.337428e+003
61,244,-3.337428e+003
61,245,-3.337428e+003
61,246,-3.337428e+003
61,247,-3.337428e+003
61,248,-3.337428e+003
61,249,-3.337428e+003
62,0,-3.338693e+003
62,1,-3.338693e+003
62,2,-3.338693e+003
62,3,-3.338693e+003
62,4,-3.338693e+003
62,5,-3.338693e+003
62,6,-3.338693e+003
62,7,-3.338693e+003
62,8,-3.338693e+003
62,9,-3.338693e+003
62,10,-3.338693e+003
62,11,-3.338693e+003
62,12,-3.338693e+003
62,13,-3.338693e+003
62,14,-3.338693e+003
62,15,-3.338693e+003
62,16,-3.338693e+003
62,17,-3.338693e+003
62,18,-3.338693e+003
62,19,-3.338693e+003
62,20,-3.338693e+003
62,21,-3.338693e+003
63,0,-3.339646e+003
63,1,-3.339646e+003
63,2,-3.339646e+003
63,3,-3.339646e+003
63,4,-3.339646e+003
63,5,-3.339646e+003
63,6,-3.339646e+003
63,7,-3.339646e+003
63,8,-3.339646e+003
63,9,-3.339646e+003
63,10,-3.339646e+003
63,11,-3.339646e+003
63,12,-3.339646e+003
63,13,-3.339646e+003
63,14,-3.339646e+003
63,15,-3.339646e+003
63,16,-3.339646e+003
63,17,-3.339646e+003
63,18,-3.339646e+003
63,19,-3.339646e+003
63,20,-3.339646e+003
63,21,-3.339646e+003
64,0,-3.340258e+003
64,1,-3.340258e+003
64,2,-3.340258e+003
64,3,-3.340258e+003
64,4,-3.340258e+003
64,5,-3.340258e+003
64,6,-3.340258e+003
64,7,-3.340258e+003
64,8,-3.340258e+003
64,9,-3.340258e+003
64,10,-3.340258e+003
64,11,-3.340258e+003
64,12,-3.340258e+003
64,13,-3.340258e+003
64,14,-3.340258e+003
64,15,-3.340258e+003
64,16,-3.340258e+003
64,17,-3.340258e+003
64,18,-3.340258e+003
64,19,-3.340258e+003
64,20,-3.340258e+003
64,21,-3.340258e+003
65,0,-3.340678e+003
65,1,-3.340678e+003
65,2,-3.340678e+003
65,3,-3.340678e+003
65,4,-3.340694e+003
65,5,-3.340707e+003
65,6,-3.340718e+003
65,7,-3.340733e+003
65,8,-3.340740e+003
65,9,-3.340745e+003
65,10,-3.340751e+003
65,11,-3.340755e+003
65,12,-3.340756e+003
65,13,-3.340758e+003
65,14,-3.340708e+003
65,15,-3.340708e+003
65,16,-3.340709e+003
65,17,-3.340709e+003
65,18,-3.340709e+003
65,19,-3.340709e+003
65,20,-3.340709e+003
65,21,-3.340709e+003
65,22,-3.340709e+003
65,23,-3.340709e+003
65,24,-3.340709e+003
65,25,-3.340709e+003
65,26,-3.340709e+003
65,27,-3.340709e+003
65,28,-3.340709e+003
65,29,-3.340709e+003
65,30,-3.340709e+003
65,31,-3.340709e+003
65,32,-3.340709e+003
65,33,-3.340709e+003
65,34,-3.340709e+003
65,35,-3.340709e+003
65,36,-3.340709e+003
65,37,-3.340709e+003
65,38,-3.340709e+003
65,39,-3.340709e+003
65,40,-3.340709e+003
65,41,-3.340709e+003
65,42,-3.340709e+003
65,43,-3.340709e+003
65,44,-3.340709e+003
65,45,-3.340709e+003
65,46,-3.340709e+003
65,47,-3.340709e+003
65,48,-3.340709e+003
65,49,-3.340709e+003
65,50,-3.340709e+003
65,51,-3.340709e+003
65,52,-3.340709e+003
65,53,-3.340709e+003
65,54,-3.340709e+003
65,55,-3.340709e+003
65,56,-3.340709e+003
65,57,-3.340709e+003
65,58,-3.340709e+003
65,59,-3.340709e+003
65,60,-3.340709e+003
65,61,-3.340709e+003
65,62,-3.340709e+003
65,63,-3.340709e+003
65,64,-3.340709e+003
65,65,-3.340709e+003
65,66,-3.340709e+003
65,67,-3.340709e+003
65,68,-3.340709e+003
65,69,-3.340709e+003
65,70,-3.340709e+003
65,71,-3.340709e+003
65,72,-3.340709e+003
65,73,-3.340709e+003
65,74,-3.340709e+003
65,75,-3.340709e+003
65,76,-3.340709e+003
65,77,-3.340709e+003
65,78,-3.340709e+003
65,79,-3.340709e+003
65,80,-3.340709e+003
65,81,-3.340709e+003
65,82,-3.340709e+003
65,83,-3.340709e+003
65,84,-3.340709e+003
65,85,-3.340709e+003
65,86,-3.340709e+003
65,87,-3.340709e+003
65,88,-3.340709e+003
65,89,-3.340709e+003
65,90,-3.340709e+003
65,91,-3.340709e+003
65,92,-3.340709e+003
65,93,-3.340709e+003
65,94,-3.340709e+003
65,95,-3.340709e+003
65,96,-3.340709e+003
65,97,-3.340709e+003
65,98,-3.340709e+003
65,99,-3.340709e+003
65,100,-3.340709e+003
65,101,-3.340709e+003
65,102,-3.340709e+003
65,103,-3.340709e+003
65,104,-3.340709e+003
65,105,-3.340709e+003
65,106,-3.340709e+003
65,107,-3.340709e+003
65,108,-3.340709e+003
65,109,-3.340709e+003
65,110,-3.340709e+003
65,111,-3.340709e+003
65,112,-3.340709e+003
65,113,-3.340709e+003
65,114,-3.340709e+003
65,115,-3.340709e+003
65,116,-3.340709e+003
65,117,-3.340709e+003
65,118,-3.340709e+003
65,119,-3.340709e+003
65,120,-3.340709e+003
65,121,-3.340709e+003
65,122,-3.340709e+003
65,123,-3.340709e+003
65,124,-3.340709e+003
65,125,-3.340709e+003
65,126,-3.340709e+003
65,127,-3.340709e+003
65,128,-3.340709e+003
65,129,-3.340709e+003
65,130,-3.340709e+003
65,131,-3.340709e+003
65,132,-3.340709e+003
65,133,-3.340709e+003
65,134,-3.340709e+003
65,135,-3.340709e+003
65,136,-3.340709e+003
65,137,-3.340709e+003
65,138,-3.340709e+003
65,139,-3.340709e+003
65,140,-3.340709e+003
65,141,-3.340709e+003
65,142,-3.340709e+003
65,143,-3.340709e+003
65,144,-3.340709e+003
65,145,-3.340709e+003
65,146,-3.340709e+003
65,147,-3.340709e+003
65,148,-3.340709e+003
65,149,-3.340709e+003
65,150,-3.340709e+003
65,151,-3.340709e+003
65,152,-3.340709e+003
65,153,-3.340709e+003
65,154,-3.340709e+003
65,155,-3.340709e+003
65,156,-3.340709e+003
65,157,-3.340709e+003
65,158,-3.340709e+003
65,159,-3.340709e+003
65,160,-3.340709e+003
65,161,-3.340709e+003
65,162,-3.340709e+003
65,163,-3.340709e+003
65,164,-3.340709e+003
65,165,-3.340709e+003
65,166,-3.340709e+003
65,167,-3.340709e+003
65,168,-3.340709e+003
65,169,-3.340709e+003
65,170,-3.340709e+003
65,171,-3.340709e+003
65,172,-3.340709e+003
65,173,-3.340709e+003
65,174,-3.340709e+003
65,175,-3.340709e+003
65,176,-3.340709e+003
65,177,-3.340709e+003
65,178,-3.340709e+003
65,179,-3.340709e+003
65,180,-3.340709e+003
65,181,-3.340709e+003
65,182,-3.340709e+003
65,183,-3.340709e+003
65,184,-3.340709e+003
65,185,-3.340709e+003
65,186,-3.340709e+003
65,187,-3.340709e+003
65,188,-3.340709e+003
65,189,-3.340709e+003
65,190,-3.340709e+003
65,191,-3.340709e+003
65,192,-3.340709e+003
65,193,-3.340709e+003
65,194,-3.340710e+003
65,195,-3.340710e+003
65,196,-3.340710e+003
65,197,-3.340710e+003
65,198,-3.340710e+003
65,199,-3.340710e+003
65,200,-3.340710e+003
65,201,-3.340710e+003
65,202,-3.340710e+003
65,203,-3.340710e+003
65,204,-3.340710e+003
65,205,-3.340710e+003
65,206,-3.340710e+003
65,207,-3.340710e+003
65,208,-3.340710e+003
65,209,-3.340710e+003
65,210,-3.340710e+003
65,211,-3.340710e+003
65,212,-3.340710e+003
65,213,-3.340710e+003
65,214,-3.340710e+003
65,215,-3.340710e+003
65,216,-3.340710e+003
65,217,-3.340710e+003
65,218,-3.340710e+003
65,219,-3.340710e+003
65,220,-3.340710e+003
65,221,-3.340710e+003
65,222,-3.340710e+003
65,223,-3.340710e+003
65,224,-3.340710e+003
66,0,-3.341080e+003
66,1,-3.341080e+003
66,2,-3.341080e+003
66,3,-3.341080e+003
66,4,-3.341080e+003
66,5,-3.341080e+003
66,6,-3.341080e+003
66,7,-3.341080e+003
66,8,-3.341080e+003
66,9,-3.341080e+003
66,10,-3.341080e+003
66,11,-3.341080e+003
66,12,-3.341080e+003
66,13,-3.341080e+003
66,14,-3.341080e+003
66,15,-3.341080e+003
66,16,-3.341080e+003
66,17,-3.341080e+003
66,18,-3.341080e+003
66,19,-3.341080e+003
66,20,-3.341080e+003
66,21,-3.341080e+003
67,0,-3.341232e+003
67,1,-3.341232e+003
67,2,-3.341232e+003
67,3,-3.341232e+003
67,4,-3.341232e+003
67,5,-3.341232e+003
67,6,-3.341232e+003
67,7,-3.341232e+003
67,8,-3.341232e+003
67,9,-3.341232e+003
67,10,-3.341232e+003
67,11,-3.341232e+003
67,12,-3.341232e+003
67,13,-3.341232e+003
67,14,-3.341232e+003
67,15,-3.341232e+003
67,16,-3.341232e+003
67,17,-3.341232e+003
67,18,-3.341232e+003
67,19,-3.341232e+003
67,20,-3.341232e+003
67,21,-3.341232e+003
68,0,-3.341338e+003
68,1,-3.341338e+003
68,2,-3.341338e+003
68,3,-3.341338e+003
68,4,-3.341338e+003
68,5,-3.341338e+003
68,6,-3.341338e+003
68,7,-3.341338e+003
68,8,-3.341338e+003
68,9,-3.341338e+003
68,10,-3.341338e+003
68,11,-3.341338e+003
68,12,-3.341338e+003
68,13,-3.341338e+003
68,14,-3.341338e+003
68,15,-3.341338e+003
68,16,-3.341338e+003
68,17,-3.341338e+003
68,18,-3.341338e+003
68,19,-3.341338e+003
68,20,-3.341338e+003
68,21,-3.341338e+003
69,0,-3.341377e+003
69,1,-3.341377e+003
69,2,-3.341377e+003
69,3,-3.341377e+003
69,4,-3.341377e+003
69,5,-3.341377e+003
69,6,-3.341377e+003
69,7,-3.341377e+003
69,8,-3.341377e+003
69,9,-3.341377e+003
69,10,-3.341377e+003
69,11,-3.341377e+003
69,12,-3.341377e+003
69,13,-3.341377e+003
69,14,-3.341379e+003
69,15,-3.341379e+003
69,16,-3.341380e+003
69,17,-3.341380e+003
69,18,-3.341380e+003
69,19,-3.341381e+003
69,20,-3.341381e+003
69,21,-3.341381e+003
69,22,-3.341381e+003
69,23,-3.341381e+003
69,24,-3.341381e+003
69,25,-3.341381e+003
69,26,-3.341381e+003
69,27,-3.341381e+003
69,28,-3.341381e+003
69,29,-3.341381e+003
69,30,-3.341381e+003
69,31,-3.341381e+003
69,32,-3.341381e+003
69,33,-3.341381e+003
69,34,-3.341381e+003
69,35,-3.341381e+003
69,36,-3.341381e+003
69,37,-3.341381e+003
69,38,-3.341381e+003
69,39,-3.341381e+003
69,40,-3.341381e+003
69,41,-3.341381e+003
69,42,-3.341381e+003
69,43,-3.341381e+003
69,44,-3.341381e+003
69,45,-3.341381e+003
69,46,-3.341381e+003
69,47,-3.341381e+003
69,48,-3.341381e+003
69,49,-3.341381e+003
69,50,-3.341381e+003
69,51,-3.341381e+003
69,52,-3.341381e+003
69,53,-3.341381e+003
69,54,-3.341381e+003
69,55,-3.341381e+003
69,56,-3.341381e+003
69,57,-3.341381e+003
69,58,-3.341381e+003
69,59,-3.341381e+003
69,60,-3.341381e+003
69,61,-3.341381e+003
69,62,-3.341381e+003
69,63,-3.341381e+003
69,64,-3.341381e+003
69,65,-3.341381e+003
69,66,-3.341381e+003
69,67,-3.341381e+003
69,68,-3.341381e+003
69,69,-3.341381e+003
69,70,-3.341381e+003
69,71,-3.341381e+003
69,72,-3.341381e+003
69,73,-3.341381e+003
69,74,-3.341381e+003
69,75,-3.341381e+003
69,76,-3.341381e+003
69,77,-3.341381e+003
69,78,-3.341381e+003
69,79,-3.341381e+003
69,80,-3.341381e+003
69,81,-3.341381e+003
69,82,-3.341381e+003
69,83,-3.341381e+003
69,84,-3.341381e+003
69,85,-3.341381e+003
69,86,-3.341381e+003
69,87,-3.341381e+003
69,88,-3.341381e+003
69,89,-3.341381e+003
70,0,-3.341375e+003
70,1,-3.341375e+003
70,2,-3.341375e+003
70,3,-3.341375e+003
70,4,-3.341375e+003
70,5,-3.341375e+003
70,6,-3.341375e+003
70,7,-3.341375e+003
70,8,-3.341375e+003
70,9,-3.341375e+003
70,10,-3.341375e+003
70,11,-3.341375e+003
70,12,-3.341375e+003
70,13,-3.341375e+003
70,14,-3.341375e+003
70,15,-3.341375e+003
70,16,-3.341375e+003
70,17,-3.341375e+003
70,18,-3.341375e+003
70,19,-3.341375e+003
70,20,-3.341375e+003
70,21,-3.341375e+003
70,22,-3.341375e+003
70,23,-3.341375e+003
70,24,-3.341375e+003
70,25,-3.341375e+003
70,26,-3.341375e+003
70,27,-3.341375e+003
70,28,-3.341375e+003
70,29,-3.341375e+003
70,30,-3.341375e+003
70,31,-3.341375e+003
70,32,-3.341375e+003
70,33,-3.341375e+003
70,34,-3.341375e+003
70,35,-3.341375e+003
70,36,-3.341375e+003
70,37,-3.341375e+003
70,38,-3.341375e+003
70,39,-3.341375e+003
70,40,-3.341375e+003
70,41,-3.341375e+003
70,42,-3.341375e+003
70,43,-3.341375e+003
70,44,-3.341375e+003
71,0,-3.341339e+003
71,1,-3.341339e+003
71,2,-3.341339e+003
71,3,-3.341339e+003
71,4,-3.341339e+003
71,5,-3.341339e+003
71,6,-3.341339e+003
71,7,-3.341339e+003
71,8,-3.341339e+003
71,9,-3.341339e+003
71,10,-3.341339e+003
71,11,-3.341339e+003
71,12,-3.341339e+003
71,13,-3.341339e+003
71,14,-3.341339e+003
71,15,-3.341339e+003
71,16,-3.341339e+003
71,17,-3.341339e+003
71,18,-3.341339e+003
71,19,-3.341339e+003
71,20,-3.341339e+003
71,21,-3.341339e+003
71,22,-3.341339e+003
71,23,-3.341339e+003
71,24,-3.341339e+003
71,25,-3.341339e+003
71,26,-3.341339e+003
71,27,-3.341339e+003
71,28,-3.341339e+003
71,29,-3.341339e+003
71,30,-3.341339e+003
72,0,-3.341285e+003
72,1,-3.341285e+003
72,2,-3.341285e+003
72,3,-3.341285e+003
72,4,-3.341285e+003
72,5,-3.341285e+003
72,6,-3.341285e+003
72,7,-3.341285e+003
72,8,-3.341285e+003
72,9,-3.341285e+003
72,10,-3.341285e+003
72,11,-3.341285e+003
72,12,-3.341285e+003
72,13,-3.341285e+003
72,14,-3.341285e+003
72,15,-3.341285e+003
72,16,-3.341285e+003
72,17,-3.341285e+003
72,18,-3.341285e+003
72,19,-3.341285e+003
72,20,-3.341285e+003
72,21,-3.341285e+003
73,0,-3.341134e+003
73,1,-3.341134e+003
73,2,-3.341134e+003
73,3,-3.341134e+003
73,4,-3.341134e+003
73,5,-3.341134e+003
73,6,-3.341134e+003
73,7,-3.341134e+003
73,8,-3.341134e+003
73,9,-3.341134e+003
73,10,-3.341134e+003
73,11,-3.341134e+003
73,12,-3.341134e+003
73,13,-3.341134e+003
73,14,-3.341134e+003
73,15,-3.341134e+003
73,16,-3.341134e+003
73,17,-3.341134e+003
73,18,-3.341134e+003
73,19,-3.341134e+003
73,20,-3.341134e+003
73,21,-3.341134e+003
74,0,-3.341075e+003
74,1,-3.341075e+003
74,2,-3.341075e+003
74,3,-3.341075e+003
74,4,-3.341075e+003
74,5,-3.341075e+003
74,6,-3.341075e+003
74,7,-3.341075e+003
74,8,-3.341075e+003
74,9,-3.341075e+003
74,10,-3.341075e+003
74,11,-3.341075e+003
74,12,-3.341075e+003
74,13,-3.341075e+003
74,14,-3.341075e+003
74,15,-3.341075e+003
74,16,-3.341075e+003
74,17,-3.341075e+003
74,18,-3.341075e+003
74,19,-3.341075e+003
74,20,-3.341075e+003
74,21,-3.341075e+003
74,22,-3.341075e+003
74,23,-3.341075e+003
74,24,-3.341075e+003
74,25,-3.341075e+003
74,26,-3.341075e+003
74,27,-3.341075e+003
74,28,-3.341075e+003
74,29,-3.341075e+003
74,30,-3.341075e+003
74,31,-3.341075e+003
75,0,-3.341012e+003
75,1,-3.341012e+003
75,2,-3.341012e+003
75,3,-3.341012e+003
75,4,-3.341012e+003
75,5,-3.341012e+003
75,6,-3.341012e+003
75,7,-3.341012e+003
75,8,-3.341012e+003
75,9,-3.341012e+003
75,10,-3.341012e+003
75,11,-3.341012e+003
75,12,-3.341012e+003
75,13,-3.341012e+003
75,14,-3.341012e+003
75,15,-3.341012e+003
75,16,-3.341012e+003
75,17,-3.341012e+003
75,18,-3.341012e+003
75,19,-3.341012e+003
75,20,-3.341012e+003
75,21,-3.341012e+003
75,22,-3.341012e+003
75,23,-3.341012e+003
75,24,-3.341012e+003
75,25,-3.341012e+003
75,26,-3.341012e+003
75,27,-3.341012e+003
75,28,-3.341012e+003
75,29,-3.341012e+003
75,30,-3.341012e+003
75,31,-3.341012e+003
75,32,-3.341012e+003
75,33,-3.341012e+003
75,34,-3.341012e+003
75,35,-3.341012e+003
75,36,-3.341012e+003
75,37,-3.341012e+003
75,38,-3.341012e+003
75,39,-3.341012e+003
75,40,-3.341012e+003
75,41,-3.341012e+003
75,42,-3.341012e+003
75,43,-3.341012e+003
75,44,-3.341012e+003
75,45,-3.341012e+003
75,46,-3.341012e+003
75,47,-3.341012e+003
75,48,-3.341012e+003
75,49,-3.341012e+003
75,50,-3.341012e+003
75,51,-3.341012e+003
75,52,-3.341012e+003
75,53,-3.341012e+003
75,54,-3.341012e+003
75,55,-3.341012e+003
75,56,-3.341012e+003
75,57,-3.341012e+003
75,58,-3.341012e+003
75,59,-3.341012e+003
75,60,-3.341012e+003
75,61,-3.341012e+003
76,0,-3.341128e+003
76,1,-3.341128e+003
76,2,-3.341128e+003
76,3,-3.341128e+003
76,4,-3.341128e+003
76,5,-3.341128e+003
76,6,-3.341128e+003
76,7,-3.341128e+003
76,8,-3.341128e+003
76,9,-3.341128e+003
76,10,-3.341128e+003
76,11,-3.341128e+003
76,12,-3.341128e+003
76,13,-3.341128e+003
76,14,-3.341128e+003
76,15,-3.341128e+003
76,16,-3.341128e+003
76,17,-3.341128e+003
76,18,-3.341128e+003
76,19,-3.341128e+003
76,20,-3.341128e+003
76,21,-3.341128e+003
76,22,-3.341128e+003
76,23,-3.341128e+003
76,24,-3.341128e+003
76,25,-3.341128e+003
76,26,-3.341128e+003
76,27,-3.341128e+003
76,28,-3.341128e+003
76,29,-3.341128e+003
76,30,-3.341128e+003
76,31,-3.341128e+003
76,32,-3.341128e+003
76,33,-3.341128e+003
76,34,-3.341128e+003
76,35,-3.341128e+003
76,36,-3.341128e+003
76,37,-3.341128e+003
76,38,-3.341128e+003
77,0,-3.341078e+003
77,1,-3.341078e+003
77,2,-3.341078e+003
77,3,-3.341078e+003
77,4,-3.341078e+003
77,5,-3.341078e+003
77,6,-3.341078e+003
77,7,-3.341078e+003
77,8,-3.341078e+003
77,9,-3.341078e+003
77,10,-3.341078e+003
77,11,-3.341078e+003
77,12,-3.341078e+003
77,13,-3.341078e+003
77,14,-3.341078e+003
77,15,-3.341078e+003
77,16,-3.341078e+003
77,17,-3.341078e+003
77,18,-3.341078e+003
77,19,-3.341078e+003
77,20,-3.341078e+003
77,21,-3.341078e+003
78,0,-3.341036e+003
78,1,-3.341036e+003
78,2,-3.341036e+003
78,3,-3.341036e+003
78,4,-3.341036e+003
78,5,-3.341036e+003
78,6,-3.341036e+003
78,7,-3.341036e+003
78,8,-3.341036e+003
78,9,-3.341036e+003
78,10,-3.341036e+003
78,11,-3.341036e+003
78,12,-3.341036e+003
78,13,-3.341036e+003
78,14,-3.341036e+003
78,15,-3.341036e+003
78,16,-3.341036e+003
78,17,-3.341036e+003
78,18,-3.341036e+003
78,19,-3.341036e+003
78,20,-3.341036e+003
78,21,-3.341036e+003
79,0,-3.340996e+003
79,1,-3.340996e+003
79,2,-3.340996e+003
79,3,-3.340996e+003
79,4,-3.340996e+003
79,5,-3.340996e+003
79,6,-3.340996e+003
79,7,-3.340996e+003
79,8,-3.340996e+003
79,9,-3.340996e+003
79,10,-3.340996e+003
79,11,-3.340996e+003
79,12,-3.340996e+003
79,13,-3.340996e+003
79,14,-3.340996e+003
79,15,-3.340996e+003
79,16,-3.340996e+003
79,17,-3.340996e+003
79,18,-3.340996e+003
79,19,-3.340996e+003
79,20,-3.340996e+003
79,21,-3.340996e+003
79,22,-3.340996e+003
79,23,-3.340996e+003
79,24,-3.340996e+003
79,25,-3.340996e+003
79,26,-3.340996e+003
79,27,-3.340996e+003
79,28,-3.340996e+003
79,29,-3.340996e+003
79,30,-3.340996e+003
79,31,-3.340996e+003
79,32,-3.340996e+003
79,33,-3.340996e+003
79,34,-3.340996e+003
79,35,-3.340996e+003
79,36,-3.340996e+003
79,37,-3.340996e+003
79,38,-3.340996e+003
79,39,-3.340996e+003
79,40,-3.340996e+003
79,41,-3.340996e+003
79,42,-3.340996e+003
79,43,-3.340996e+003
79,44,-3.340996e+003
79,45,-3.340996e+003
79,46,-3.340996e+003
79,47,-3.340996e+003
79,48,-3.340996e+003
79,49,-3.340996e+003
79,50,-3.340996e+003
79,51,-3.340996e+003
79,52,-3.340996e+003
79,53,-3.340996e+003
79,54,-3.340996e+003
79,55,-3.340996e+003
80,0,-3.340957e+003
80,1,-3.340957e+003
80,2,-3.340957e+003
80,3,-3.340957e+003
80,4,-3.340957e+003
80,5,-3.340957e+003
80,6,-3.340957e+003
80,7,-3.340957e+003
80,8,-3.340957e+003
80,9,-3.340957e+003
80,10,-3.340957e+003
80,11,-3.340957e+003
80,12,-3.340957e+003
80,13,-3.340957e+003
80,14,-3.340957e+003
80,15,-3.340957e+003
80,16,-3.340957e+003
80,17,-3.340957e+003
80,18,-3.340957e+003
80,19,-3.340957e+003
80,20,-3.340957e+003
80,21,-3.340957e+003
80,22,-3.340957e+003
80,23,-3.340957e+003
80,24,-3.340957e+003
80,25,-3.340957e+003
80,26,-3.340957e+003
80,27,-3.340957e+003
80,28,-3.340957e+003
80,29,-3.340957e+003
80,30,-3.340957e+003
80,31,-3.340957e+003
80,32,-3.340957e+003
80,33,-3.340957e+003
80,34,-3.340957e+003
80,35,-3.340957e+003
80,36,-3.340957e+003
80,37,-3.340957e+003
80,38,-3.340957e+003
80,39,-3.340957e+003
80,40,-3.340957e+003
80,41,-3.340957e+003
80,42,-3.340957e+003
80,43,-3.340957e+003
80,44,-3.340957e+003
80,45,-3.340957e+003
80,46,-3.340957e+003
80,47,-3.340957e+003
80,48,-3.340957e+003
80,49,-3.340957e+003
80,50,-3.340957e+003
80,51,-3.340957e+003
80,52,-3.340957e+003
80,53,-3.340957e+003
80,54,-3.340957e+003
80,55,-3.340957e+003
80,56,-3.340957e+003
80,57,-3.340957e+003
80,58,-3.340957e+003
81,0,-3.340918e+003
81,1,-3.340918e+003
81,2,-3.340918e+003
81,3,-3.340918e+003
81,4,-3.340918e+003
81,5,-3.340918e+003
81,6,-3.340918e+003
81,7,-3.340918e+003
81,8,-3.340918e+003
81,9,-3.340918e+003
81,10,-3.340918e+003
81,11,-3.340918e+003
81,12,-3.340918e+003
81,13,-3.340918e+003
81,14,-3.340918e+003
81,15,-3.340918e+003
81,16,-3.340918e+003
81,17,-3.340918e+003
81,18,-3.340918e+003
81,19,-3.340918e+003
81,20,-3.340918e+003
81,21,-3.340918e+003
81,22,-3.340918e+003
81,23,-3.340918e+003
81,24,-3.340918e+003
81,25,-3.340918e+003
81,26,-3.340918e+003
81,27,-3.340918e+003
81,28,-3.340918e+003
81,29,-3.340918e+003
81,30,-3.340918e+003
81,31,-3.340918e+003
81,32,-3.340918e+003
81,33,-3.340918e+003
81,34,-3.340918e+003
81,35,-3.340918e+003
82,0,-3.341072e+003
82,1,-3.341072e+003
82,2,-3.341072e+003
82,3,-3.341072e+003
82,4,-3.341072e+003
82,5,-3.341072e+003
82,6,-3.341072e+003
82,7,-3.341072e+003
82,8,-3.341072e+003
82,9,-3.341072e+003
82,10,-3.341072e+003
82,11,-3.341072e+003
82,12,-3.341072e+003
82,13,-3.341072e+003
82,14,-3.341072e+003
82,15,-3.341072e+003
82,16,-3.341072e+003
82,17,-3.341072e+003
82,18,-3.341072e+003
82,19,-3.341072e+003
82,20,-3.341072e+003
82,21,-3.341072e+003
83,0,-3.341053e+003
83,1,-3.341053e+003
83,2,-3.341053e+003
83,3,-3.341053e+003
83,4,-3.341053e+003
83,5,-3.341053e+003
83,6,-3.341053e+003
83,7,-3.341053e+003
83,8,-3.341053e+003
83,9,-3.341053e+003
83,10,-3.341053e+003
83,11,-3.341053e+003
83,12,-3.341053e+003
83,13,-3.341053e+003
83,14,-3.341053e+003
83,15,-3.341053e+003
83,16,-3.341053e+003
83,17,-3.341053e+003
83,18,-3.341053e+003
83,19,-3.341053e+003
83,20,-3.341053e+003
83,21,-3.341053e+003
83,22,-3.341053e+003
84,0,-3.341035e+003
84,1,-3.341035e+003
84,2,-3.341035e+003
84,3,-3.341035e+003
84,4,-3.341035e+003
84,5,-3.341035e+003
84,6,-3.341035e+003
84,7,-3.341035e+003
84,8,-3.341035e+003
84,9,-3.341035e+003
84,10,-3.341035e+003
84,11,-3.341035e+003
84,12,-3.341035e+003
84,13,-3.341035e+003
84,14,-3.341035e+003
84,15,-3.341035e+003
84,16,-3.341035e+003
84,17,-3.341035e+003
84,18,-3.341035e+003
84,19,-3.341035e+003
84,20,-3.341035e+003
84,21,-3.341035e+003
85,0,-3.340937e+003
85,1,-3.340937e+003
85,2,-3.340937e+003
85,3,-3.340937e+003
85,4,-3.340937e+003
85,5,-3.340937e+003
85,6,-3.340937e+003
85,7,-3.340937e+003
85,8,-3.340937e+003
85,9,-3.340937e+003
85,10,-3.340937e+003
85,11,-3.340937e+003
85,12,-3.340937e+003
85,13,-3.340937e+003
85,14,-3.340937e+003
85,15,-3.340937e+003
85,16,-3.340937e+003
85,17,-3.340937e+003
85,18,-3.340937e+003
85,19,-3.340937e+003
85,20,-3.340937e+003
85,21,-3.340937e+003
85,22,-3.340937e+003
85,23,-3.340937e+003
85,24,-3.340937e+003
85,25,-3.340937e+003
85,26,-3.340937e+003
85,27,-3.340937e+003
85,28,-3.340937e+003
85,29,-3.340937e+003
85,30,-3.340937e+003
85,31,-3.340937e+003
85,32,-3.340937e+003
85,33,-3.340937e+003
85,34,-3.340937e+003
85,35,-3.340937e+003
85,36,-3.340937e+003
85,37,-3.340937e+003
85,38,-3.340937e+003
86,0,-3.340926e+003
86,1,-3.340926e+003
86,2,-3.340926e+003
86,3,-3.340926e+003
86,4,-3.340926e+003
86,5,-3.340926e+003
86,6,-3.340926e+003
86,7,-3.340926e+003
86,8,-3.340926e+003
86,9,-3.340926e+003
86,10,-3.340926e+003
86,11,-3.340926e+003
86,12,-3.340926e+003
86,13,-3.340926e+003
86,14,-3.340926e+003
86,15,-3.340926e+003
86,16,-3.340926e+003
86,17,-3.340926e+003
86,18,-3.340926e+003
86,19,-3.340926e+003
86,20,-3.340926e+003
86,21,-3.340926e+003
86,22,-3.340926e+003
87,0,-3.340915e+003
87,1,-3.340915e+003
87,2,-3.340915e+003
87,3,-3.340915e+003
87,4,-3.340915e+003
87,5,-3.340915e+003
87,6,-3.340915e+003
87,7,-3.340915e+003
87,8,-3.340915e+003
87,9,-3.340915e+003
87,10,-3.340915e+003
87,11,-3.340915e+003
87,12,-3.340915e+003
87,13,-3.340915e+003
87,14,-3.340915e+003
87,15,-3.340915e+003
87,16,-3.340915e+003
87,17,-3.340915e+003
87,18,-3.340915e+003
87,19,-3.340915e+003
87,20,-3.340915e+003
87,21,-3.340915e+003
88,0,-3.340901e+003
88,1,-3.340901e+003
88,2,-3.340901e+003
88,3,-3.340901e+003
88,4,-3.340901e+003
88,5,-3.340901e+003
88,6,-3.340901e+003
88,7,-3.340901e+003
88,8,-3.340901e+003
88,9,-3.340901e+003
88,10,-3.340901e+003
88,11,-3.340901e+003
88,12,-3.340901e+003
88,13,-3.340901e+003
88,14,-3.340901e+003
88,15,-3.340901e+003
88,16,-3.340901e+003
88,17,-3.340901e+003
88,18,-3.340901e+003
88,19,-3.340901e+003
88,20,-3.340901e+003
88,21,-3.340901e+003
89,0,-3.340803e+003
89,1,-3.340803e+003
89,2,-3.340803e+003
89,3,-3.340803e+003
89,4,-3.340803e+003
89,5,-3.340803e+003
89,6,-3.340803e+003
89,7,-3.340803e+003
89,8,-3.340803e+003
89,9,-3.340803e+003
89,10,-3.340803e+003
89,11,-3.340803e+003
89,12,-3.340803e+003
89,13,-3.340803e+003
89,14,-3.340803e+003
89,15,-3.340803e+003
89,16,-3.340803e+003
89,17,-3.340803e+003
89,18,-3.340803e+003
89,19,-3.340803e+003
89,20,-3.340803e+003
89,21,-3.340803e+003
89,22,-3.340803e+003
89,23,-3.340803e+003
89,24,-3.340803e+003
89,25,-3.340803e+003
89,26,-3.340803e+003
89,27,-3.340803e+003
89,28,-3.340803e+003
90,0,-3.340738e+003
90,1,-3.340738e+003
90,2,-3.340738e+003
90,3,-3.340738e+003
90,4,-3.340738e+003
90,5,-3.340738e+003
90,6,-3.340738e+003
90,7,-3.340738e+003
90,8,-3.340738e+003
90,9,-3.340738e+003
90,10,-3.340738e+003
90,11,-3.340738e+003
90,12,-3.340738e+003
90,13,-3.340738e+003
90,14,-3.340738e+003
90,15,-3.340738e+003
90,16,-3.340738e+003
90,17,-3.340738e+003
90,18,-3.340738e+003
90,19,-3.340738e+003
90,20,-3.340738e+003
90,21,-3.340738e+003
91,0,-3.340733e+003
91,1,-3.340733e+003
91,2,-3.340733e+003
91,3,-3.340733e+003
91,4,-3.340733e+003
91,5,-3.340733e+003
91,6,-3.340733e+003
91,7,-3.340733e+003
91,8,-3.340733e+003
91,9,-3.340733e+003
91,10,-3.340733e+003
91,11,-3.340733e+003
91,12,-3.340733e+003
91,13,-3.340733e+003
91,14,-3.340733e+003
91,15,-3.340733e+003
91,16,-3.340733e+003
91,17,-3.340733e+003
91,18,-3.340733e+003
91,19,-3.340733e+003
91,20,-3.340733e+003
91,21,-3.340733e+003
92,0,-3.340741e+003
92,1,-3.340741e+003
92,2,-3.340741e+003
92,3,-3.340741e+003
92,4,-3.340741e+003
92,5,-3.340741e+003
92,6,-3.340741e+003
92,7,-3.340741e+003
92,8,-3.340741e+003
92,9,-3.340741e+003
92,10,-3.340741e+003
92,11,-3.340741e+003
92,12,-3.340741e+003
92,13,-3.340741e+003
92,14,-3.340741e+003
92,15,-3.340741e+003
92,16,-3.340741e+003
92,17,-3.340741e+003
92,18,-3.340741e+003
92,19,-3.340741e+003
92,20,-3.340741e+003
92,21,-3.340741e+003
93,0,-3.340762e+003
93,1,-3.340762e+003
93,2,-3.340762e+003
93,3,-3.340762e+003
93,4,-3.340762e+003
93,5,-3.340762e+003
93,6,-3.340762e+003
93,7,-3.340762e+003
93,8,-3.340762e+003
93,9,-3.340762e+003
93,10,-3.340762e+003
93,11,-3.340762e+003
93,12,-3.340762e+003
93,13,-3.340762e+003
93,14,-3.340762e+003
93,15,-3.340762e+003
93,16,-3.340762e+003
93,17,-3.340762e+003
93,18,-3.340762e+003
93,19,-3.340762e+003
93,20,-3.340762e+003
93,21,-3.340762e+003
93,22,-3.340762e+003
93,23,-3.340762e+003
93,24,-3.340762e+003
93,25,-3.340762e+003
93,26,-3.340762e+003
93,27,-3.340762e+003
93,28,-3.340762e+003
93,29,-3.340762e+003
93,30,-3.340762e+003
93,31,-3.340762e+003
93,32,-3.340762e+003
93,33,-3.340762e+003
93,34,-3.340762e+003
93,35,-3.340762e+003
93,36,-3.340762e+003
94,0,-3.340779e+003
94,1,-3.340779e+003
94,2,-3.340779e+003
94,3,-3.340779e+003
94,4,-3.340779e+003
94,5,-3.340779e+003
94,6,-3.340779e+003
94,7,-3.340779e+003
94,8,-3.340779e+003
94,9,-3.340779e+003
94,10,-3.340779e+003
94,11,-3.340779e+003
94,12,-3.340779e+003
94,13,-3.340779e+003
94,14,-3.340779e+003
94,15,-3.340779e+003
94,16,-3.340779e+003
94,17,-3.340779e+003
94,18,-3.340779e+003
94,19,-3.340779e+003
94,20,-3.340779e+003
94,21,-3.340779e+003
95,0,-3.340791e+003
95,1,-3.340791e+003
95,2,-3.340791e+003
95,3,-3.340791e+003
95,4,-3.340791e+003
95,5,-3.340791e+003
95,6,-3.340791e+003
95,7,-3.340791e+003
95,8,-3.340791e+003
95,9,-3.340791e+003
95,10,-3.340791e+003
95,11,-3.340791e+003
95,12,-3.340791e+003
95,13,-3.340791e+003
95,14,-3.340791e+003
95,15,-3.340791e+003
95,16,-3.340791e+003
95,17,-3.340791e+003
95,18,-3.340791e+003
95,19,-3.340791e+003
95,20,-3.340791e+003
95,21,-3.340791e+003
96,0,-3.340798e+003
96,1,-3.340798e+003
96,2,-3.340798e+003
96,3,-3.340798e+003
96,4,-3.340798e+003
96,5,-3.340798e+003
96,6,-3.340798e+003
96,7,-3.340798e+003
96,8,-3.340798e+003
96,9,-3.340798e+003
96,10,-3.340798e+003
96,11,-3.340798e+003
96,12,-3.340798e+003
96,13,-3.340798e+003
96,14,-3.340798e+003
96,15,-3.340798e+003
96,16,-3.340798e+003
96,17,-3.340798e+003
96,18,-3.340798e+003
96,19,-3.340798e+003
96,20,-3.340798e+003
96,21,-3.340798e+003
97,0,-3.340801e+003
97,1,-3.340801e+003
97,2,-3.340801e+003
97,3,-3.340801e+003
97,4,-3.340801e+003
97,5,-3.340801e+003
97,6,-3.340801e+003
97,7,-3.340801e+003
97,8,-3.340801e+003
97,9,-3.340801e+003
97,10,-3.340801e+003
97,11,-3.340801e+003
97,12,-3.340801e+003
97,13,-3.340801e+003
97,14,-3.340801e+003
97,15,-3.340801e+003
97,16,-3.340801e+003
97,17,-3.340801e+003
97,18,-3.340801e+003
97,19,-3.340801e+003
97,20,-3.340801e+003
97,21,-3.340801e+003
97,22,-3.340801e+003
97,23,-3.340801e+003
97,24,-3.340801e+003
97,25,-3.340801e+003
97,26,-3.340801e+003
97,27,-3.340801e+003
97,28,-3.340801e+003
97,29,-3.340801e+003
97,30,-3.340801e+003
98,0,-3.340990e+003
98,1,-3.340990e+003
98,2,-3.340990e+003
98,3,-3.340990e+003
98,4,-3.340990e+003
98,5,-3.340990e+003
98,6,-3.340990e+003
98,7,-3.340990e+003
98,8,-3.340990e+003
98,9,-3.340990e+003
98,10,-3.340990e+003
98,11,-3.340990e+003
98,12,-3.340990e+003
98,13,-3.340990e+003
98,14,-3.340990e+003
98,15,-3.340990e+003
98,16,-3.340990e+003
98,17,-3.340990e+003
98,18,-3.340990e+003
98,19,-3.340990e+003
98,20,-3.340990e+003
98,21,-3.340990e+003
98,22,-3.340990e+003
98,23,-3.340990e+003
98,24,-3.340990e+003
98,25,-3.340990e+003
98,26,-3.340990e+003
98,27,-3.340990e+003
98,28,-3.340990e+003
99,0,-3.341003e+003
99,1,-3.341003e+003
99,2,-3.341003e+003
99,3,-3.341003e+003
99,4,-3.341003e+003
99,5,-3.341003e+003
99,6,-3.341003e+003
99,7,-3.341003e+003
99,8,-3.341003e+003
99,9,-3.341003e+003
99,10,-3.341003e+003
99,11,-3.341003e+003
99,12,-3.341003e+003
99,13,-3.341003e+003
99,14,-3.341003e+003
99,15,-3.341003e+003
99,16,-3.341003e+003
99,17,-3.341003e+003
99,18,-3.341003e+003
99,19,-3.341003e+003
99,20,-3.341003e+003
99,21,-3.341003e+003
100,0,-3.341012e+003
100,1,-3.341012e+003
100,2,-3.341012e+003
100,3,-3.341012e+003
100,4,-3.341012e+003
100,5,-3.341012e+003
100,6,-3.341012e+003
100,7,-3.341012e+003
100,8,-3.341012e+003
100,9,-3.341012e+003
100,10,-3.341012e+003
100,11,-3.341012e+003
100,12,-3.341012e+003
100,13,-3.341012e+003
100,14,-3.341012e+003
100,15,-3.341012e+003
100,16,-3.341012e+003
100,17,-3.341012e+003
100,18,-3.341012e+003
100,19,-3.341012e+003
100,20,-3.341012e+003
100,21,-3.341012e+003
