0,0,-7.845253e+003
0,1,-7.847635e+003
0,2,-7.849568e+003
0,3,-7.850494e+003
0,4,-7.851228e+003
0,5,-7.851658e+003
0,6,-7.852065e+003
0,7,-7.852462e+003
0,8,-7.852727e+003
0,9,-7.852924e+003
0,10,-7.853052e+003
0,11,-7.853253e+003
0,12,-7.853490e+003
0,13,-7.853689e+003
0,14,-7.853915e+003
0,15,-7.854042e+003
0,16,-7.854102e+003
0,17,-7.854235e+003
0,18,-7.854266e+003
0,19,-7.854434e+003
0,20,-7.854540e+003
0,21,-7.854541e+003
0,22,-7.854622e+003
0,23,-7.854771e+003
0,24,-7.854835e+003
0,25,-7.854894e+003
0,26,-7.855043e+003
0,27,-7.855186e+003
0,28,-7.855295e+003
0,29,-7.855393e+003
0,30,-7.855442e+003
0,31,-7.855533e+003
0,32,-7.855534e+003
0,33,-7.855536e+003
0,34,-7.855539e+003
0,35,-7.855539e+003
0,36,-7.855542e+003
0,37,-7.855544e+003
0,38,-7.855548e+003
0,39,-7.855548e+003
1,0,-7.845569e+003
1,1,-7.845569e+003
1,2,-7.845572e+003
1,3,-7.845572e+003
1,4,-7.845572e+003
1,5,-7.845573e+003
1,6,-7.845573e+003
1,7,-7.845573e+003
1,8,-7.845573e+003
1,9,-7.845574e+003
1,10,-7.845574e+003
1,11,-7.845574e+003
1,12,-7.845575e+003
1,13,-7.845575e+003
1,14,-7.845575e+003
1,15,-7.845576e+003
1,16,-7.845576e+003
1,17,-7.845577e+003
1,18,-7.845577e+003
1,19,-7.845578e+003
1,20,-7.845578e+003
1,21,-7.845579e+003
1,22,-7.845579e+003
1,23,-7.845580e+003
1,24,-7.845580e+003
1,25,-7.845581e+003
1,26,-7.845581e+003
1,27,-7.845581e+003
2,0,-7.844761e+003
2,1,-7.844761e+003
2,2,-7.844761e+003
2,3,-7.844764e+003
2,4,-7.844765e+003
2,5,-7.844766e+003
2,6,-7.844767e+003
2,7,-7.844768e+003
2,8,-7.844769e+003
2,9,-7.844770e+003
2,10,-7.844771e+003
2,11,-7.844773e+003
2,12,-7.844774e+003
2,13,-7.844775e+003
2,14,-7.844776e+003
2,15,-7.844778e+003
2,16,-7.844779e+003
2,17,-7.844813e+003
2,18,-7.844813e+003
3,0,-7.842890e+003
3,1,-7.842892e+003
3,2,-7.842893e+003
3,3,-7.842895e+003
3,4,-7.842897e+003
3,5,-7.842898e+003
3,6,-7.842900e+003
3,7,-7.842902e+003
3,8,-7.842904e+003
3,9,-7.842905e+003
3,10,-7.842907e+003
3,11,-7.842909e+003
3,12,-7.842911e+003
3,13,-7.845374e+003
3,14,-7.846453e+003
3,15,-7.847428e+003
3,16,-7.849087e+003
3,17,-7.850572e+003
3,18,-7.851855e+003
3,19,-7.852568e+003
3,20,-7.853090e+003
3,21,-7.853422e+003
3,22,-7.853760e+003
3,23,-7.853945e+003
3,24,-7.854138e+003
3,25,-7.854346e+003
3,26,-7.854454e+003
3,27,-7.854599e+003
3,28,-7.854794e+003
3,29,-7.854927e+003
3,30,-7.855031e+003
3,31,-7.855094e+003
3,32,-7.855108e+003
3,33,-7.855195e+003
3,34,-7.855280e+003
3,35,-7.855324e+003
3,36,-7.855372e+003
3,37,-7.855431e+003
3,38,-7.855567e+003
3,39,-7.855656e+003
3,40,-7.855744e+003
3,41,-7.855779e+003
3,42,-7.855853e+003
3,43,-7.855877e+003
3,44,-7.855966e+003
3,45,-7.855967e+003
3,46,-7.855969e+003
3,47,-7.855971e+003
3,48,-7.855973e+003
3,49,-7.855975e+003
3,50,-7.855976e+003
3,51,-7.855978e+003
3,52,-7.855979e+003
3,53,-7.855979e+003
4,0,-7.844166e+003
4,1,-7.844166e+003
4,2,-7.844166e+003
4,3,-7.844167e+003
4,4,-7.844167e+003
4,5,-7.844167e+003
4,6,-7.844167e+003
4,7,-7.844167e+003
4,8,-7.844167e+003
4,9,-7.844167e+003
4,10,-7.844168e+003
4,11,-7.844168e+003
4,12,-7.844168e+003
4,13,-7.844168e+003
4,14,-7.844168e+003
4,15,-7.844169e+003
4,16,-7.844169e+003
4,17,-7.844169e+003
4,18,-7.844169e+003
4,19,-7.844169e+003
4,20,-7.844169e+003
4,21,-7.844170e+003
4,22,-7.844170e+003
4,23,-7.844170e+003
4,24,-7.844170e+003
4,25,-7.844170e+003
4,26,-7.844171e+003
4,27,-7.844171e+003
4,28,-7.844171e+003
4,29,-7.844171e+003
4,30,-7.844172e+003
4,31,-7.844172e+003
4,32,-7.844172e+003
4,33,-7.844172e+003
4,34,-7.844172e+003
5,0,-7.842785e+003
5,1,-7.842786e+003
5,2,-7.842786e+003
5,3,-7.842786e+003
5,4,-7.842786e+003
5,5,-7.842786e+003
5,6,-7.842786e+003
5,7,-7.842786e+003
5,8,-7.842786e+003
5,9,-7.842786e+003
5,10,-7.842786e+003
5,11,-7.842786e+003
6,0,-7.841707e+003
6,1,-7.841707e+003
6,2,-7.841708e+003
6,3,-7.841708e+003
6,4,-7.841708e+003
6,5,-7.841708e+003
6,6,-7.841708e+003
6,7,-7.841708e+003
6,8,-7.841708e+003
6,9,-7.841708e+003
6,10,-7.841708e+003
6,11,-7.841708e+003
7,0,-7.842522e+003
7,1,-7.844576e+003
7,2,-7.847380e+003
7,3,-7.849282e+003
7,4,-7.850693e+003
7,5,-7.851568e+003
7,6,-7.852104e+003
7,7,-7.852678e+003
7,8,-7.853151e+003
7,9,-7.853534e+003
7,10,-7.853964e+003
7,11,-7.854141e+003
7,12,-7.854407e+003
7,13,-7.854637e+003
7,14,-7.854869e+003
7,15,-7.854950e+003
7,16,-7.855120e+003
7,17,-7.855198e+003
7,18,-7.855316e+003
7,19,-7.855426e+003
7,20,-7.855567e+003
7,21,-7.855569e+003
7,22,-7.855572e+003
7,23,-7.855575e+003
7,24,-7.855579e+003
7,25,-7.855582e+003
7,26,-7.855585e+003
7,27,-7.855587e+003
7,28,-7.855587e+003
8,0,-7.841712e+003
8,1,-7.841713e+003
8,2,-7.841713e+003
8,3,-7.841713e+003
8,4,-7.841714e+003
8,5,-7.841714e+003
8,6,-7.841714e+003
8,7,-7.841715e+003
8,8,-7.841715e+003
8,9,-7.841715e+003
8,10,-7.841716e+003
8,11,-7.841716e+003
8,12,-7.841717e+003
8,13,-7.841717e+003
8,14,-7.841718e+003
8,15,-7.841718e+003
8,16,-7.841718e+003
8,17,-7.841719e+003
8,18,-7.841719e+003
8,19,-7.841720e+003
8,20,-7.841720e+003
8,21,-7.841721e+003
8,22,-7.841722e+003
8,23,-7.841722e+003
8,24,-7.841723e+003
8,25,-7.841723e+003
8,26,-7.841724e+003
8,27,-7.841725e+003
8,28,-7.841725e+003
8,29,-7.841726e+003
8,30,-7.841726e+003
8,31,-7.841730e+003
8,32,-7.841731e+003
8,33,-7.841747e+003
8,34,-7.841747e+003
8,35,-7.841748e+003
8,36,-7.841749e+003
8,37,-7.841749e+003
9,0,-7.840197e+003
9,1,-7.840198e+003
9,2,-7.840199e+003
9,3,-7.840199e+003
9,4,-7.840200e+003
9,5,-7.840200e+003
9,6,-7.840212e+003
9,7,-7.840213e+003
9,8,-7.840214e+003
9,9,-7.840215e+003
9,10,-7.840216e+003
9,11,-7.840217e+003
9,12,-7.840218e+003
9,13,-7.840219e+003
9,14,-7.840220e+003
9,15,-7.840221e+003
9,16,-7.840223e+003
9,17,-7.840224e+003
9,18,-7.840239e+003
9,19,-7.840240e+003
9,20,-7.840241e+003
9,21,-7.840287e+003
9,22,-7.840289e+003
9,23,-7.840290e+003
9,24,-7.840291e+003
9,25,-7.840293e+003
9,26,-7.840294e+003
9,27,-7.840295e+003
9,28,-7.840297e+003
9,29,-7.840298e+003
9,30,-7.840300e+003
9,31,-7.840346e+003
9,32,-7.840347e+003
9,33,-7.843770e+003
9,34,-7.845260e+003
9,35,-7.846742e+003
9,36,-7.848357e+003
9,37,-7.849998e+003
9,38,-7.851382e+003
9,39,-7.852255e+003
9,40,-7.852799e+003
9,41,-7.853316e+003
9,42,-7.853823e+003
9,43,-7.854127e+003
9,44,-7.854448e+003
9,45,-7.854662e+003
9,46,-7.854811e+003
9,47,-7.854815e+003
9,48,-7.854864e+003
9,49,-7.854891e+003
9,50,-7.854950e+003
9,51,-7.855021e+003
9,52,-7.855039e+003
9,53,-7.855107e+003
9,54,-7.855260e+003
9,55,-7.855376e+003
9,56,-7.855487e+003
9,57,-7.855576e+003
9,58,-7.855654e+003
9,59,-7.855728e+003
9,60,-7.855768e+003
9,61,-7.855850e+003
9,62,-7.855852e+003
9,63,-7.855854e+003
9,64,-7.855858e+003
9,65,-7.855862e+003
9,66,-7.855862e+003
10,0,-7.841321e+003
10,1,-7.841322e+003
10,2,-7.841324e+003
10,3,-7.841370e+003
10,4,-7.841372e+003
10,5,-7.841374e+003
10,6,-7.841376e+003
10,7,-7.841378e+003
10,8,-7.841418e+003
10,9,-7.841418e+003
10,10,-7.841421e+003
10,11,-7.841421e+003
11,0,-7.840155e+003
11,1,-7.840156e+003
11,2,-7.840162e+003
11,3,-7.840162e+003
11,4,-7.840162e+003
11,5,-7.840162e+003
11,6,-7.840163e+003
11,7,-7.840167e+003
11,8,-7.840171e+003
11,9,-7.840221e+003
11,10,-7.840222e+003
11,11,-7.840223e+003
11,12,-7.840256e+003
11,13,-7.840256e+003
12,0,-7.839006e+003
12,1,-7.839012e+003
12,2,-7.839013e+003
12,3,-7.839026e+003
12,4,-7.839033e+003
12,5,-7.839040e+003
12,6,-7.839040e+003
12,7,-7.839040e+003
12,8,-7.839068e+003
12,9,-7.839076e+003
12,10,-7.839084e+003
12,11,-7.839092e+003
12,12,-7.839101e+003
12,13,-7.839110e+003
12,14,-7.839119e+003
12,15,-7.839129e+003
12,16,-7.839138e+003
12,17,-7.839148e+003
12,18,-7.839149e+003
12,19,-7.839151e+003
12,20,-7.839239e+003
12,21,-7.839249e+003
12,22,-7.839250e+003
12,23,-7.839292e+003
12,24,-7.839293e+003
12,25,-7.839294e+003
12,26,-7.839304e+003
12,27,-7.839316e+003
12,28,-7.839317e+003
12,29,-7.839318e+003
12,30,-7.839342e+003
12,31,-7.839344e+003
12,32,-7.839375e+003
12,33,-7.839400e+003
12,34,-7.839400e+003
13,0,-7.832542e+003
13,1,-7.832553e+003
13,2,-7.832575e+003
13,3,-7.832587e+003
13,4,-7.832713e+003
13,5,-7.844063e+003
13,6,-7.847335e+003
13,7,-7.848991e+003
13,8,-7.850093e+003
13,9,-7.850859e+003
13,10,-7.851703e+003
13,11,-7.852518e+003
13,12,-7.853086e+003
13,13,-7.853554e+003
13,14,-7.854160e+003
13,15,-7.854710e+003
13,16,-7.855185e+003
13,17,-7.855377e+003
13,18,-7.855441e+003
13,19,-7.855579e+003
13,20,-7.855612e+003
13,21,-7.855647e+003
13,22,-7.855763e+003
13,23,-7.855883e+003
13,24,-7.855886e+003
13,25,-7.855911e+003
13,26,-7.855913e+003
13,27,-7.855931e+003
13,28,-7.855948e+003
13,29,-7.855949e+003
13,30,-7.855951e+003
13,31,-7.855973e+003
13,32,-7.855979e+003
13,33,-7.855988e+003
13,34,-7.856041e+003
13,35,-7.856047e+003
13,36,-7.856048e+003
13,37,-7.856050e+003
13,38,-7.856052e+003
13,39,-7.856071e+003
13,40,-7.856075e+003
13,41,-7.856079e+003
13,42,-7.856084e+003
13,43,-7.856132e+003
13,44,-7.856132e+003
13,45,-7.856146e+003
13,46,-7.856148e+003
13,47,-7.856151e+003
13,48,-7.856152e+003
13,49,-7.856152e+003
14,0,-7.845989e+003
14,1,-7.845993e+003
14,2,-7.845996e+003
14,3,-7.846000e+003
14,4,-7.846004e+003
14,5,-7.846054e+003
14,6,-7.846054e+003
14,7,-7.846056e+003
14,8,-7.846057e+003
14,9,-7.846096e+003
14,10,-7.846102e+003
14,11,-7.846108e+003
14,12,-7.846115e+003
14,13,-7.846167e+003
14,14,-7.846185e+003
14,15,-7.846193e+003
14,16,-7.846247e+003
14,17,-7.846255e+003
14,18,-7.846313e+003
14,19,-7.846323e+003
14,20,-7.846335e+003
14,21,-7.846335e+003
15,0,-7.839404e+003
15,1,-7.839405e+003
15,2,-7.839406e+003
15,3,-7.839434e+003
15,4,-7.839434e+003
15,5,-7.839438e+003
15,6,-7.839449e+003
15,7,-7.839460e+003
15,8,-7.839472e+003
15,9,-7.839473e+003
15,10,-7.839487e+003
15,11,-7.839529e+003
15,12,-7.839529e+003
16,0,-7.833458e+003
16,1,-7.833459e+003
16,2,-7.833460e+003
16,3,-7.833521e+003
16,4,-7.833574e+003
16,5,-7.833574e+003
16,6,-7.833575e+003
16,7,-7.833577e+003
16,8,-7.833663e+003
16,9,-7.833723e+003
16,10,-7.833798e+003
16,11,-7.833799e+003
16,12,-7.833800e+003
16,13,-7.833859e+003
16,14,-7.833901e+003
16,15,-7.833902e+003
16,16,-7.833926e+003
16,17,-7.833979e+003
16,18,-7.833987e+003
16,19,-7.834050e+003
16,20,-7.843734e+003
16,21,-7.848871e+003
16,22,-7.851754e+003
16,23,-7.853338e+003
16,24,-7.853913e+003
16,25,-7.854422e+003
16,26,-7.854777e+003
16,27,-7.855089e+003
16,28,-7.855336e+003
16,29,-7.855515e+003
16,30,-7.855757e+003
16,31,-7.855959e+003
16,32,-7.856071e+003
16,33,-7.856281e+003
16,34,-7.856397e+003
16,35,-7.856504e+003
16,36,-7.856598e+003
16,37,-7.856657e+003
16,38,-7.856762e+003
16,39,-7.856762e+003
17,0,-7.845861e+003
17,1,-7.845864e+003
17,2,-7.845974e+003
17,3,-7.846065e+003
17,4,-7.846146e+003
17,5,-7.846251e+003
17,6,-7.846282e+003
17,7,-7.846359e+003
17,8,-7.846525e+003
17,9,-7.846653e+003
17,10,-7.846722e+003
17,11,-7.846933e+003
17,12,-7.846961e+003
17,13,-7.847054e+003
17,14,-7.847055e+003
17,15,-7.847173e+003
17,16,-7.847206e+003
17,17,-7.847307e+003
17,18,-7.847367e+003
17,19,-7.847412e+003
17,20,-7.847454e+003
17,21,-7.847503e+003
17,22,-7.847643e+003
17,23,-7.847737e+003
17,24,-7.847776e+003
17,25,-7.847878e+003
17,26,-7.847880e+003
17,27,-7.848040e+003
17,28,-7.848177e+003
17,29,-7.848221e+003
17,30,-7.848341e+003
17,31,-7.848430e+003
17,32,-7.848523e+003
17,33,-7.848582e+003
17,34,-7.848630e+003
17,35,-7.848632e+003
17,36,-7.848680e+003
17,37,-7.848727e+003
17,38,-7.848739e+003
17,39,-7.848750e+003
17,40,-7.848752e+003
17,41,-7.848770e+003
17,42,-7.848857e+003
17,43,-7.848858e+003
17,44,-7.848923e+003
17,45,-7.848957e+003
17,46,-7.848992e+003
17,47,-7.848993e+003
17,48,-7.849008e+003
17,49,-7.849045e+003
17,50,-7.849082e+003
17,51,-7.849120e+003
17,52,-7.849157e+003
17,53,-7.849159e+003
17,54,-7.849250e+003
17,55,-7.849252e+003
17,56,-7.849300e+003
17,57,-7.849302e+003
17,58,-7.849381e+003
17,59,-7.849414e+003
17,60,-7.849494e+003
17,61,-7.849570e+003
17,62,-7.849605e+003
17,63,-7.849640e+003
17,64,-7.849642e+003
17,65,-7.849748e+003
17,66,-7.849750e+003
17,67,-7.849856e+003
17,68,-7.849879e+003
17,69,-7.849881e+003
17,70,-7.849928e+003
17,71,-7.849949e+003
17,72,-7.849971e+003
17,73,-7.850038e+003
17,74,-7.850060e+003
17,75,-7.850082e+003
17,76,-7.850104e+003
17,77,-7.850125e+003
17,78,-7.850146e+003
17,79,-7.850165e+003
17,80,-7.850658e+003
17,81,-7.851134e+003
17,82,-7.851667e+003
17,83,-7.852075e+003
17,84,-7.852590e+003
17,85,-7.852974e+003
17,86,-7.853444e+003
17,87,-7.853689e+003
17,88,-7.854056e+003
17,89,-7.854372e+003
17,90,-7.854708e+003
17,91,-7.855053e+003
17,92,-7.855103e+003
17,93,-7.855219e+003
17,94,-7.855639e+003
17,95,-7.855780e+003
17,96,-7.855831e+003
17,97,-7.856022e+003
17,98,-7.856055e+003
17,99,-7.856190e+003
17,100,-7.856210e+003
17,101,-7.856365e+003
17,102,-7.856490e+003
17,103,-7.856523e+003
17,104,-7.856588e+003
17,105,-7.856643e+003
17,106,-7.856650e+003
17,107,-7.856658e+003
17,108,-7.856662e+003
17,109,-7.856662e+003
17,110,-7.856666e+003
17,111,-7.856667e+003
17,112,-7.856667e+003
17,113,-7.856669e+003
17,114,-7.856669e+003
17,115,-7.856669e+003
18,0,-7.843991e+003
18,1,-7.843991e+003
18,2,-7.843991e+003
18,3,-7.843991e+003
18,4,-7.843991e+003
18,5,-7.843991e+003
18,6,-7.843991e+003
18,7,-7.843991e+003
18,8,-7.843991e+003
18,9,-7.843991e+003
18,10,-7.843991e+003
18,11,-7.843991e+003
19,0,-7.843379e+003
19,1,-7.843379e+003
19,2,-7.843379e+003
19,3,-7.843379e+003
19,4,-7.843379e+003
19,5,-7.843379e+003
19,6,-7.843379e+003
19,7,-7.843379e+003
19,8,-7.843379e+003
19,9,-7.843379e+003
19,10,-7.843379e+003
19,11,-7.843379e+003
20,0,-7.842616e+003
20,1,-7.842616e+003
20,2,-7.842616e+003
20,3,-7.842616e+003
20,4,-7.842616e+003
20,5,-7.842616e+003
20,6,-7.842616e+003
20,7,-7.842616e+003
20,8,-7.842616e+003
20,9,-7.842616e+003
20,10,-7.842616e+003
20,11,-7.842616e+003
21,0,-7.841851e+003
21,1,-7.841852e+003
21,2,-7.841853e+003
21,3,-7.841853e+003
21,4,-7.841854e+003
21,5,-7.841854e+003
21,6,-7.841855e+003
21,7,-7.841856e+003
21,8,-7.841856e+003
21,9,-7.841857e+003
21,10,-7.841858e+003
21,11,-7.841859e+003
21,12,-7.841859e+003
21,13,-7.841860e+003
21,14,-7.841861e+003
21,15,-7.841861e+003
21,16,-7.841907e+003
21,17,-7.841908e+003
21,18,-7.841919e+003
21,19,-7.841920e+003
21,20,-7.841920e+003
21,21,-7.841920e+003
22,0,-7.840779e+003
22,1,-7.840779e+003
22,2,-7.840779e+003
22,3,-7.840779e+003
22,4,-7.840779e+003
22,5,-7.840779e+003
22,6,-7.842706e+003
22,7,-7.846640e+003
22,8,-7.848530e+003
22,9,-7.850366e+003
22,10,-7.851462e+003
22,11,-7.852339e+003
22,12,-7.853255e+003
22,13,-7.853741e+003
22,14,-7.854217e+003
22,15,-7.854537e+003
22,16,-7.854899e+003
22,17,-7.855037e+003
22,18,-7.855238e+003
22,19,-7.855438e+003
22,20,-7.855605e+003
22,21,-7.855680e+003
22,22,-7.855878e+003
22,23,-7.855966e+003
22,24,-7.855991e+003
22,25,-7.856047e+003
22,26,-7.856091e+003
22,27,-7.856097e+003
22,28,-7.856140e+003
22,29,-7.856170e+003
22,30,-7.856202e+003
22,31,-7.856277e+003
22,32,-7.856392e+003
22,33,-7.856413e+003
22,34,-7.856477e+003
22,35,-7.856494e+003
22,36,-7.856513e+003
22,37,-7.856575e+003
22,38,-7.856594e+003
22,39,-7.856617e+003
22,40,-7.856626e+003
22,41,-7.856634e+003
22,42,-7.856641e+003
22,43,-7.856646e+003
22,44,-7.856696e+003
22,45,-7.856700e+003
22,46,-7.856748e+003
22,47,-7.856749e+003
22,48,-7.856750e+003
22,49,-7.856750e+003
22,50,-7.856750e+003
23,0,-7.841219e+003
23,1,-7.841247e+003
23,2,-7.841247e+003
23,3,-7.841247e+003
23,4,-7.841247e+003
23,5,-7.841247e+003
23,6,-7.841247e+003
23,7,-7.841247e+003
23,8,-7.841247e+003
23,9,-7.841247e+003
23,10,-7.841247e+003
23,11,-7.841247e+003
24,0,-7.839700e+003
24,1,-7.839700e+003
24,2,-7.839700e+003
24,3,-7.839700e+003
24,4,-7.839701e+003
24,5,-7.839701e+003
24,6,-7.839701e+003
24,7,-7.839701e+003
24,8,-7.839701e+003
24,9,-7.839701e+003
24,10,-7.839701e+003
24,11,-7.839702e+003
24,12,-7.839702e+003
24,13,-7.839702e+003
24,14,-7.839702e+003
24,15,-7.839702e+003
24,16,-7.839702e+003
24,17,-7.839703e+003
24,18,-7.839703e+003
24,19,-7.839703e+003
24,20,-7.839703e+003
24,21,-7.839703e+003
24,22,-7.839703e+003
24,23,-7.839704e+003
24,24,-7.839704e+003
24,25,-7.839704e+003
24,26,-7.839704e+003
24,27,-7.839704e+003
24,28,-7.839705e+003
24,29,-7.839705e+003
24,30,-7.839705e+003
24,31,-7.839705e+003
24,32,-7.839705e+003
24,33,-7.839706e+003
24,34,-7.839706e+003
24,35,-7.839706e+003
24,36,-7.839706e+003
24,37,-7.839707e+003
24,38,-7.839707e+003
24,39,-7.839707e+003
24,40,-7.839707e+003
25,0,-7.838527e+003
25,1,-7.838527e+003
25,2,-7.841251e+003
25,3,-7.844065e+003
25,4,-7.847835e+003
25,5,-7.849774e+003
25,6,-7.850966e+003
25,7,-7.851942e+003
25,8,-7.852617e+003
25,9,-7.853499e+003
25,10,-7.854090e+003
25,11,-7.854399e+003
25,12,-7.854704e+003
25,13,-7.854953e+003
25,14,-7.855146e+003
25,15,-7.855343e+003
25,16,-7.855548e+003
25,17,-7.855669e+003
25,18,-7.855841e+003
25,19,-7.855940e+003
25,20,-7.856007e+003
25,21,-7.856041e+003
25,22,-7.856197e+003
25,23,-7.856258e+003
25,24,-7.856305e+003
25,25,-7.856361e+003
25,26,-7.856403e+003
25,27,-7.856447e+003
25,28,-7.856521e+003
25,29,-7.856589e+003
25,30,-7.856608e+003
25,31,-7.856626e+003
25,32,-7.856646e+003
25,33,-7.856666e+003
25,34,-7.856684e+003
25,35,-7.856709e+003
25,36,-7.856719e+003
25,37,-7.856728e+003
25,38,-7.856736e+003
25,39,-7.856737e+003
25,40,-7.856742e+003
25,41,-7.856744e+003
25,42,-7.856744e+003
26,0,-7.842322e+003
26,1,-7.842368e+003
26,2,-7.842369e+003
26,3,-7.842371e+003
26,4,-7.842372e+003
26,5,-7.842374e+003
26,6,-7.842376e+003
26,7,-7.842377e+003
26,8,-7.842379e+003
26,9,-7.842380e+003
26,10,-7.842381e+003
26,11,-7.842386e+003
26,12,-7.842388e+003
26,13,-7.842390e+003
26,14,-7.842392e+003
26,15,-7.842395e+003
26,16,-7.842397e+003
26,17,-7.842400e+003
26,18,-7.842400e+003
27,0,-7.838631e+003
27,1,-7.838633e+003
27,2,-7.838636e+003
27,3,-7.838639e+003
27,4,-7.838642e+003
27,5,-7.838646e+003
27,6,-7.838649e+003
27,7,-7.838652e+003
27,8,-7.838656e+003
27,9,-7.838659e+003
27,10,-7.838663e+003
27,11,-7.838667e+003
27,12,-7.838684e+003
27,13,-7.838688e+003
27,14,-7.838692e+003
27,15,-7.838693e+003
27,16,-7.838693e+003
28,0,-7.835302e+003
28,1,-7.835306e+003
28,2,-7.835310e+003
28,3,-7.835315e+003
28,4,-7.835319e+003
28,5,-7.835323e+003
28,6,-7.835328e+003
28,7,-7.835333e+003
28,8,-7.835382e+003
28,9,-7.835387e+003
28,10,-7.835392e+003
28,11,-7.835397e+003
28,12,-7.835401e+003
28,13,-7.835402e+003
28,14,-7.835402e+003
29,0,-7.831358e+003
29,1,-7.831363e+003
29,2,-7.831368e+003
29,3,-7.831372e+003
29,4,-7.831422e+003
29,5,-7.831427e+003
29,6,-7.831431e+003
29,7,-7.831436e+003
29,8,-7.839894e+003
29,9,-7.845362e+003
29,10,-7.847512e+003
29,11,-7.849443e+003
29,12,-7.850374e+003
29,13,-7.851458e+003
29,14,-7.852254e+003
29,15,-7.852861e+003
29,16,-7.853444e+003
29,17,-7.854045e+003
29,18,-7.854574e+003
29,19,-7.855096e+003
29,20,-7.855310e+003
29,21,-7.855556e+003
29,22,-7.855670e+003
29,23,-7.855853e+003
29,24,-7.855992e+003
29,25,-7.856183e+003
29,26,-7.856290e+003
29,27,-7.856463e+003
29,28,-7.856477e+003
29,29,-7.856579e+003
29,30,-7.856616e+003
29,31,-7.856646e+003
29,32,-7.856670e+003
29,33,-7.856691e+003
29,34,-7.856692e+003
29,35,-7.856694e+003
29,36,-7.856694e+003
30,0,-7.844380e+003
30,1,-7.844382e+003
30,2,-7.844384e+003
30,3,-7.844385e+003
30,4,-7.844387e+003
30,5,-7.844390e+003
30,6,-7.844392e+003
30,7,-7.844394e+003
30,8,-7.844433e+003
30,9,-7.844433e+003
30,10,-7.844433e+003
30,11,-7.844433e+003
30,12,-7.844434e+003
30,13,-7.844437e+003
30,14,-7.844441e+003
30,15,-7.844446e+003
30,16,-7.844451e+003
30,17,-7.844456e+003
30,18,-7.844461e+003
30,19,-7.844467e+003
30,20,-7.844473e+003
30,21,-7.844479e+003
30,22,-7.844482e+003
30,23,-7.844489e+003
30,24,-7.844507e+003
30,25,-7.844514e+003
30,26,-7.844568e+003
30,27,-7.844568e+003
30,28,-7.844570e+003
30,29,-7.844590e+003
30,30,-7.844600e+003
30,31,-7.844654e+003
30,32,-7.844664e+003
30,33,-7.844674e+003
30,34,-7.844685e+003
30,35,-7.844685e+003
30,36,-7.844725e+003
30,37,-7.844725e+003
30,38,-7.844746e+003
30,39,-7.844747e+003
30,40,-7.844758e+003
30,41,-7.844769e+003
30,42,-7.844770e+003
30,43,-7.844771e+003
30,44,-7.844819e+003
30,45,-7.844860e+003
30,46,-7.844862e+003
30,47,-7.844863e+003
30,48,-7.844864e+003
30,49,-7.844867e+003
30,50,-7.844907e+003
30,51,-7.844918e+003
30,52,-7.844928e+003
30,53,-7.844939e+003
30,54,-7.844950e+003
30,55,-7.845016e+003
30,56,-7.845096e+003
30,57,-7.845117e+003
30,58,-7.845128e+003
30,59,-7.845139e+003
30,60,-7.845150e+003
30,61,-7.845162e+003
30,62,-7.845173e+003
30,63,-7.845185e+003
30,64,-7.845195e+003
30,65,-7.845207e+003
30,66,-7.845230e+003
30,67,-7.845242e+003
30,68,-7.845255e+003
30,69,-7.845267e+003
30,70,-7.845280e+003
30,71,-7.850094e+003
30,72,-7.853461e+003
30,73,-7.854183e+003
30,74,-7.854885e+003
30,75,-7.855166e+003
30,76,-7.855509e+003
30,77,-7.855709e+003
30,78,-7.855830e+003
30,79,-7.855874e+003
30,80,-7.855937e+003
30,81,-7.856080e+003
30,82,-7.856159e+003
30,83,-7.856235e+003
30,84,-7.856411e+003
30,85,-7.856419e+003
30,86,-7.856552e+003
30,87,-7.856651e+003
30,88,-7.856703e+003
30,89,-7.856746e+003
30,90,-7.856816e+003
30,91,-7.856846e+003
30,92,-7.856851e+003
30,93,-7.856935e+003
30,94,-7.856963e+003
30,95,-7.856977e+003
30,96,-7.856989e+003
30,97,-7.857004e+003
30,98,-7.857012e+003
30,99,-7.857020e+003
30,100,-7.857025e+003
30,101,-7.857040e+003
30,102,-7.857045e+003
30,103,-7.857048e+003
30,104,-7.857052e+003
30,105,-7.857052e+003
30,106,-7.857053e+003
30,107,-7.857054e+003
30,108,-7.857054e+003
31,0,-7.845027e+003
31,1,-7.845027e+003
31,2,-7.845027e+003
31,3,-7.845027e+003
31,4,-7.845027e+003
31,5,-7.845070e+003
31,6,-7.845070e+003
31,7,-7.845070e+003
31,8,-7.845070e+003
31,9,-7.845070e+003
31,10,-7.845071e+003
31,11,-7.845071e+003
31,12,-7.845071e+003
31,13,-7.845071e+003
31,14,-7.845071e+003
31,15,-7.845072e+003
31,16,-7.845072e+003
31,17,-7.845072e+003
31,18,-7.845072e+003
31,19,-7.845072e+003
31,20,-7.845073e+003
31,21,-7.845073e+003
31,22,-7.845073e+003
31,23,-7.845073e+003
31,24,-7.845074e+003
31,25,-7.845074e+003
31,26,-7.845074e+003
31,27,-7.845074e+003
31,28,-7.845075e+003
31,29,-7.845088e+003
31,30,-7.845088e+003
32,0,-7.844426e+003
32,1,-7.844426e+003
32,2,-7.844426e+003
32,3,-7.844426e+003
32,4,-7.844426e+003
32,5,-7.844435e+003
32,6,-7.844435e+003
32,7,-7.844435e+003
32,8,-7.844435e+003
32,9,-7.844435e+003
32,10,-7.844435e+003
32,11,-7.844435e+003
33,0,-7.844370e+003
33,1,-7.844370e+003
33,2,-7.844370e+003
33,3,-7.844370e+003
33,4,-7.844370e+003
33,5,-7.844370e+003
33,6,-7.844370e+003
33,7,-7.844370e+003
33,8,-7.844380e+003
33,9,-7.844381e+003
33,10,-7.844381e+003
33,11,-7.844381e+003
33,12,-7.844381e+003
34,0,-7.843922e+003
34,1,-7.843922e+003
34,2,-7.843922e+003
34,3,-7.843922e+003
34,4,-7.843922e+003
34,5,-7.843922e+003
34,6,-7.845703e+003
34,7,-7.846825e+003
34,8,-7.848727e+003
34,9,-7.850429e+003
34,10,-7.851634e+003
34,11,-7.852751e+003
34,12,-7.853609e+003
34,13,-7.854212e+003
34,14,-7.854871e+003
34,15,-7.855177e+003
34,16,-7.855546e+003
34,17,-7.855736e+003
34,18,-7.855992e+003
34,19,-7.856139e+003
34,20,-7.856314e+003
34,21,-7.856375e+003
34,22,-7.856473e+003
34,23,-7.856535e+003
34,24,-7.856648e+003
34,25,-7.856707e+003
34,26,-7.856758e+003
34,27,-7.856839e+003
34,28,-7.856872e+003
34,29,-7.856905e+003
34,30,-7.856934e+003
34,31,-7.856957e+003
34,32,-7.856975e+003
34,33,-7.856990e+003
34,34,-7.857005e+003
34,35,-7.857006e+003
34,36,-7.857008e+003
34,37,-7.857010e+003
34,38,-7.857011e+003
34,39,-7.857017e+003
34,40,-7.857017e+003
35,0,-7.845558e+003
35,1,-7.845558e+003
35,2,-7.845559e+003
35,3,-7.845559e+003
35,4,-7.845560e+003
35,5,-7.845561e+003
35,6,-7.845561e+003
35,7,-7.845562e+003
35,8,-7.845562e+003
35,9,-7.845563e+003
35,10,-7.845563e+003
35,11,-7.845564e+003
35,12,-7.845564e+003
36,0,-7.844035e+003
36,1,-7.844035e+003
36,2,-7.844035e+003
36,3,-7.844035e+003
36,4,-7.844035e+003
36,5,-7.844044e+003
36,6,-7.844045e+003
36,7,-7.844046e+003
36,8,-7.844103e+003
36,9,-7.844104e+003
36,10,-7.844105e+003
36,11,-7.844106e+003
36,12,-7.844107e+003
36,13,-7.844108e+003
36,14,-7.844109e+003
36,15,-7.844111e+003
36,16,-7.844112e+003
36,17,-7.844113e+003
36,18,-7.844115e+003
36,19,-7.844116e+003
36,20,-7.844117e+003
36,21,-7.844119e+003
36,22,-7.844165e+003
36,23,-7.844167e+003
36,24,-7.844167e+003
36,25,-7.844168e+003
36,26,-7.844169e+003
36,27,-7.844191e+003
36,28,-7.844193e+003
36,29,-7.844194e+003
36,30,-7.844196e+003
36,31,-7.844196e+003
36,32,-7.844197e+003
36,33,-7.844209e+003
36,34,-7.844234e+003
36,35,-7.844236e+003
36,36,-7.844238e+003
36,37,-7.844240e+003
36,38,-7.844242e+003
36,39,-7.844244e+003
36,40,-7.844246e+003
36,41,-7.844248e+003
36,42,-7.844251e+003
36,43,-7.844251e+003
36,44,-7.844252e+003
36,45,-7.844253e+003
36,46,-7.844253e+003
37,0,-7.840017e+003
37,1,-7.840064e+003
37,2,-7.840111e+003
37,3,-7.840111e+003
37,4,-7.840112e+003
37,5,-7.845886e+003
37,6,-7.847478e+003
37,7,-7.848278e+003
37,8,-7.849424e+003
37,9,-7.850828e+003
37,10,-7.852344e+003
37,11,-7.853261e+003
37,12,-7.853931e+003
37,13,-7.854324e+003
37,14,-7.854584e+003
37,15,-7.854781e+003
37,16,-7.854940e+003
37,17,-7.855111e+003
37,18,-7.855225e+003
37,19,-7.855463e+003
37,20,-7.855522e+003
37,21,-7.855525e+003
37,22,-7.855528e+003
37,23,-7.855528e+003
38,0,-7.843448e+003
38,1,-7.843450e+003
38,2,-7.843453e+003
38,3,-7.843456e+003
38,4,-7.843459e+003
38,5,-7.843462e+003
38,6,-7.843466e+003
38,7,-7.843467e+003
38,8,-7.843469e+003
38,9,-7.843505e+003
38,10,-7.843511e+003
38,11,-7.843511e+003
39,0,-7.840983e+003
39,1,-7.840989e+003
39,2,-7.840995e+003
39,3,-7.841002e+003
39,4,-7.841009e+003
39,5,-7.841017e+003
39,6,-7.841035e+003
39,7,-7.841044e+003
39,8,-7.841053e+003
39,9,-7.841062e+003
39,10,-7.841116e+003
39,11,-7.841126e+003
39,12,-7.841127e+003
39,13,-7.841129e+003
39,14,-7.841173e+003
39,15,-7.841254e+003
39,16,-7.841254e+003
40,0,-7.836149e+003
40,1,-7.836160e+003
40,2,-7.836181e+003
40,3,-7.836192e+003
40,4,-7.836203e+003
40,5,-7.836214e+003
40,6,-7.836215e+003
40,7,-7.836216e+003
40,8,-7.836217e+003
40,9,-7.836218e+003
40,10,-7.836219e+003
40,11,-7.836223e+003
40,12,-7.836236e+003
40,13,-7.836237e+003
40,14,-7.836239e+003
40,15,-7.836286e+003
40,16,-7.836299e+003
40,17,-7.836415e+003
40,18,-7.836429e+003
40,19,-7.836443e+003
40,20,-7.836444e+003
40,21,-7.836477e+003
40,22,-7.836508e+003
40,23,-7.836524e+003
40,24,-7.836597e+003
40,25,-7.836691e+003
40,26,-7.836752e+003
40,27,-7.836769e+003
40,28,-7.836786e+003
40,29,-7.836802e+003
40,30,-7.836803e+003
40,31,-7.836860e+003
40,32,-7.836878e+003
40,33,-7.836896e+003
40,34,-7.836914e+003
40,35,-7.836932e+003
40,36,-7.836995e+003
40,37,-7.837024e+003
40,38,-7.837038e+003
40,39,-7.837057e+003
40,40,-7.837075e+003
40,41,-7.837138e+003
40,42,-7.837157e+003
40,43,-7.837175e+003
40,44,-7.837192e+003
40,45,-7.837276e+003
40,46,-7.837293e+003
40,47,-7.837311e+003
40,48,-7.837327e+003
40,49,-7.837344e+003
40,50,-7.837361e+003
40,51,-7.837421e+003
40,52,-7.843902e+003
40,53,-7.848743e+003
40,54,-7.850216e+003
40,55,-7.850865e+003
40,56,-7.851593e+003
40,57,-7.851948e+003
40,58,-7.852156e+003
40,59,-7.852241e+003
40,60,-7.852242e+003
40,61,-7.852345e+003
40,62,-7.852503e+003
40,63,-7.852506e+003
40,64,-7.852547e+003
40,65,-7.852549e+003
40,66,-7.852553e+003
40,67,-7.852557e+003
40,68,-7.852562e+003
40,69,-7.852566e+003
40,70,-7.852570e+003
40,71,-7.852574e+003
40,72,-7.852578e+003
40,73,-7.852581e+003
40,74,-7.852584e+003
40,75,-7.852587e+003
40,76,-7.852589e+003
40,77,-7.852592e+003
40,78,-7.852592e+003
41,0,-7.839698e+003
41,1,-7.839698e+003
41,2,-7.839701e+003
41,3,-7.839702e+003
41,4,-7.839702e+003
41,5,-7.839702e+003
41,6,-7.839702e+003
41,7,-7.839702e+003
41,8,-7.839703e+003
41,9,-7.839703e+003
41,10,-7.839703e+003
41,11,-7.839703e+003
41,12,-7.839703e+003
41,13,-7.839704e+003
41,14,-7.839704e+003
41,15,-7.839704e+003
41,16,-7.839704e+003
41,17,-7.839705e+003
41,18,-7.839705e+003
41,19,-7.839705e+003
41,20,-7.839705e+003
41,21,-7.839706e+003
41,22,-7.839706e+003
41,23,-7.839706e+003
41,24,-7.839706e+003
41,25,-7.839706e+003
42,0,-7.839007e+003
42,1,-7.839007e+003
42,2,-7.839007e+003
42,3,-7.839007e+003
42,4,-7.839007e+003
42,5,-7.839007e+003
42,6,-7.839007e+003
42,7,-7.839007e+003
42,8,-7.839007e+003
42,9,-7.839007e+003
42,10,-7.839007e+003
42,11,-7.839007e+003
43,0,-7.838395e+003
43,1,-7.838395e+003
43,2,-7.838403e+003
43,3,-7.838406e+003
43,4,-7.838410e+003
43,5,-7.838414e+003
43,6,-7.838421e+003
43,7,-7.838424e+003
43,8,-7.838424e+003
43,9,-7.838427e+003
43,10,-7.838427e+003
43,11,-7.838428e+003
43,12,-7.838428e+003
43,13,-7.838429e+003
43,14,-7.838429e+003
43,15,-7.838430e+003
43,16,-7.838430e+003
43,17,-7.838431e+003
43,18,-7.838431e+003
43,19,-7.838432e+003
43,20,-7.838432e+003
43,21,-7.838433e+003
43,22,-7.838433e+003
43,23,-7.838434e+003
43,24,-7.838434e+003
43,25,-7.838434e+003
44,0,-7.837274e+003
44,1,-7.837274e+003
44,2,-7.837274e+003
44,3,-7.837274e+003
44,4,-7.837274e+003
44,5,-7.837274e+003
44,6,-7.837274e+003
44,7,-7.837274e+003
44,8,-7.837274e+003
44,9,-7.839150e+003
44,10,-7.840571e+003
44,11,-7.842041e+003
44,12,-7.842911e+003
44,13,-7.843389e+003
44,14,-7.843571e+003
44,15,-7.843816e+003
44,16,-7.843982e+003
44,17,-7.844224e+003
44,18,-7.844406e+003
44,19,-7.844469e+003
44,20,-7.844618e+003
44,21,-7.844817e+003
44,22,-7.845062e+003
44,23,-7.845158e+003
44,24,-7.845184e+003
44,25,-7.845205e+003
44,26,-7.845262e+003
44,27,-7.845380e+003
44,28,-7.845540e+003
44,29,-7.845688e+003
44,30,-7.845872e+003
44,31,-7.845973e+003
44,32,-7.846059e+003
44,33,-7.846155e+003
44,34,-7.846356e+003
44,35,-7.846481e+003
44,36,-7.846713e+003
44,37,-7.846896e+003
44,38,-7.847074e+003
44,39,-7.847179e+003
44,40,-7.847404e+003
44,41,-7.847616e+003
44,42,-7.847858e+003
44,43,-7.848243e+003
44,44,-7.848331e+003
44,45,-7.848620e+003
44,46,-7.848772e+003
44,47,-7.849001e+003
44,48,-7.849218e+003
44,49,-7.849253e+003
44,50,-7.849388e+003
44,51,-7.849443e+003
44,52,-7.849558e+003
44,53,-7.849559e+003
44,54,-7.849597e+003
44,55,-7.849598e+003
44,56,-7.849600e+003
44,57,-7.849631e+003
44,58,-7.849632e+003
44,59,-7.849634e+003
44,60,-7.849634e+003
45,0,-7.838776e+003
45,1,-7.838776e+003
45,2,-7.838778e+003
45,3,-7.838780e+003
45,4,-7.838782e+003
45,5,-7.838798e+003
45,6,-7.838848e+003
45,7,-7.838854e+003
45,8,-7.838861e+003
45,9,-7.838869e+003
45,10,-7.838874e+003
45,11,-7.838875e+003
45,12,-7.838877e+003
45,13,-7.838879e+003
45,14,-7.838917e+003
45,15,-7.838918e+003
45,16,-7.839071e+003
45,17,-7.839072e+003
45,18,-7.839073e+003
45,19,-7.839075e+003
45,20,-7.839163e+003
45,21,-7.839167e+003
45,22,-7.839168e+003
45,23,-7.839170e+003
45,24,-7.839172e+003
45,25,-7.839176e+003
45,26,-7.839192e+003
45,27,-7.839195e+003
45,28,-7.839201e+003
45,29,-7.839207e+003
45,30,-7.839208e+003
45,31,-7.839217e+003
45,32,-7.839226e+003
45,33,-7.839279e+003
45,34,-7.839287e+003
45,35,-7.839294e+003
45,36,-7.839353e+003
45,37,-7.839407e+003
45,38,-7.839416e+003
45,39,-7.839427e+003
45,40,-7.839427e+003
45,41,-7.839446e+003
45,42,-7.839471e+003
45,43,-7.839528e+003
45,44,-7.839540e+003
45,45,-7.839553e+003
45,46,-7.839656e+003
45,47,-7.839669e+003
45,48,-7.841164e+003
45,49,-7.843686e+003
45,50,-7.844740e+003
45,51,-7.845221e+003
45,52,-7.845994e+003
45,53,-7.846548e+003
45,54,-7.846905e+003
45,55,-7.847137e+003
45,56,-7.847335e+003
45,57,-7.847548e+003
45,58,-7.847662e+003
45,59,-7.847712e+003
45,60,-7.847786e+003
45,61,-7.847831e+003
45,62,-7.847955e+003
45,63,-7.848068e+003
45,64,-7.848088e+003
45,65,-7.848089e+003
45,66,-7.848091e+003
45,67,-7.848094e+003
45,68,-7.848096e+003
45,69,-7.848098e+003
45,70,-7.848100e+003
45,71,-7.848100e+003
46,0,-7.838782e+003
46,1,-7.838782e+003
46,2,-7.838782e+003
46,3,-7.838782e+003
46,4,-7.838782e+003
46,5,-7.838782e+003
46,6,-7.838782e+003
46,7,-7.838782e+003
46,8,-7.838782e+003
46,9,-7.838782e+003
46,10,-7.838782e+003
46,11,-7.838782e+003
47,0,-7.838898e+003
47,1,-7.838898e+003
47,2,-7.838898e+003
47,3,-7.838898e+003
47,4,-7.838898e+003
47,5,-7.838898e+003
47,6,-7.838898e+003
47,7,-7.838898e+003
47,8,-7.838905e+003
47,9,-7.838905e+003
47,10,-7.838905e+003
47,11,-7.838906e+003
47,12,-7.838906e+003
47,13,-7.838906e+003
47,14,-7.838906e+003
47,15,-7.838907e+003
47,16,-7.838907e+003
47,17,-7.838907e+003
47,18,-7.838908e+003
47,19,-7.838908e+003
47,20,-7.838918e+003
47,21,-7.838918e+003
48,0,-7.838289e+003
48,1,-7.838289e+003
48,2,-7.838289e+003
48,3,-7.838290e+003
48,4,-7.838290e+003
48,5,-7.838290e+003
48,6,-7.838291e+003
48,7,-7.838293e+003
48,8,-7.838293e+003
48,9,-7.838293e+003
48,10,-7.838293e+003
48,11,-7.838294e+003
48,12,-7.838348e+003
48,13,-7.838351e+003
48,14,-7.838351e+003
49,0,-7.837073e+003
49,1,-7.837073e+003
49,2,-7.837073e+003
49,3,-7.837073e+003
49,4,-7.837073e+003
49,5,-7.837073e+003
49,6,-7.837073e+003
49,7,-7.837074e+003
49,8,-7.837074e+003
49,9,-7.837075e+003
49,10,-7.837076e+003
49,11,-7.837077e+003
49,12,-7.837078e+003
49,13,-7.837079e+003
49,14,-7.837080e+003
49,15,-7.837081e+003
49,16,-7.837081e+003
50,0,-7.834984e+003
50,1,-7.834984e+003
50,2,-7.834984e+003
50,3,-7.834984e+003
50,4,-7.834984e+003
50,5,-7.834984e+003
50,6,-7.834984e+003
50,7,-7.834984e+003
50,8,-7.834984e+003
50,9,-7.834984e+003
50,10,-7.835901e+003
50,11,-7.836292e+003
50,12,-7.836701e+003
50,13,-7.836979e+003
50,14,-7.837148e+003
50,15,-7.837398e+003
50,16,-7.837652e+003
50,17,-7.837768e+003
50,18,-7.837778e+003
50,19,-7.837919e+003
50,20,-7.838117e+003
50,21,-7.838120e+003
50,22,-7.838212e+003
50,23,-7.838282e+003
50,24,-7.838354e+003
50,25,-7.838414e+003
50,26,-7.838439e+003
50,27,-7.838532e+003
50,28,-7.838534e+003
50,29,-7.838537e+003
50,30,-7.838540e+003
50,31,-7.838544e+003
50,32,-7.838548e+003
50,33,-7.838552e+003
50,34,-7.838556e+003
50,35,-7.838559e+003
50,36,-7.838563e+003
50,37,-7.838566e+003
50,38,-7.838569e+003
50,39,-7.838571e+003
50,40,-7.838574e+003
50,41,-7.838574e+003
51,0,-7.835592e+003
51,1,-7.835592e+003
51,2,-7.835596e+003
51,3,-7.835596e+003
51,4,-7.835596e+003
51,5,-7.835596e+003
51,6,-7.835597e+003
51,7,-7.835597e+003
51,8,-7.835597e+003
51,9,-7.835597e+003
51,10,-7.835597e+003
51,11,-7.835597e+003
52,0,-7.833710e+003
52,1,-7.833710e+003
52,2,-7.833710e+003
52,3,-7.833710e+003
52,4,-7.833710e+003
52,5,-7.833710e+003
52,6,-7.833710e+003
52,7,-7.833710e+003
52,8,-7.833710e+003
52,9,-7.833710e+003
52,10,-7.833710e+003
52,11,-7.833710e+003
53,0,-7.831321e+003
53,1,-7.831321e+003
53,2,-7.831321e+003
53,3,-7.831321e+003
53,4,-7.831321e+003
53,5,-7.831321e+003
53,6,-7.831321e+003
53,7,-7.831321e+003
53,8,-7.831321e+003
53,9,-7.831321e+003
53,10,-7.831326e+003
53,11,-7.831326e+003
53,12,-7.831326e+003
53,13,-7.831327e+003
53,14,-7.831327e+003
53,15,-7.831327e+003
53,16,-7.831328e+003
53,17,-7.831328e+003
53,18,-7.831328e+003
53,19,-7.831328e+003
54,0,-7.828494e+003
54,1,-7.828494e+003
54,2,-7.828494e+003
54,3,-7.828494e+003
54,4,-7.828494e+003
54,5,-7.828494e+003
54,6,-7.828494e+003
54,7,-7.828494e+003
54,8,-7.828494e+003
54,9,-7.828494e+003
54,10,-7.828494e+003
54,11,-7.828494e+003
55,0,-7.825686e+003
55,1,-7.825686e+003
55,2,-7.825686e+003
55,3,-7.825687e+003
55,4,-7.825687e+003
55,5,-7.825688e+003
55,6,-7.825688e+003
55,7,-7.825688e+003
55,8,-7.825689e+003
55,9,-7.825689e+003
55,10,-7.825689e+003
55,11,-7.825690e+003
55,12,-7.826289e+003
55,13,-7.827066e+003
55,14,-7.827258e+003
55,15,-7.827484e+003
55,16,-7.827548e+003
55,17,-7.827700e+003
55,18,-7.827780e+003
55,19,-7.827957e+003
55,20,-7.828013e+003
55,21,-7.828107e+003
55,22,-7.828255e+003
55,23,-7.828332e+003
55,24,-7.828395e+003
55,25,-7.828397e+003
55,26,-7.828400e+003
55,27,-7.828404e+003
55,28,-7.828409e+003
55,29,-7.828413e+003
55,30,-7.828417e+003
55,31,-7.828420e+003
55,32,-7.828420e+003
56,0,-7.826828e+003
56,1,-7.826828e+003
56,2,-7.826828e+003
56,3,-7.826828e+003
56,4,-7.826828e+003
56,5,-7.826828e+003
56,6,-7.826828e+003
56,7,-7.826828e+003
56,8,-7.826828e+003
56,9,-7.826828e+003
56,10,-7.826828e+003
56,11,-7.826828e+003
57,0,-7.825944e+003
57,1,-7.825944e+003
57,2,-7.825944e+003
57,3,-7.825946e+003
57,4,-7.825946e+003
57,5,-7.825946e+003
57,6,-7.825947e+003
57,7,-7.825947e+003
57,8,-7.825947e+003
57,9,-7.825947e+003
57,10,-7.825947e+003
57,11,-7.825947e+003
57,12,-7.825948e+003
57,13,-7.825948e+003
57,14,-7.825948e+003
57,15,-7.825948e+003
57,16,-7.825949e+003
57,17,-7.825949e+003
57,18,-7.825949e+003
57,19,-7.825949e+003
57,20,-7.825950e+003
57,21,-7.825950e+003
57,22,-7.825950e+003
57,23,-7.825951e+003
57,24,-7.825951e+003
57,25,-7.825951e+003
58,0,-7.825648e+003
58,1,-7.825648e+003
58,2,-7.825648e+003
58,3,-7.825648e+003
58,4,-7.825655e+003
58,5,-7.825655e+003
58,6,-7.825655e+003
58,7,-7.825656e+003
58,8,-7.825656e+003
58,9,-7.825656e+003
58,10,-7.825657e+003
58,11,-7.825657e+003
58,12,-7.825657e+003
59,0,-7.826144e+003
59,1,-7.826144e+003
59,2,-7.826144e+003
59,3,-7.826144e+003
59,4,-7.826144e+003
59,5,-7.826144e+003
59,6,-7.826146e+003
59,7,-7.826146e+003
59,8,-7.826146e+003
59,9,-7.826146e+003
59,10,-7.826146e+003
59,11,-7.826151e+003
59,12,-7.826161e+003
59,13,-7.826161e+003
60,0,-7.827357e+003
60,1,-7.827357e+003
60,2,-7.827357e+003
60,3,-7.827357e+003
60,4,-7.827357e+003
60,5,-7.827358e+003
60,6,-7.827359e+003
60,7,-7.827359e+003
60,8,-7.827359e+003
60,9,-7.827360e+003
60,10,-7.827360e+003
60,11,-7.827360e+003
60,12,-7.827360e+003
60,13,-7.827361e+003
60,14,-7.827738e+003
60,15,-7.827926e+003
60,16,-7.828078e+003
60,17,-7.828321e+003
60,18,-7.828791e+003
60,19,-7.829671e+003
60,20,-7.830604e+003
60,21,-7.831542e+003
60,22,-7.832425e+003
60,23,-7.833452e+003
60,24,-7.834160e+003
60,25,-7.834794e+003
60,26,-7.835420e+003
60,27,-7.836027e+003
60,28,-7.836657e+003
60,29,-7.837449e+003
60,30,-7.838440e+003
60,31,-7.839552e+003
60,32,-7.840235e+003
60,33,-7.841174e+003
60,34,-7.842174e+003
60,35,-7.842930e+003
60,36,-7.843412e+003
60,37,-7.843947e+003
60,38,-7.844388e+003
60,39,-7.844906e+003
60,40,-7.845381e+003
60,41,-7.845726e+003
60,42,-7.845981e+003
60,43,-7.846253e+003
60,44,-7.846332e+003
60,45,-7.846508e+003
60,46,-7.846791e+003
60,47,-7.847029e+003
60,48,-7.847301e+003
60,49,-7.847496e+003
60,50,-7.847640e+003
60,51,-7.847752e+003
60,52,-7.847763e+003
60,53,-7.847850e+003
60,54,-7.848071e+003
60,55,-7.848182e+003
60,56,-7.848296e+003
60,57,-7.848410e+003
60,58,-7.848412e+003
60,59,-7.848475e+003
60,60,-7.848532e+003
60,61,-7.848636e+003
60,62,-7.848638e+003
60,63,-7.848711e+003
60,64,-7.848722e+003
60,65,-7.848764e+003
60,66,-7.848810e+003
60,67,-7.848811e+003
60,68,-7.848958e+003
60,69,-7.848989e+003
60,70,-7.848990e+003
60,71,-7.849036e+003
60,72,-7.849120e+003
60,73,-7.849124e+003
60,74,-7.849166e+003
60,75,-7.849202e+003
60,76,-7.849233e+003
60,77,-7.849260e+003
60,78,-7.849261e+003
60,79,-7.849292e+003
60,80,-7.849315e+003
60,81,-7.849342e+003
60,82,-7.849420e+003
60,83,-7.849452e+003
60,84,-7.849453e+003
60,85,-7.849481e+003
60,86,-7.849507e+003
60,87,-7.849582e+003
60,88,-7.849616e+003
60,89,-7.849697e+003
60,90,-7.849700e+003
60,91,-7.849749e+003
60,92,-7.849750e+003
60,93,-7.849871e+003
60,94,-7.849908e+003
60,95,-7.849956e+003
60,96,-7.850010e+003
60,97,-7.850117e+003
60,98,-7.850167e+003
60,99,-7.850216e+003
60,100,-7.850262e+003
60,101,-7.850263e+003
60,102,-7.850329e+003
60,103,-7.850361e+003
60,104,-7.850440e+003
60,105,-7.850450e+003
60,106,-7.850490e+003
60,107,-7.850564e+003
60,108,-7.850588e+003
60,109,-7.850665e+003
60,110,-7.850702e+003
60,111,-7.850744e+003
60,112,-7.850745e+003
60,113,-7.850786e+003
60,114,-7.850886e+003
60,115,-7.850957e+003
60,116,-7.850996e+003
60,117,-7.851152e+003
60,118,-7.851303e+003
60,119,-7.851327e+003
60,120,-7.851505e+003
60,121,-7.851613e+003
60,122,-7.851761e+003
60,123,-7.851828e+003
60,124,-7.851847e+003
60,125,-7.851938e+003
60,126,-7.852018e+003
60,127,-7.852054e+003
60,128,-7.852088e+003
60,129,-7.852122e+003
60,130,-7.852123e+003
60,131,-7.852126e+003
60,132,-7.852129e+003
60,133,-7.852131e+003
60,134,-7.852134e+003
60,135,-7.852147e+003
60,136,-7.852147e+003
60,137,-7.852148e+003
60,138,-7.852150e+003
60,139,-7.852152e+003
60,140,-7.852153e+003
60,141,-7.852155e+003
60,142,-7.852157e+003
60,143,-7.852159e+003
60,144,-7.852206e+003
60,145,-7.852208e+003
60,146,-7.852208e+003
60,147,-7.852209e+003
60,148,-7.852210e+003
60,149,-7.852212e+003
60,150,-7.852212e+003
61,0,-7.843273e+003
61,1,-7.843274e+003
61,2,-7.843276e+003
61,3,-7.843277e+003
61,4,-7.843278e+003
61,5,-7.843279e+003
61,6,-7.843281e+003
61,7,-7.843282e+003
61,8,-7.843283e+003
61,9,-7.843284e+003
61,10,-7.843285e+003
61,11,-7.843285e+003
62,0,-7.843835e+003
62,1,-7.843846e+003
62,2,-7.843847e+003
62,3,-7.843848e+003
62,4,-7.843849e+003
62,5,-7.843851e+003
62,6,-7.843865e+003
62,7,-7.843868e+003
62,8,-7.843871e+003
62,9,-7.843871e+003
62,10,-7.843872e+003
62,11,-7.843878e+003
62,12,-7.843880e+003
62,13,-7.843881e+003
62,14,-7.843882e+003
62,15,-7.843917e+003
62,16,-7.843918e+003
62,17,-7.843918e+003
62,18,-7.843920e+003
62,19,-7.843945e+003
62,20,-7.843950e+003
62,21,-7.843955e+003
62,22,-7.844047e+003
62,23,-7.844047e+003
62,24,-7.844052e+003
62,25,-7.844058e+003
62,26,-7.844058e+003
62,27,-7.844059e+003
62,28,-7.844071e+003
62,29,-7.844081e+003
62,30,-7.844087e+003
62,31,-7.844087e+003
62,32,-7.844088e+003
62,33,-7.844140e+003
62,34,-7.844141e+003
62,35,-7.844147e+003
62,36,-7.844148e+003
62,37,-7.844150e+003
62,38,-7.844152e+003
62,39,-7.844166e+003
62,40,-7.844172e+003
62,41,-7.844172e+003
62,42,-7.844172e+003
62,43,-7.844174e+003
62,44,-7.844175e+003
62,45,-7.844203e+003
62,46,-7.844208e+003
62,47,-7.844223e+003
62,48,-7.844228e+003
62,49,-7.844233e+003
62,50,-7.844238e+003
62,51,-7.846382e+003
62,52,-7.847826e+003
62,53,-7.848978e+003
62,54,-7.849985e+003
62,55,-7.850479e+003
62,56,-7.850967e+003
62,57,-7.851645e+003
62,58,-7.851948e+003
62,59,-7.852292e+003
62,60,-7.852581e+003
62,61,-7.852806e+003
62,62,-7.853001e+003
62,63,-7.853159e+003
62,64,-7.853214e+003
62,65,-7.853297e+003
62,66,-7.853324e+003
62,67,-7.853326e+003
62,68,-7.853350e+003
62,69,-7.853350e+003
63,0,-7.846158e+003
63,1,-7.846267e+003
63,2,-7.846285e+003
63,3,-7.846287e+003
63,4,-7.846375e+003
63,5,-7.846457e+003
63,6,-7.846498e+003
63,7,-7.846500e+003
63,8,-7.846646e+003
63,9,-7.846734e+003
63,10,-7.846806e+003
63,11,-7.846895e+003
63,12,-7.846926e+003
63,13,-7.846978e+003
63,14,-7.846982e+003
63,15,-7.847020e+003
63,16,-7.847112e+003
63,17,-7.847159e+003
63,18,-7.847253e+003
63,19,-7.847296e+003
63,20,-7.847337e+003
63,21,-7.847422e+003
63,22,-7.847505e+003
63,23,-7.847612e+003
63,24,-7.847613e+003
63,25,-7.847708e+003
63,26,-7.847711e+003
63,27,-7.847712e+003
63,28,-7.847798e+003
63,29,-7.847837e+003
63,30,-7.847906e+003
63,31,-7.847907e+003
63,32,-7.848002e+003
63,33,-7.848004e+003
63,34,-7.848075e+003
63,35,-7.848125e+003
63,36,-7.848172e+003
63,37,-7.848286e+003
63,38,-7.848338e+003
63,39,-7.848369e+003
63,40,-7.848370e+003
63,41,-7.848475e+003
63,42,-7.848510e+003
63,43,-7.848512e+003
63,44,-7.848539e+003
63,45,-7.848656e+003
63,46,-7.848656e+003
63,47,-7.848658e+003
63,48,-7.848745e+003
63,49,-7.848752e+003
63,50,-7.848780e+003
63,51,-7.848787e+003
63,52,-7.848852e+003
63,53,-7.848902e+003
63,54,-7.848911e+003
63,55,-7.848912e+003
63,56,-7.848958e+003
63,57,-7.848981e+003
63,58,-7.849005e+003
63,59,-7.849028e+003
63,60,-7.849042e+003
63,61,-7.849066e+003
63,62,-7.849067e+003
63,63,-7.849067e+003
64,0,-7.843627e+003
64,1,-7.843628e+003
64,2,-7.843714e+003
64,3,-7.843725e+003
64,4,-7.843727e+003
64,5,-7.843761e+003
64,6,-7.843792e+003
64,7,-7.843824e+003
64,8,-7.843979e+003
64,9,-7.844013e+003
64,10,-7.844016e+003
64,11,-7.844098e+003
64,12,-7.844107e+003
64,13,-7.844214e+003
64,14,-7.844227e+003
64,15,-7.844229e+003
64,16,-7.844260e+003
64,17,-7.848141e+003
64,18,-7.849659e+003
64,19,-7.850898e+003
64,20,-7.851526e+003
64,21,-7.852045e+003
64,22,-7.852741e+003
64,23,-7.853170e+003
64,24,-7.853353e+003
64,25,-7.853504e+003
64,26,-7.853812e+003
64,27,-7.853963e+003
64,28,-7.854159e+003
64,29,-7.854268e+003
64,30,-7.854402e+003
64,31,-7.854481e+003
64,32,-7.854654e+003
64,33,-7.854726e+003
64,34,-7.854765e+003
64,35,-7.854813e+003
64,36,-7.854845e+003
64,37,-7.854917e+003
64,38,-7.854919e+003
64,39,-7.854934e+003
64,40,-7.854935e+003
64,41,-7.854937e+003
64,42,-7.854943e+003
64,43,-7.854944e+003
64,44,-7.854946e+003
64,45,-7.854946e+003
65,0,-7.847267e+003
65,1,-7.847267e+003
65,2,-7.847269e+003
65,3,-7.847269e+003
65,4,-7.847269e+003
65,5,-7.847270e+003
65,6,-7.847271e+003
65,7,-7.847271e+003
65,8,-7.847271e+003
65,9,-7.847277e+003
65,10,-7.847278e+003
65,11,-7.847278e+003
65,12,-7.847279e+003
65,13,-7.847279e+003
66,0,-7.847534e+003
66,1,-7.847534e+003
66,2,-7.847534e+003
66,3,-7.847534e+003
66,4,-7.847536e+003
66,5,-7.847537e+003
66,6,-7.847538e+003
66,7,-7.847539e+003
66,8,-7.847541e+003
66,9,-7.847542e+003
66,10,-7.847543e+003
66,11,-7.847544e+003
66,12,-7.847544e+003
66,13,-7.847555e+003
66,14,-7.847557e+003
66,15,-7.847557e+003
66,16,-7.847558e+003
66,17,-7.847558e+003
67,0,-7.847131e+003
67,1,-7.847137e+003
67,2,-7.847137e+003
67,3,-7.847138e+003
67,4,-7.847138e+003
67,5,-7.847140e+003
67,6,-7.847140e+003
67,7,-7.847140e+003
67,8,-7.847140e+003
67,9,-7.847140e+003
67,10,-7.847140e+003
67,11,-7.847140e+003
68,0,-7.846785e+003
68,1,-7.846786e+003
68,2,-7.846788e+003
68,3,-7.846789e+003
68,4,-7.846791e+003
68,5,-7.846835e+003
68,6,-7.846835e+003
68,7,-7.846836e+003
68,8,-7.846837e+003
68,9,-7.846839e+003
68,10,-7.846840e+003
68,11,-7.846840e+003
69,0,-7.845487e+003
69,1,-7.845489e+003
69,2,-7.845490e+003
69,3,-7.845492e+003
69,4,-7.845492e+003
69,5,-7.845493e+003
69,6,-7.845494e+003
69,7,-7.845516e+003
69,8,-7.845563e+003
69,9,-7.845565e+003
69,10,-7.845571e+003
69,11,-7.845571e+003
70,0,-7.843753e+003
70,1,-7.843753e+003
70,2,-7.843753e+003
70,3,-7.845217e+003
70,4,-7.847437e+003
70,5,-7.848241e+003
70,6,-7.849748e+003
70,7,-7.850910e+003
70,8,-7.852410e+003
70,9,-7.853124e+003
70,10,-7.853741e+003
70,11,-7.854199e+003
70,12,-7.854653e+003
70,13,-7.854972e+003
70,14,-7.855219e+003
70,15,-7.855380e+003
70,16,-7.855509e+003
70,17,-7.855627e+003
70,18,-7.855780e+003
70,19,-7.855940e+003
70,20,-7.856102e+003
70,21,-7.856192e+003
70,22,-7.856302e+003
70,23,-7.856395e+003
70,24,-7.856406e+003
70,25,-7.856469e+003
70,26,-7.856522e+003
70,27,-7.856565e+003
70,28,-7.856566e+003
70,29,-7.856593e+003
70,30,-7.856593e+003
71,0,-7.847150e+003
71,1,-7.847194e+003
71,2,-7.847195e+003
71,3,-7.847230e+003
71,4,-7.847265e+003
71,5,-7.847336e+003
71,6,-7.847366e+003
71,7,-7.847398e+003
71,8,-7.847400e+003
71,9,-7.847539e+003
71,10,-7.847587e+003
71,11,-7.847680e+003
71,12,-7.847719e+003
71,13,-7.847720e+003
71,14,-7.847861e+003
71,15,-7.847900e+003
71,16,-7.847908e+003
71,17,-7.847947e+003
71,18,-7.847947e+003
72,0,-7.841481e+003
72,1,-7.841514e+003
72,2,-7.841646e+003
72,3,-7.841647e+003
72,4,-7.841700e+003
72,5,-7.841749e+003
72,6,-7.841847e+003
72,7,-7.841893e+003
72,8,-7.841925e+003
72,9,-7.842134e+003
72,10,-7.842192e+003
72,11,-7.842262e+003
72,12,-7.842417e+003
72,13,-7.842497e+003
72,14,-7.842581e+003
72,15,-7.842700e+003
72,16,-7.842701e+003
72,17,-7.842905e+003
72,18,-7.843010e+003
72,19,-7.843079e+003
72,20,-7.843190e+003
72,21,-7.843281e+003
72,22,-7.843302e+003
72,23,-7.843324e+003
72,24,-7.843466e+003
72,25,-7.843534e+003
72,26,-7.843604e+003
72,27,-7.843685e+003
72,28,-7.843758e+003
72,29,-7.843843e+003
72,30,-7.843963e+003
72,31,-7.843964e+003
72,32,-7.844156e+003
72,33,-7.844323e+003
72,34,-7.844394e+003
72,35,-7.844473e+003
72,36,-7.844544e+003
72,37,-7.844650e+003
72,38,-7.844709e+003
72,39,-7.844731e+003
72,40,-7.844831e+003
72,41,-7.844895e+003
72,42,-7.844903e+003
72,43,-7.845000e+003
72,44,-7.845153e+003
72,45,-7.845206e+003
72,46,-7.845213e+003
72,47,-7.845265e+003
72,48,-7.845316e+003
72,49,-7.845332e+003
72,50,-7.845390e+003
72,51,-7.845391e+003
72,52,-7.845515e+003
72,53,-7.847963e+003
72,54,-7.849376e+003
72,55,-7.850519e+003
72,56,-7.850969e+003
72,57,-7.851871e+003
72,58,-7.852617e+003
72,59,-7.853271e+003
72,60,-7.853677e+003
72,61,-7.853810e+003
72,62,-7.854046e+003
72,63,-7.854385e+003
72,64,-7.854553e+003
72,65,-7.854749e+003
72,66,-7.854979e+003
72,67,-7.855175e+003
72,68,-7.855320e+003
72,69,-7.855534e+003
72,70,-7.855701e+003
72,71,-7.855871e+003
72,72,-7.855972e+003
72,73,-7.856109e+003
72,74,-7.856111e+003
72,75,-7.856241e+003
72,76,-7.856243e+003
72,77,-7.856243e+003
73,0,-7.844258e+003
73,1,-7.844258e+003
73,2,-7.844277e+003
73,3,-7.844279e+003
73,4,-7.844283e+003
73,5,-7.844339e+003
73,6,-7.844360e+003
73,7,-7.844362e+003
73,8,-7.844365e+003
73,9,-7.844480e+003
73,10,-7.844518e+003
73,11,-7.844559e+003
73,12,-7.844561e+003
73,13,-7.844607e+003
73,14,-7.844609e+003
73,15,-7.844664e+003
73,16,-7.844671e+003
73,17,-7.844785e+003
73,18,-7.844829e+003
73,19,-7.844852e+003
73,20,-7.844908e+003
73,21,-7.844951e+003
73,22,-7.844997e+003
73,23,-7.845042e+003
73,24,-7.845272e+003
73,25,-7.845322e+003
73,26,-7.845370e+003
73,27,-7.845415e+003
73,28,-7.845515e+003
73,29,-7.845541e+003
73,30,-7.845581e+003
73,31,-7.845615e+003
73,32,-7.845654e+003
73,33,-7.845682e+003
73,34,-7.845682e+003
74,0,-7.842308e+003
74,1,-7.842340e+003
74,2,-7.842378e+003
74,3,-7.842415e+003
74,4,-7.842417e+003
74,5,-7.842475e+003
74,6,-7.842478e+003
74,7,-7.842512e+003
74,8,-7.842555e+003
74,9,-7.842556e+003
74,10,-7.842593e+003
74,11,-7.842596e+003
74,12,-7.842717e+003
74,13,-7.842798e+003
74,14,-7.842882e+003
74,15,-7.842882e+003
75,0,-7.839810e+003
75,1,-7.839895e+003
75,2,-7.839943e+003
75,3,-7.840023e+003
75,4,-7.840116e+003
75,5,-7.840201e+003
75,6,-7.840201e+003
75,7,-7.840385e+003
75,8,-7.840387e+003
75,9,-7.840437e+003
75,10,-7.840483e+003
75,11,-7.840572e+003
75,12,-7.840616e+003
75,13,-7.840617e+003
75,14,-7.840861e+003
75,15,-7.840922e+003
75,16,-7.840963e+003
75,17,-7.841018e+003
75,18,-7.841061e+003
75,19,-7.841240e+003
75,20,-7.841331e+003
75,21,-7.841332e+003
75,22,-7.841423e+003
75,23,-7.841529e+003
75,24,-7.843002e+003
75,25,-7.845164e+003
75,26,-7.846806e+003
75,27,-7.848258e+003
75,28,-7.849187e+003
75,29,-7.850228e+003
75,30,-7.851182e+003
75,31,-7.852079e+003
75,32,-7.852512e+003
75,33,-7.852912e+003
75,34,-7.853222e+003
75,35,-7.853438e+003
75,36,-7.853710e+003
75,37,-7.854102e+003
75,38,-7.854260e+003
75,39,-7.854622e+003
75,40,-7.854837e+003
75,41,-7.855100e+003
75,42,-7.855349e+003
75,43,-7.855633e+003
75,44,-7.855746e+003
75,45,-7.856068e+003
75,46,-7.856269e+003
75,47,-7.856531e+003
75,48,-7.856594e+003
75,49,-7.856604e+003
75,50,-7.856753e+003
75,51,-7.856792e+003
75,52,-7.856814e+003
75,53,-7.856816e+003
75,54,-7.856818e+003
75,55,-7.856828e+003
75,56,-7.856829e+003
75,57,-7.856829e+003
76,0,-7.843695e+003
76,1,-7.843702e+003
76,2,-7.843704e+003
76,3,-7.843715e+003
76,4,-7.843719e+003
76,5,-7.843723e+003
76,6,-7.843723e+003
76,7,-7.843723e+003
76,8,-7.843723e+003
76,9,-7.843758e+003
76,10,-7.843795e+003
76,11,-7.843795e+003
77,0,-7.841708e+003
77,1,-7.841714e+003
77,2,-7.841720e+003
77,3,-7.841726e+003
77,4,-7.841732e+003
77,5,-7.841738e+003
77,6,-7.841744e+003
77,7,-7.841751e+003
77,8,-7.841752e+003
77,9,-7.841792e+003
77,10,-7.841799e+003
77,11,-7.841806e+003
77,12,-7.841806e+003
78,0,-7.839743e+003
78,1,-7.839750e+003
78,2,-7.839758e+003
78,3,-7.839765e+003
78,4,-7.839831e+003
78,5,-7.839832e+003
78,6,-7.839833e+003
78,7,-7.839835e+003
78,8,-7.839838e+003
78,9,-7.839869e+003
78,10,-7.839874e+003
78,11,-7.839874e+003
79,0,-7.836778e+003
79,1,-7.836844e+003
79,2,-7.836844e+003
79,3,-7.836844e+003
79,4,-7.836844e+003
79,5,-7.836880e+003
79,6,-7.836930e+003
79,7,-7.836938e+003
79,8,-7.836947e+003
79,9,-7.836956e+003
79,10,-7.836965e+003
79,11,-7.836974e+003
79,12,-7.836984e+003
79,13,-7.836985e+003
79,14,-7.837011e+003
79,15,-7.837012e+003
79,16,-7.837049e+003
79,17,-7.837059e+003
79,18,-7.837070e+003
79,19,-7.837070e+003
80,0,-7.833041e+003
80,1,-7.833050e+003
80,2,-7.833060e+003
80,3,-7.833069e+003
80,4,-7.833124e+003
80,5,-7.833135e+003
80,6,-7.833145e+003
80,7,-7.833156e+003
80,8,-7.833177e+003
80,9,-7.839810e+003
80,10,-7.844503e+003
80,11,-7.846340e+003
80,12,-7.847801e+003
80,13,-7.849754e+003
80,14,-7.851158e+003
80,15,-7.852457e+003
80,16,-7.853238e+003
80,17,-7.853641e+003
80,18,-7.853959e+003
80,19,-7.854165e+003
80,20,-7.854336e+003
80,21,-7.854517e+003
80,22,-7.854821e+003
80,23,-7.855101e+003
80,24,-7.855299e+003
80,25,-7.855444e+003
80,26,-7.855617e+003
80,27,-7.855728e+003
80,28,-7.855836e+003
80,29,-7.855984e+003
80,30,-7.856126e+003
80,31,-7.856345e+003
80,32,-7.856380e+003
80,33,-7.856464e+003
80,34,-7.856465e+003
80,35,-7.856468e+003
80,36,-7.856471e+003
80,37,-7.856474e+003
80,38,-7.856477e+003
80,39,-7.856480e+003
80,40,-7.856482e+003
80,41,-7.856482e+003
81,0,-7.845605e+003
81,1,-7.845606e+003
81,2,-7.845608e+003
81,3,-7.845610e+003
81,4,-7.845612e+003
81,5,-7.845612e+003
81,6,-7.845612e+003
81,7,-7.845612e+003
81,8,-7.845612e+003
81,9,-7.845612e+003
81,10,-7.845615e+003
81,11,-7.845615e+003
81,12,-7.845615e+003
81,13,-7.845616e+003
81,14,-7.845616e+003
81,15,-7.845617e+003
81,16,-7.845617e+003
81,17,-7.845617e+003
81,18,-7.845618e+003
81,19,-7.845618e+003
81,20,-7.845619e+003
81,21,-7.845619e+003
81,22,-7.845620e+003
81,23,-7.845620e+003
81,24,-7.845621e+003
81,25,-7.845621e+003
81,26,-7.845622e+003
81,27,-7.845623e+003
81,28,-7.845623e+003
81,29,-7.845624e+003
81,30,-7.845625e+003
81,31,-7.845625e+003
81,32,-7.845626e+003
81,33,-7.845627e+003
81,34,-7.845627e+003
82,0,-7.844978e+003
82,1,-7.844978e+003
82,2,-7.844978e+003
82,3,-7.844978e+003
82,4,-7.844978e+003
82,5,-7.844990e+003
82,6,-7.844990e+003
82,7,-7.844991e+003
82,8,-7.844992e+003
82,9,-7.844993e+003
82,10,-7.844994e+003
82,11,-7.844995e+003
82,12,-7.844996e+003
82,13,-7.845042e+003
82,14,-7.845043e+003
82,15,-7.845044e+003
82,16,-7.845045e+003
82,17,-7.845046e+003
82,18,-7.845047e+003
82,19,-7.845048e+003
82,20,-7.845050e+003
82,21,-7.845051e+003
82,22,-7.845052e+003
82,23,-7.845063e+003
82,24,-7.845065e+003
82,25,-7.845066e+003
82,26,-7.845067e+003
82,27,-7.845068e+003
82,28,-7.845070e+003
82,29,-7.845116e+003
82,30,-7.845117e+003
82,31,-7.845118e+003
82,32,-7.847525e+003
82,33,-7.848419e+003
82,34,-7.849275e+003
82,35,-7.850353e+003
82,36,-7.851596e+003
82,37,-7.852754e+003
82,38,-7.853526e+003
82,39,-7.854064e+003
82,40,-7.854523e+003
82,41,-7.854845e+003
82,42,-7.855034e+003
82,43,-7.855267e+003
82,44,-7.855529e+003
82,45,-7.855558e+003
82,46,-7.855745e+003
82,47,-7.855851e+003
82,48,-7.855948e+003
82,49,-7.856035e+003
82,50,-7.856046e+003
82,51,-7.856090e+003
82,52,-7.856179e+003
82,53,-7.856222e+003
82,54,-7.856258e+003
82,55,-7.856289e+003
82,56,-7.856319e+003
82,57,-7.856342e+003
82,58,-7.856376e+003
82,59,-7.856392e+003
82,60,-7.856394e+003
82,61,-7.856407e+003
82,62,-7.856407e+003
83,0,-7.847200e+003
83,1,-7.847234e+003
83,2,-7.847240e+003
83,3,-7.847247e+003
83,4,-7.847312e+003
83,5,-7.847312e+003
83,6,-7.847312e+003
83,7,-7.847315e+003
83,8,-7.847325e+003
83,9,-7.847339e+003
83,10,-7.847339e+003
83,11,-7.847339e+003
84,0,-7.843547e+003
84,1,-7.843548e+003
84,2,-7.843559e+003
84,3,-7.843572e+003
84,4,-7.843585e+003
84,5,-7.843586e+003
84,6,-7.843597e+003
84,7,-7.843612e+003
84,8,-7.843628e+003
84,9,-7.843629e+003
84,10,-7.843662e+003
84,11,-7.843663e+003
84,12,-7.843740e+003
84,13,-7.843760e+003
84,14,-7.843781e+003
84,15,-7.843803e+003
84,16,-7.843826e+003
84,17,-7.843850e+003
84,18,-7.843897e+003
84,19,-7.843923e+003
84,20,-7.843939e+003
84,21,-7.843966e+003
84,22,-7.843990e+003
84,23,-7.844043e+003
84,24,-7.844093e+003
84,25,-7.844152e+003
84,26,-7.844155e+003
84,27,-7.844226e+003
84,28,-7.844261e+003
84,29,-7.844293e+003
84,30,-7.844326e+003
84,31,-7.844327e+003
84,32,-7.844413e+003
84,33,-7.844505e+003
84,34,-7.844630e+003
84,35,-7.844710e+003
84,36,-7.844722e+003
84,37,-7.844769e+003
84,38,-7.844848e+003
84,39,-7.844953e+003
84,40,-7.845045e+003
84,41,-7.845103e+003
84,42,-7.845104e+003
84,43,-7.845121e+003
84,44,-7.845156e+003
84,45,-7.845237e+003
84,46,-7.845271e+003
84,47,-7.845306e+003
84,48,-7.845306e+003
84,49,-7.845380e+003
84,50,-7.845461e+003
84,51,-7.845493e+003
84,52,-7.845582e+003
84,53,-7.845623e+003
84,54,-7.845623e+003
85,0,-7.840184e+003
85,1,-7.840260e+003
85,2,-7.844747e+003
85,3,-7.846827e+003
85,4,-7.848507e+003
85,5,-7.849628e+003
85,6,-7.851089e+003
85,7,-7.851931e+003
85,8,-7.852586e+003
85,9,-7.853046e+003
85,10,-7.853438e+003
85,11,-7.854074e+003
85,12,-7.854427e+003
85,13,-7.854778e+003
85,14,-7.855115e+003
85,15,-7.855390e+003
85,16,-7.855776e+003
85,17,-7.856077e+003
85,18,-7.856213e+003
85,19,-7.856254e+003
85,20,-7.856257e+003
85,21,-7.856277e+003
85,22,-7.856279e+003
85,23,-7.856301e+003
85,24,-7.856351e+003
85,25,-7.856398e+003
85,26,-7.856401e+003
85,27,-7.856451e+003
85,28,-7.856452e+003
85,29,-7.856452e+003
86,0,-7.845773e+003
86,1,-7.845789e+003
86,2,-7.845843e+003
86,3,-7.845848e+003
86,4,-7.845949e+003
86,5,-7.845960e+003
86,6,-7.846005e+003
86,7,-7.846005e+003
86,8,-7.846005e+003
86,9,-7.846030e+003
86,10,-7.846030e+003
86,11,-7.846030e+003
87,0,-7.842404e+003
87,1,-7.842422e+003
87,2,-7.842431e+003
87,3,-7.842451e+003
87,4,-7.842473e+003
87,5,-7.842474e+003
87,6,-7.842476e+003
87,7,-7.842538e+003
87,8,-7.842540e+003
87,9,-7.842554e+003
87,10,-7.842580e+003
87,11,-7.842607e+003
87,12,-7.842608e+003
87,13,-7.842636e+003
87,14,-7.842745e+003
87,15,-7.842746e+003
87,16,-7.842833e+003
87,17,-7.842863e+003
87,18,-7.842892e+003
87,19,-7.842893e+003
87,20,-7.842904e+003
87,21,-7.842995e+003
87,22,-7.842996e+003
87,23,-7.843033e+003
87,24,-7.843058e+003
87,25,-7.843083e+003
87,26,-7.843106e+003
87,27,-7.843124e+003
87,28,-7.843146e+003
87,29,-7.843166e+003
87,30,-7.843177e+003
87,31,-7.843180e+003
87,32,-7.843197e+003
87,33,-7.843214e+003
87,34,-7.843229e+003
87,35,-7.843230e+003
87,36,-7.843241e+003
87,37,-7.843254e+003
87,38,-7.843268e+003
87,39,-7.843281e+003
87,40,-7.843294e+003
87,41,-7.843352e+003
87,42,-7.843365e+003
87,43,-7.843378e+003
87,44,-7.843391e+003
87,45,-7.843403e+003
87,46,-7.843416e+003
87,47,-7.843426e+003
87,48,-7.843443e+003
87,49,-7.843456e+003
87,50,-7.843468e+003
87,51,-7.843471e+003
87,52,-7.843484e+003
87,53,-7.843542e+003
87,54,-7.843589e+003
87,55,-7.843602e+003
87,56,-7.843603e+003
87,57,-7.843608e+003
87,58,-7.843609e+003
87,59,-7.843614e+003
87,60,-7.846144e+003
87,61,-7.847741e+003
87,62,-7.849600e+003
87,63,-7.852214e+003
87,64,-7.853009e+003
87,65,-7.853580e+003
87,66,-7.854087e+003
87,67,-7.854562e+003
87,68,-7.854926e+003
87,69,-7.855081e+003
87,70,-7.855176e+003
87,71,-7.855317e+003
87,72,-7.855352e+003
87,73,-7.855355e+003
87,74,-7.855359e+003
87,75,-7.855364e+003
87,76,-7.855391e+003
87,77,-7.855392e+003
87,78,-7.855394e+003
87,79,-7.855394e+003
88,0,-7.844899e+003
88,1,-7.844949e+003
88,2,-7.844955e+003
88,3,-7.844960e+003
88,4,-7.844967e+003
88,5,-7.844974e+003
88,6,-7.844982e+003
88,7,-7.844990e+003
88,8,-7.845000e+003
88,9,-7.845009e+003
88,10,-7.845078e+003
88,11,-7.845157e+003
88,12,-7.845168e+003
88,13,-7.845225e+003
88,14,-7.845236e+003
88,15,-7.845338e+003
88,16,-7.845350e+003
88,17,-7.845407e+003
88,18,-7.845465e+003
88,19,-7.845477e+003
88,20,-7.845478e+003
88,21,-7.845481e+003
88,22,-7.845499e+003
88,23,-7.845512e+003
88,24,-7.845525e+003
88,25,-7.845539e+003
88,26,-7.845554e+003
88,27,-7.845569e+003
88,28,-7.845585e+003
88,29,-7.845585e+003
88,30,-7.845601e+003
88,31,-7.845633e+003
88,32,-7.845650e+003
88,33,-7.845676e+003
88,34,-7.845678e+003
88,35,-7.845722e+003
88,36,-7.845740e+003
88,37,-7.845747e+003
88,38,-7.845810e+003
88,39,-7.845828e+003
88,40,-7.845904e+003
88,41,-7.845952e+003
88,42,-7.845972e+003
88,43,-7.846035e+003
88,44,-7.846037e+003
88,45,-7.846039e+003
88,46,-7.846100e+003
88,47,-7.846177e+003
88,48,-7.846196e+003
88,49,-7.846197e+003
88,50,-7.846199e+003
88,51,-7.846251e+003
88,52,-7.846272e+003
88,53,-7.846293e+003
88,54,-7.846314e+003
88,55,-7.846335e+003
88,56,-7.846415e+003
88,57,-7.846436e+003
88,58,-7.846451e+003
88,59,-7.846543e+003
88,60,-7.846562e+003
88,61,-7.846563e+003
88,62,-7.846564e+003
88,63,-7.846578e+003
88,64,-7.846612e+003
88,65,-7.846674e+003
88,66,-7.846691e+003
88,67,-7.846753e+003
88,68,-7.846815e+003
88,69,-7.846877e+003
88,70,-7.846949e+003
88,71,-7.846957e+003
88,72,-7.846975e+003
88,73,-7.846993e+003
88,74,-7.847056e+003
88,75,-7.847075e+003
88,76,-7.847138e+003
88,77,-7.847156e+003
88,78,-7.847263e+003
88,79,-7.847280e+003
88,80,-7.849069e+003
88,81,-7.850654e+003
88,82,-7.852040e+003
88,83,-7.853000e+003
88,84,-7.854396e+003
88,85,-7.854971e+003
88,86,-7.855265e+003
88,87,-7.855403e+003
88,88,-7.855648e+003
88,89,-7.855795e+003
88,90,-7.855883e+003
88,91,-7.855971e+003
88,92,-7.856114e+003
88,93,-7.856151e+003
88,94,-7.856230e+003
88,95,-7.856262e+003
88,96,-7.856313e+003
88,97,-7.856315e+003
88,98,-7.856318e+003
88,99,-7.856322e+003
88,100,-7.856325e+003
88,101,-7.856329e+003
88,102,-7.856329e+003
89,0,-7.842299e+003
89,1,-7.842299e+003
89,2,-7.842299e+003
89,3,-7.842299e+003
89,4,-7.842299e+003
89,5,-7.842299e+003
89,6,-7.842299e+003
89,7,-7.842299e+003
89,8,-7.842313e+003
89,9,-7.842314e+003
89,10,-7.842315e+003
89,11,-7.842316e+003
89,12,-7.842317e+003
89,13,-7.842318e+003
89,14,-7.842319e+003
89,15,-7.842321e+003
89,16,-7.842322e+003
89,17,-7.842324e+003
89,18,-7.842324e+003
89,19,-7.842325e+003
89,20,-7.842326e+003
89,21,-7.842328e+003
89,22,-7.842351e+003
89,23,-7.842351e+003
90,0,-7.841113e+003
90,1,-7.841115e+003
90,2,-7.841117e+003
90,3,-7.841120e+003
90,4,-7.841122e+003
90,5,-7.841125e+003
90,6,-7.841125e+003
90,7,-7.841126e+003
90,8,-7.841128e+003
90,9,-7.841131e+003
90,10,-7.841138e+003
90,11,-7.841142e+003
90,12,-7.841145e+003
90,13,-7.841149e+003
90,14,-7.841152e+003
90,15,-7.841156e+003
90,16,-7.841163e+003
90,17,-7.841163e+003
91,0,-7.839059e+003
91,1,-7.839060e+003
91,2,-7.839064e+003
91,3,-7.839069e+003
91,4,-7.839073e+003
91,5,-7.839078e+003
91,6,-7.839078e+003
91,7,-7.839080e+003
91,8,-7.839081e+003
91,9,-7.839084e+003
91,10,-7.839102e+003
91,11,-7.839103e+003
91,12,-7.839108e+003
91,13,-7.839113e+003
91,14,-7.839164e+003
91,15,-7.839169e+003
91,16,-7.839174e+003
91,17,-7.839174e+003
92,0,-7.837094e+003
92,1,-7.837094e+003
92,2,-7.837094e+003
92,3,-7.837094e+003
92,4,-7.837096e+003
92,5,-7.837152e+003
92,6,-7.837157e+003
92,7,-7.837162e+003
92,8,-7.837226e+003
92,9,-7.837231e+003
92,10,-7.837232e+003
92,11,-7.837233e+003
92,12,-7.837235e+003
92,13,-7.837237e+003
92,14,-7.837240e+003
92,15,-7.837290e+003
92,16,-7.837294e+003
92,17,-7.843377e+003
92,18,-7.846358e+003
92,19,-7.847875e+003
92,20,-7.848829e+003
92,21,-7.850011e+003
92,22,-7.850916e+003
92,23,-7.851825e+003
92,24,-7.852758e+003
92,25,-7.853460e+003
92,26,-7.854052e+003
92,27,-7.854492e+003
92,28,-7.854693e+003
92,29,-7.854918e+003
92,30,-7.855121e+003
92,31,-7.855324e+003
92,32,-7.855489e+003
92,33,-7.855609e+003
92,34,-7.855776e+003
92,35,-7.855778e+003
92,36,-7.855782e+003
92,37,-7.855787e+003
92,38,-7.855791e+003
92,39,-7.855795e+003
92,40,-7.855795e+003
93,0,-7.844125e+003
93,1,-7.844126e+003
93,2,-7.844126e+003
93,3,-7.844126e+003
93,4,-7.844135e+003
93,5,-7.844146e+003
93,6,-7.844147e+003
93,7,-7.844148e+003
93,8,-7.844149e+003
93,9,-7.844149e+003
93,10,-7.844149e+003
93,11,-7.844149e+003
94,0,-7.844170e+003
94,1,-7.844170e+003
94,2,-7.844170e+003
94,3,-7.844192e+003
94,4,-7.844194e+003
94,5,-7.844196e+003
94,6,-7.844199e+003
94,7,-7.844201e+003
94,8,-7.844204e+003
94,9,-7.844207e+003
94,10,-7.844210e+003
94,11,-7.844213e+003
94,12,-7.844217e+003
94,13,-7.844221e+003
94,14,-7.844224e+003
94,15,-7.844228e+003
94,16,-7.844233e+003
94,17,-7.844237e+003
94,18,-7.844252e+003
94,19,-7.844257e+003
94,20,-7.844262e+003
94,21,-7.844268e+003
94,22,-7.844273e+003
94,23,-7.844279e+003
94,24,-7.844285e+003
94,25,-7.844291e+003
94,26,-7.844297e+003
94,27,-7.844298e+003
94,28,-7.844300e+003
94,29,-7.844354e+003
94,30,-7.844355e+003
94,31,-7.844357e+003
94,32,-7.844369e+003
94,33,-7.844376e+003
94,34,-7.844383e+003
94,35,-7.844390e+003
94,36,-7.844456e+003
94,37,-7.844463e+003
94,38,-7.844470e+003
94,39,-7.844477e+003
94,40,-7.844484e+003
94,41,-7.844536e+003
94,42,-7.844543e+003
94,43,-7.844550e+003
94,44,-7.844556e+003
94,45,-7.844563e+003
94,46,-7.844570e+003
94,47,-7.844577e+003
94,48,-7.844577e+003
94,49,-7.844579e+003
94,50,-7.844596e+003
94,51,-7.844634e+003
94,52,-7.844640e+003
94,53,-7.844647e+003
94,54,-7.844653e+003
94,55,-7.844659e+003
94,56,-7.844666e+003
94,57,-7.844672e+003
94,58,-7.844678e+003
94,59,-7.844679e+003
94,60,-7.844681e+003
94,61,-7.844690e+003
94,62,-7.844692e+003
94,63,-7.844717e+003
94,64,-7.848980e+003
94,65,-7.851138e+003
94,66,-7.851981e+003
94,67,-7.852456e+003
94,68,-7.852884e+003
94,69,-7.853248e+003
94,70,-7.853578e+003
94,71,-7.853856e+003
94,72,-7.854327e+003
94,73,-7.854462e+003
94,74,-7.854860e+003
94,75,-7.855225e+003
94,76,-7.855470e+003
94,77,-7.855662e+003
94,78,-7.855710e+003
94,79,-7.855823e+003
94,80,-7.855856e+003
94,81,-7.856044e+003
94,82,-7.856056e+003
94,83,-7.856077e+003
94,84,-7.856108e+003
94,85,-7.856108e+003
95,0,-7.846629e+003
95,1,-7.846656e+003
95,2,-7.846734e+003
95,3,-7.846827e+003
95,4,-7.846829e+003
95,5,-7.846950e+003
95,6,-7.847020e+003
95,7,-7.847047e+003
95,8,-7.847134e+003
95,9,-7.847148e+003
95,10,-7.847149e+003
95,11,-7.847308e+003
95,12,-7.847370e+003
95,13,-7.847431e+003
95,14,-7.847470e+003
95,15,-7.847494e+003
95,16,-7.847549e+003
95,17,-7.847617e+003
95,18,-7.847632e+003
95,19,-7.847795e+003
95,20,-7.847957e+003
95,21,-7.848081e+003
95,22,-7.848136e+003
95,23,-7.848195e+003
95,24,-7.848249e+003
95,25,-7.848298e+003
95,26,-7.848299e+003
95,27,-7.848463e+003
95,28,-7.848489e+003
95,29,-7.848524e+003
95,30,-7.848604e+003
95,31,-7.848637e+003
95,32,-7.848669e+003
95,33,-7.848670e+003
95,34,-7.848735e+003
95,35,-7.848736e+003
95,36,-7.848784e+003
95,37,-7.848807e+003
95,38,-7.848829e+003
95,39,-7.848851e+003
95,40,-7.848872e+003
95,41,-7.848895e+003
95,42,-7.848963e+003
95,43,-7.848987e+003
95,44,-7.849012e+003
95,45,-7.849038e+003
95,46,-7.849066e+003
95,47,-7.849094e+003
95,48,-7.849124e+003
95,49,-7.849156e+003
95,50,-7.849248e+003
95,51,-7.849295e+003
95,52,-7.849327e+003
95,53,-7.849381e+003
95,54,-7.849472e+003
95,55,-7.849487e+003
95,56,-7.849585e+003
95,57,-7.849775e+003
95,58,-7.849920e+003
95,59,-7.849964e+003
95,60,-7.850014e+003
95,61,-7.850151e+003
95,62,-7.850311e+003
95,63,-7.850372e+003
95,64,-7.850410e+003
95,65,-7.850446e+003
95,66,-7.850481e+003
95,67,-7.850517e+003
95,68,-7.850553e+003
95,69,-7.850650e+003
95,70,-7.850734e+003
95,71,-7.850776e+003
95,72,-7.850816e+003
95,73,-7.850961e+003
95,74,-7.851108e+003
95,75,-7.851111e+003
95,76,-7.851181e+003
95,77,-7.851231e+003
95,78,-7.852734e+003
95,79,-7.853676e+003
95,80,-7.854374e+003
95,81,-7.854819e+003
95,82,-7.855145e+003
95,83,-7.855383e+003
95,84,-7.855515e+003
95,85,-7.855690e+003
95,86,-7.855877e+003
95,87,-7.855952e+003
95,88,-7.855952e+003
95,89,-7.856039e+003
95,90,-7.856051e+003
95,91,-7.856114e+003
95,92,-7.856125e+003
95,93,-7.856137e+003
95,94,-7.856190e+003
95,95,-7.856198e+003
95,96,-7.856207e+003
95,97,-7.856214e+003
95,98,-7.856224e+003
95,99,-7.856228e+003
95,100,-7.856228e+003
96,0,-7.844924e+003
96,1,-7.844924e+003
96,2,-7.844924e+003
96,3,-7.844924e+003
96,4,-7.844924e+003
96,5,-7.844924e+003
96,6,-7.844924e+003
96,7,-7.844924e+003
96,8,-7.844924e+003
96,9,-7.844924e+003
96,10,-7.844932e+003
96,11,-7.844932e+003
96,12,-7.844934e+003
96,13,-7.844934e+003
97,0,-7.845767e+003
97,1,-7.845767e+003
97,2,-7.845810e+003
97,3,-7.845817e+003
97,4,-7.845825e+003
97,5,-7.845875e+003
97,6,-7.845901e+003
97,7,-7.845908e+003
97,8,-7.845909e+003
97,9,-7.845911e+003
97,10,-7.845914e+003
97,11,-7.846026e+003
97,12,-7.846026e+003
97,13,-7.846038e+003
97,14,-7.846053e+003
97,15,-7.846068e+003
97,16,-7.846070e+003
97,17,-7.846085e+003
97,18,-7.846098e+003
97,19,-7.846099e+003
97,20,-7.846100e+003
97,21,-7.846160e+003
97,22,-7.846220e+003
97,23,-7.846235e+003
97,24,-7.846236e+003
97,25,-7.846238e+003
97,26,-7.846240e+003
97,27,-7.846279e+003
97,28,-7.846329e+003
97,29,-7.846342e+003
97,30,-7.846343e+003
97,31,-7.846447e+003
97,32,-7.846475e+003
97,33,-7.846488e+003
97,34,-7.846488e+003
97,35,-7.846490e+003
97,36,-7.846492e+003
97,37,-7.846495e+003
97,38,-7.846499e+003
97,39,-7.846595e+003
97,40,-7.846605e+003
97,41,-7.846613e+003
97,42,-7.846614e+003
97,43,-7.846616e+003
97,44,-7.846618e+003
97,45,-7.846618e+003
98,0,-7.844504e+003
98,1,-7.844513e+003
98,2,-7.844523e+003
98,3,-7.844523e+003
98,4,-7.844524e+003
98,5,-7.844526e+003
98,6,-7.844529e+003
98,7,-7.844547e+003
98,8,-7.844549e+003
98,9,-7.844616e+003
98,10,-7.844675e+003
98,11,-7.844677e+003
98,12,-7.844679e+003
98,13,-7.844681e+003
98,14,-7.844713e+003
98,15,-7.844713e+003
98,16,-7.844715e+003
98,17,-7.845413e+003
98,18,-7.846148e+003
98,19,-7.847123e+003
98,20,-7.848511e+003
98,21,-7.849952e+003
98,22,-7.850614e+003
98,23,-7.851427e+003
98,24,-7.852123e+003
98,25,-7.853053e+003
98,26,-7.854067e+003
98,27,-7.854341e+003
98,28,-7.854557e+003
98,29,-7.854871e+003
98,30,-7.855202e+003
98,31,-7.855384e+003
98,32,-7.855464e+003
98,33,-7.855575e+003
98,34,-7.855582e+003
98,35,-7.855720e+003
98,36,-7.855779e+003
98,37,-7.855912e+003
98,38,-7.855938e+003
98,39,-7.856051e+003
98,40,-7.856181e+003
98,41,-7.856183e+003
98,42,-7.856202e+003
98,43,-7.856202e+003
99,0,-7.847510e+003
99,1,-7.847524e+003
99,2,-7.847586e+003
99,3,-7.847651e+003
99,4,-7.847732e+003
99,5,-7.847758e+003
99,6,-7.847846e+003
99,7,-7.847877e+003
99,8,-7.847910e+003
99,9,-7.847943e+003
99,10,-7.847978e+003
99,11,-7.848012e+003
99,12,-7.848014e+003
99,13,-7.848096e+003
99,14,-7.848122e+003
99,15,-7.848189e+003
99,16,-7.848220e+003
99,17,-7.848251e+003
99,18,-7.848338e+003
99,19,-7.848417e+003
99,20,-7.848448e+003
99,21,-7.848479e+003
99,22,-7.848554e+003
99,23,-7.848629e+003
99,24,-7.848659e+003
99,25,-7.848660e+003
99,26,-7.848721e+003
99,27,-7.848784e+003
99,28,-7.848852e+003
99,29,-7.848879e+003
99,30,-7.848906e+003
99,31,-7.848967e+003
99,32,-7.848977e+003
99,33,-7.848978e+003
99,34,-7.849027e+003
99,35,-7.849052e+003
99,36,-7.849065e+003
99,37,-7.849099e+003
99,38,-7.849122e+003
99,39,-7.849145e+003
99,40,-7.849146e+003
99,41,-7.849199e+003
99,42,-7.849266e+003
99,43,-7.849267e+003
99,44,-7.849267e+003
