0,0,-7.845253e+003
0,1,-7.847635e+003
0,2,-7.849568e+003
0,3,-7.850494e+003
0,4,-7.851228e+003
0,5,-7.851658e+003
0,6,-7.852065e+003
0,7,-7.852462e+003
0,8,-7.852727e+003
0,9,-7.852924e+003
0,10,-7.853052e+003
0,11,-7.853253e+003
0,12,-7.853490e+003
0,13,-7.853689e+003
0,14,-7.853915e+003
0,15,-7.854042e+003
0,16,-7.854102e+003
0,17,-7.854235e+003
0,18,-7.854266e+003
0,19,-7.854434e+003
0,20,-7.854540e+003
0,21,-7.854541e+003
0,22,-7.854622e+003
0,23,-7.854771e+003
0,24,-7.854835e+003
0,25,-7.854894e+003
0,26,-7.855043e+003
0,27,-7.855186e+003
0,28,-7.855295e+003
0,29,-7.855393e+003
0,30,-7.855442e+003
0,31,-7.855533e+003
0,32,-7.855534e+003
0,33,-7.855536e+003
0,34,-7.855539e+003
0,35,-7.855539e+003
0,36,-7.855542e+003
0,37,-7.855544e+003
0,38,-7.855548e+003
0,39,-7.855548e+003
1,0,-7.845609e+003
1,1,-7.845609e+003
1,2,-7.845611e+003
1,3,-7.845612e+003
1,4,-7.845612e+003
1,5,-7.845612e+003
1,6,-7.845612e+003
1,7,-7.845613e+003
1,8,-7.845613e+003
1,9,-7.845613e+003
1,10,-7.845614e+003
1,11,-7.845614e+003
1,12,-7.845614e+003
1,13,-7.845615e+003
1,14,-7.845615e+003
1,15,-7.845615e+003
1,16,-7.845616e+003
1,17,-7.845616e+003
1,18,-7.845617e+003
1,19,-7.845617e+003
1,20,-7.845618e+003
1,21,-7.845618e+003
1,22,-7.845619e+003
1,23,-7.845619e+003
1,24,-7.845620e+003
1,25,-7.845621e+003
1,26,-7.845621e+003
1,27,-7.845621e+003
2,0,-7.844849e+003
2,1,-7.844849e+003
2,2,-7.844849e+003
2,3,-7.844852e+003
2,4,-7.844852e+003
2,5,-7.844853e+003
2,6,-7.844854e+003
2,7,-7.844855e+003
2,8,-7.844856e+003
2,9,-7.844858e+003
2,10,-7.844859e+003
2,11,-7.844860e+003
2,12,-7.844861e+003
2,13,-7.844862e+003
2,14,-7.844864e+003
2,15,-7.844865e+003
2,16,-7.844867e+003
2,17,-7.844900e+003
2,18,-7.844900e+003
3,0,-7.843087e+003
3,1,-7.843088e+003
3,2,-7.843090e+003
3,3,-7.843092e+003
3,4,-7.843093e+003
3,5,-7.843095e+003
3,6,-7.843097e+003
3,7,-7.843099e+003
3,8,-7.843100e+003
3,9,-7.843102e+003
3,10,-7.843104e+003
3,11,-7.843116e+003
3,12,-7.843118e+003
3,13,-7.845528e+003
3,14,-7.846589e+003
3,15,-7.847567e+003
3,16,-7.849199e+003
3,17,-7.850653e+003
3,18,-7.851955e+003
3,19,-7.852795e+003
3,20,-7.853129e+003
3,21,-7.853398e+003
3,22,-7.853847e+003
3,23,-7.853982e+003
3,24,-7.854075e+003
3,25,-7.854160e+003
3,26,-7.854331e+003
3,27,-7.854618e+003
3,28,-7.854856e+003
3,29,-7.854949e+003
3,30,-7.854998e+003
3,31,-7.855024e+003
3,32,-7.855148e+003
3,33,-7.855292e+003
3,34,-7.855294e+003
3,35,-7.855348e+003
3,36,-7.855435e+003
3,37,-7.855475e+003
3,38,-7.855557e+003
3,39,-7.855639e+003
3,40,-7.855715e+003
3,41,-7.855745e+003
3,42,-7.855818e+003
3,43,-7.855841e+003
3,44,-7.855842e+003
3,45,-7.855908e+003
3,46,-7.855909e+003
3,47,-7.855910e+003
3,48,-7.855912e+003
3,49,-7.855912e+003
4,0,-7.844461e+003
4,1,-7.844462e+003
4,2,-7.844462e+003
4,3,-7.844462e+003
4,4,-7.844463e+003
4,5,-7.844464e+003
4,6,-7.844464e+003
4,7,-7.844465e+003
4,8,-7.844466e+003
4,9,-7.844466e+003
4,10,-7.844467e+003
4,11,-7.844468e+003
4,12,-7.844469e+003
4,13,-7.844470e+003
4,14,-7.844471e+003
4,15,-7.844472e+003
4,16,-7.844512e+003
4,17,-7.844512e+003
5,0,-7.842920e+003
5,1,-7.842922e+003
5,2,-7.842923e+003
5,3,-7.842925e+003
5,4,-7.842926e+003
5,5,-7.842926e+003
5,6,-7.842926e+003
5,7,-7.842926e+003
5,8,-7.842926e+003
5,9,-7.842926e+003
5,10,-7.842926e+003
5,11,-7.842926e+003
6,0,-7.841885e+003
6,1,-7.841932e+003
6,2,-7.841933e+003
6,3,-7.841933e+003
6,4,-7.841943e+003
6,5,-7.841946e+003
6,6,-7.841949e+003
6,7,-7.841952e+003
6,8,-7.841952e+003
6,9,-7.841953e+003
6,10,-7.841955e+003
6,11,-7.841957e+003
6,12,-7.841959e+003
6,13,-7.842034e+003
6,14,-7.842083e+003
6,15,-7.842087e+003
6,16,-7.842091e+003
6,17,-7.842151e+003
6,18,-7.842200e+003
6,19,-7.842205e+003
6,20,-7.842205e+003
7,0,-7.838304e+003
7,1,-7.838308e+003
7,2,-7.838313e+003
7,3,-7.838327e+003
7,4,-7.838332e+003
7,5,-7.838337e+003
7,6,-7.838386e+003
7,7,-7.838391e+003
7,8,-7.838454e+003
7,9,-7.838459e+003
7,10,-7.838463e+003
7,11,-7.838464e+003
7,12,-7.844129e+003
7,13,-7.846542e+003
7,14,-7.848006e+003
7,15,-7.848971e+003
7,16,-7.850074e+003
7,17,-7.851320e+003
7,18,-7.852354e+003
7,19,-7.852999e+003
7,20,-7.853622e+003
7,21,-7.854154e+003
7,22,-7.854429e+003
7,23,-7.854549e+003
7,24,-7.854735e+003
7,25,-7.855014e+003
7,26,-7.855224e+003
7,27,-7.855284e+003
7,28,-7.855407e+003
7,29,-7.855530e+003
7,30,-7.855642e+003
7,31,-7.855743e+003
7,32,-7.855798e+003
7,33,-7.855845e+003
7,34,-7.855884e+003
7,35,-7.855965e+003
7,36,-7.855967e+003
7,37,-7.855969e+003
7,38,-7.855972e+003
7,39,-7.855975e+003
7,40,-7.855975e+003
8,0,-7.842657e+003
8,1,-7.842657e+003
8,2,-7.842658e+003
8,3,-7.842658e+003
8,4,-7.842659e+003
8,5,-7.842660e+003
8,6,-7.842660e+003
8,7,-7.842661e+003
8,8,-7.842662e+003
8,9,-7.842662e+003
8,10,-7.842663e+003
8,11,-7.842664e+003
8,12,-7.842665e+003
8,13,-7.842666e+003
8,14,-7.842667e+003
8,15,-7.842694e+003
8,16,-7.842694e+003
9,0,-7.841576e+003
9,1,-7.841577e+003
9,2,-7.841578e+003
9,3,-7.841579e+003
9,4,-7.841580e+003
9,5,-7.841581e+003
9,6,-7.841583e+003
9,7,-7.841584e+003
9,8,-7.841585e+003
9,9,-7.841587e+003
9,10,-7.841588e+003
9,11,-7.841590e+003
9,12,-7.841602e+003
9,13,-7.841604e+003
9,14,-7.841605e+003
9,15,-7.841607e+003
9,16,-7.841609e+003
9,17,-7.841611e+003
9,18,-7.841613e+003
9,19,-7.841615e+003
9,20,-7.841617e+003
9,21,-7.841665e+003
9,22,-7.841667e+003
9,23,-7.841669e+003
9,24,-7.841672e+003
9,25,-7.841674e+003
9,26,-7.841677e+003
9,27,-7.841724e+003
9,28,-7.841772e+003
9,29,-7.841775e+003
9,30,-7.841775e+003
9,31,-7.841776e+003
9,32,-7.841778e+003
9,33,-7.841780e+003
9,34,-7.841800e+003
9,35,-7.841800e+003
10,0,-7.838911e+003
10,1,-7.838959e+003
10,2,-7.839007e+003
10,3,-7.839010e+003
10,4,-7.839014e+003
10,5,-7.839014e+003
10,6,-7.839015e+003
10,7,-7.839017e+003
10,8,-7.839019e+003
10,9,-7.839022e+003
10,10,-7.839043e+003
10,11,-7.839046e+003
10,12,-7.839052e+003
10,13,-7.839056e+003
10,14,-7.839056e+003
11,0,-7.836348e+003
11,1,-7.836352e+003
11,2,-7.836355e+003
11,3,-7.843974e+003
11,4,-7.846068e+003
11,5,-7.847386e+003
11,6,-7.848521e+003
11,7,-7.849976e+003
11,8,-7.851333e+003
11,9,-7.852182e+003
11,10,-7.853030e+003
11,11,-7.853722e+003
11,12,-7.854072e+003
11,13,-7.854475e+003
11,14,-7.854850e+003
11,15,-7.855010e+003
11,16,-7.855198e+003
11,17,-7.855330e+003
11,18,-7.855497e+003
11,19,-7.855616e+003
11,20,-7.855636e+003
11,21,-7.855694e+003
11,22,-7.855772e+003
11,23,-7.855886e+003
11,24,-7.855938e+003
11,25,-7.855980e+003
11,26,-7.856052e+003
11,27,-7.856154e+003
11,28,-7.856156e+003
11,29,-7.856184e+003
11,30,-7.856242e+003
11,31,-7.856255e+003
11,32,-7.856317e+003
11,33,-7.856318e+003
11,34,-7.856320e+003
11,35,-7.856322e+003
11,36,-7.856325e+003
11,37,-7.856328e+003
11,38,-7.856339e+003
11,39,-7.856339e+003
12,0,-7.843951e+003
12,1,-7.843953e+003
12,2,-7.843959e+003
12,3,-7.843965e+003
12,4,-7.844002e+003
12,5,-7.844003e+003
12,6,-7.844003e+003
12,7,-7.844004e+003
12,8,-7.844005e+003
12,9,-7.844005e+003
12,10,-7.844006e+003
12,11,-7.844007e+003
12,12,-7.844008e+003
12,13,-7.844009e+003
12,14,-7.844010e+003
12,15,-7.844021e+003
12,16,-7.844022e+003
12,17,-7.844023e+003
12,18,-7.844024e+003
12,19,-7.844025e+003
12,20,-7.844026e+003
12,21,-7.844027e+003
12,22,-7.844029e+003
12,23,-7.844030e+003
12,24,-7.844031e+003
12,25,-7.844033e+003
12,26,-7.844034e+003
12,27,-7.844035e+003
12,28,-7.844037e+003
12,29,-7.844038e+003
12,30,-7.844040e+003
12,31,-7.844041e+003
12,32,-7.844088e+003
12,33,-7.844090e+003
12,34,-7.844091e+003
12,35,-7.844093e+003
12,36,-7.844095e+003
12,37,-7.844097e+003
12,38,-7.844097e+003
12,39,-7.844098e+003
12,40,-7.844100e+003
12,41,-7.844128e+003
12,42,-7.844130e+003
12,43,-7.844132e+003
12,44,-7.844134e+003
12,45,-7.844136e+003
12,46,-7.844137e+003
12,47,-7.844138e+003
12,48,-7.844144e+003
12,49,-7.844191e+003
12,50,-7.844194e+003
12,51,-7.844241e+003
12,52,-7.844244e+003
12,53,-7.844247e+003
12,54,-7.844249e+003
12,55,-7.844252e+003
12,56,-7.844255e+003
12,57,-7.844258e+003
12,58,-7.844261e+003
12,59,-7.844309e+003
12,60,-7.844312e+003
12,61,-7.844315e+003
12,62,-7.844318e+003
12,63,-7.848970e+003
12,64,-7.850296e+003
12,65,-7.850827e+003
12,66,-7.851661e+003
12,67,-7.852603e+003
12,68,-7.853520e+003
12,69,-7.854151e+003
12,70,-7.854483e+003
12,71,-7.854908e+003
12,72,-7.855192e+003
12,73,-7.855328e+003
12,74,-7.855505e+003
12,75,-7.855586e+003
12,76,-7.855688e+003
12,77,-7.855840e+003
12,78,-7.855843e+003
12,79,-7.855867e+003
12,80,-7.855899e+003
12,81,-7.855899e+003
13,0,-7.846027e+003
13,1,-7.846099e+003
13,2,-7.846133e+003
13,3,-7.846185e+003
13,4,-7.846235e+003
13,5,-7.846338e+003
13,6,-7.846358e+003
13,7,-7.846475e+003
13,8,-7.846534e+003
13,9,-7.846632e+003
13,10,-7.846661e+003
13,11,-7.846691e+003
13,12,-7.846847e+003
13,13,-7.846910e+003
13,14,-7.846965e+003
13,15,-7.847044e+003
13,16,-7.847190e+003
13,17,-7.847247e+003
13,18,-7.847352e+003
13,19,-7.847461e+003
13,20,-7.847575e+003
13,21,-7.847581e+003
13,22,-7.847706e+003
13,23,-7.847815e+003
13,24,-7.848012e+003
13,25,-7.848103e+003
13,26,-7.848160e+003
13,27,-7.848352e+003
13,28,-7.848533e+003
13,29,-7.848698e+003
13,30,-7.848726e+003
13,31,-7.848898e+003
13,32,-7.848899e+003
13,33,-7.849050e+003
13,34,-7.849133e+003
13,35,-7.849257e+003
13,36,-7.849324e+003
13,37,-7.849345e+003
13,38,-7.849423e+003
13,39,-7.849635e+003
13,40,-7.849645e+003
13,41,-7.849665e+003
13,42,-7.849779e+003
13,43,-7.849859e+003
13,44,-7.849928e+003
13,45,-7.849960e+003
13,46,-7.850023e+003
13,47,-7.850082e+003
13,48,-7.850182e+003
13,49,-7.850233e+003
13,50,-7.850279e+003
13,51,-7.850322e+003
13,52,-7.850362e+003
13,53,-7.850411e+003
13,54,-7.850448e+003
13,55,-7.850531e+003
13,56,-7.850570e+003
13,57,-7.850576e+003
13,58,-7.850577e+003
13,59,-7.850629e+003
13,60,-7.850677e+003
13,61,-7.850684e+003
13,62,-7.850695e+003
13,63,-7.850753e+003
13,64,-7.850789e+003
13,65,-7.850791e+003
13,66,-7.850844e+003
13,67,-7.850853e+003
13,68,-7.850950e+003
13,69,-7.850965e+003
13,70,-7.851102e+003
13,71,-7.851147e+003
13,72,-7.851155e+003
13,73,-7.851237e+003
13,74,-7.851276e+003
13,75,-7.851314e+003
13,76,-7.851351e+003
13,77,-7.851432e+003
13,78,-7.851465e+003
13,79,-7.851497e+003
13,80,-7.851583e+003
13,81,-7.852473e+003
13,82,-7.853406e+003
13,83,-7.853996e+003
13,84,-7.854535e+003
13,85,-7.855106e+003
13,86,-7.855535e+003
13,87,-7.855805e+003
13,88,-7.855990e+003
13,89,-7.856265e+003
13,90,-7.856373e+003
13,91,-7.856377e+003
13,92,-7.856382e+003
13,93,-7.856402e+003
13,94,-7.856404e+003
13,95,-7.856444e+003
13,96,-7.856542e+003
13,97,-7.856543e+003
13,98,-7.856545e+003
13,99,-7.856548e+003
13,100,-7.856550e+003
13,101,-7.856552e+003
13,102,-7.856552e+003
14,0,-7.844782e+003
14,1,-7.844782e+003
14,2,-7.844782e+003
14,3,-7.844782e+003
14,4,-7.844782e+003
14,5,-7.844782e+003
14,6,-7.844782e+003
14,7,-7.844782e+003
14,8,-7.844782e+003
14,9,-7.844782e+003
14,10,-7.844782e+003
14,11,-7.844782e+003
15,0,-7.845339e+003
15,1,-7.845339e+003
15,2,-7.845339e+003
15,3,-7.845339e+003
15,4,-7.845341e+003
15,5,-7.845341e+003
15,6,-7.845342e+003
15,7,-7.845342e+003
15,8,-7.845343e+003
15,9,-7.845343e+003
15,10,-7.845343e+003
15,11,-7.845344e+003
15,12,-7.845389e+003
15,13,-7.845390e+003
15,14,-7.845390e+003
15,15,-7.845391e+003
15,16,-7.845392e+003
15,17,-7.845392e+003
15,18,-7.845393e+003
15,19,-7.845393e+003
16,0,-7.845538e+003
16,1,-7.845538e+003
16,2,-7.845538e+003
16,3,-7.845538e+003
16,4,-7.845562e+003
16,5,-7.845562e+003
16,6,-7.845563e+003
16,7,-7.845564e+003
16,8,-7.845564e+003
16,9,-7.845564e+003
16,10,-7.845564e+003
16,11,-7.845564e+003
17,0,-7.845451e+003
17,1,-7.845451e+003
17,2,-7.845451e+003
17,3,-7.845451e+003
17,4,-7.845451e+003
17,5,-7.845460e+003
17,6,-7.845473e+003
17,7,-7.845477e+003
17,8,-7.845482e+003
17,9,-7.845485e+003
17,10,-7.845502e+003
17,11,-7.845503e+003
17,12,-7.845504e+003
17,13,-7.845505e+003
17,14,-7.845506e+003
17,15,-7.845507e+003
17,16,-7.845508e+003
17,17,-7.845509e+003
17,18,-7.845509e+003
18,0,-7.844489e+003
18,1,-7.844490e+003
18,2,-7.844490e+003
18,3,-7.844492e+003
18,4,-7.844493e+003
18,5,-7.844495e+003
18,6,-7.844495e+003
18,7,-7.844495e+003
18,8,-7.844495e+003
18,9,-7.844495e+003
18,10,-7.844515e+003
18,11,-7.844517e+003
18,12,-7.844519e+003
18,13,-7.844521e+003
18,14,-7.844522e+003
18,15,-7.847690e+003
18,16,-7.848642e+003
18,17,-7.849564e+003
18,18,-7.850961e+003
18,19,-7.852155e+003
18,20,-7.853214e+003
18,21,-7.853748e+003
18,22,-7.854289e+003
18,23,-7.854848e+003
18,24,-7.855172e+003
18,25,-7.855428e+003
18,26,-7.855604e+003
18,27,-7.855693e+003
18,28,-7.855776e+003
18,29,-7.855890e+003
18,30,-7.856000e+003
18,31,-7.856040e+003
18,32,-7.856073e+003
18,33,-7.856093e+003
18,34,-7.856182e+003
18,35,-7.856258e+003
18,36,-7.856290e+003
18,37,-7.856321e+003
18,38,-7.856442e+003
18,39,-7.856466e+003
18,40,-7.856506e+003
18,41,-7.856527e+003
18,42,-7.856551e+003
18,43,-7.856615e+003
18,44,-7.856646e+003
18,45,-7.856714e+003
18,46,-7.856729e+003
18,47,-7.856740e+003
18,48,-7.856811e+003
18,49,-7.856820e+003
18,50,-7.856873e+003
18,51,-7.856925e+003
18,52,-7.856926e+003
18,53,-7.856926e+003
18,54,-7.856927e+003
18,55,-7.856928e+003
18,56,-7.856928e+003
19,0,-7.845557e+003
19,1,-7.845557e+003
19,2,-7.845557e+003
19,3,-7.845557e+003
19,4,-7.845557e+003
19,5,-7.845557e+003
19,6,-7.845557e+003
19,7,-7.845558e+003
19,8,-7.845558e+003
19,9,-7.845600e+003
19,10,-7.845600e+003
19,11,-7.845600e+003
20,0,-7.844627e+003
20,1,-7.844627e+003
20,2,-7.844627e+003
20,3,-7.844627e+003
20,4,-7.844627e+003
20,5,-7.844627e+003
20,6,-7.844628e+003
20,7,-7.844628e+003
20,8,-7.844628e+003
20,9,-7.844628e+003
20,10,-7.844628e+003
20,11,-7.844628e+003
20,12,-7.844629e+003
20,13,-7.844629e+003
20,14,-7.844629e+003
20,15,-7.844629e+003
20,16,-7.844629e+003
20,17,-7.844630e+003
20,18,-7.844630e+003
20,19,-7.844630e+003
20,20,-7.844630e+003
20,21,-7.844630e+003
20,22,-7.844631e+003
20,23,-7.844631e+003
20,24,-7.844631e+003
20,25,-7.844631e+003
20,26,-7.844632e+003
20,27,-7.844632e+003
20,28,-7.844636e+003
20,29,-7.844636e+003
21,0,-7.843209e+003
21,1,-7.843209e+003
21,2,-7.843209e+003
21,3,-7.843209e+003
21,4,-7.843209e+003
21,5,-7.843209e+003
21,6,-7.843210e+003
21,7,-7.843210e+003
21,8,-7.843210e+003
21,9,-7.843210e+003
21,10,-7.843211e+003
21,11,-7.843211e+003
21,12,-7.843211e+003
21,13,-7.843212e+003
21,14,-7.843212e+003
21,15,-7.843212e+003
21,16,-7.845096e+003
21,17,-7.846735e+003
21,18,-7.848799e+003
21,19,-7.850741e+003
21,20,-7.851891e+003
21,21,-7.852707e+003
21,22,-7.853349e+003
21,23,-7.853803e+003
21,24,-7.854247e+003
21,25,-7.854665e+003
21,26,-7.854913e+003
21,27,-7.855157e+003
21,28,-7.855362e+003
21,29,-7.855455e+003
21,30,-7.855564e+003
21,31,-7.855741e+003
21,32,-7.855966e+003
21,33,-7.856081e+003
21,34,-7.856115e+003
21,35,-7.856218e+003
21,36,-7.856266e+003
21,37,-7.856353e+003
21,38,-7.856353e+003
22,0,-7.846660e+003
22,1,-7.846785e+003
22,2,-7.846829e+003
22,3,-7.846881e+003
22,4,-7.846988e+003
22,5,-7.847105e+003
22,6,-7.847232e+003
22,7,-7.847367e+003
22,8,-7.847431e+003
22,9,-7.847571e+003
22,10,-7.847660e+003
22,11,-7.847871e+003
22,12,-7.847951e+003
22,13,-7.848059e+003
22,14,-7.848185e+003
22,15,-7.848249e+003
22,16,-7.848313e+003
22,17,-7.848377e+003
22,18,-7.848543e+003
22,19,-7.848612e+003
22,20,-7.848775e+003
22,21,-7.848807e+003
22,22,-7.848977e+003
22,23,-7.849058e+003
22,24,-7.849150e+003
22,25,-7.849227e+003
22,26,-7.849296e+003
22,27,-7.849370e+003
22,28,-7.849442e+003
22,29,-7.849511e+003
22,30,-7.849513e+003
22,31,-7.849687e+003
22,32,-7.849751e+003
22,33,-7.849860e+003
22,34,-7.849968e+003
22,35,-7.850031e+003
22,36,-7.850147e+003
22,37,-7.850205e+003
22,38,-7.850271e+003
22,39,-7.850333e+003
22,40,-7.850334e+003
22,41,-7.850421e+003
22,42,-7.850463e+003
22,43,-7.850513e+003
22,44,-7.850608e+003
22,45,-7.850608e+003
23,0,-7.839741e+003
23,1,-7.839817e+003
23,2,-7.839819e+003
23,3,-7.839877e+003
23,4,-7.839879e+003
23,5,-7.840017e+003
23,6,-7.840059e+003
23,7,-7.840115e+003
23,8,-7.840117e+003
23,9,-7.840149e+003
23,10,-7.840264e+003
23,11,-7.840416e+003
23,12,-7.840418e+003
23,13,-7.840624e+003
23,14,-7.840701e+003
23,15,-7.840766e+003
23,16,-7.840841e+003
23,17,-7.840926e+003
23,18,-7.840998e+003
23,19,-7.841150e+003
23,20,-7.841221e+003
23,21,-7.841292e+003
23,22,-7.841408e+003
23,23,-7.841435e+003
23,24,-7.841507e+003
23,25,-7.841581e+003
23,26,-7.841583e+003
23,27,-7.841797e+003
23,28,-7.841873e+003
23,29,-7.841960e+003
23,30,-7.842093e+003
23,31,-7.847597e+003
23,32,-7.851866e+003
23,33,-7.853557e+003
23,34,-7.854582e+003
23,35,-7.855040e+003
23,36,-7.855492e+003
23,37,-7.856019e+003
23,38,-7.856438e+003
23,39,-7.856698e+003
23,40,-7.856884e+003
23,41,-7.856888e+003
23,42,-7.856983e+003
23,43,-7.856986e+003
23,44,-7.856990e+003
23,45,-7.857000e+003
23,46,-7.857087e+003
23,47,-7.857116e+003
23,48,-7.857118e+003
23,49,-7.857119e+003
23,50,-7.857196e+003
23,51,-7.857196e+003
24,0,-7.842639e+003
24,1,-7.842653e+003
24,2,-7.842695e+003
24,3,-7.842808e+003
24,4,-7.842810e+003
24,5,-7.842851e+003
24,6,-7.842922e+003
24,7,-7.842924e+003
24,8,-7.842924e+003
24,9,-7.843040e+003
24,10,-7.843080e+003
24,11,-7.843105e+003
24,12,-7.843105e+003
24,13,-7.843190e+003
24,14,-7.843191e+003
24,15,-7.843271e+003
24,16,-7.843273e+003
24,17,-7.843349e+003
24,18,-7.843352e+003
24,19,-7.843396e+003
24,20,-7.843478e+003
24,21,-7.843479e+003
24,22,-7.843579e+003
24,23,-7.843579e+003
25,0,-7.840608e+003
25,1,-7.840643e+003
25,2,-7.840680e+003
25,3,-7.840694e+003
25,4,-7.840749e+003
25,5,-7.840784e+003
25,6,-7.840862e+003
25,7,-7.840937e+003
25,8,-7.840965e+003
25,9,-7.840992e+003
25,10,-7.841016e+003
25,11,-7.841027e+003
25,12,-7.841048e+003
25,13,-7.841068e+003
25,14,-7.841086e+003
25,15,-7.841104e+003
25,16,-7.841122e+003
25,17,-7.841123e+003
25,18,-7.841143e+003
25,19,-7.841160e+003
25,20,-7.841177e+003
25,21,-7.841194e+003
25,22,-7.841257e+003
25,23,-7.841275e+003
25,24,-7.841294e+003
25,25,-7.841314e+003
25,26,-7.841322e+003
25,27,-7.841340e+003
25,28,-7.841360e+003
25,29,-7.841381e+003
25,30,-7.841383e+003
25,31,-7.841419e+003
25,32,-7.841450e+003
25,33,-7.841467e+003
25,34,-7.841469e+003
25,35,-7.841531e+003
25,36,-7.841594e+003
25,37,-7.841612e+003
25,38,-7.841630e+003
25,39,-7.841648e+003
25,40,-7.841665e+003
25,41,-7.841711e+003
25,42,-7.841775e+003
25,43,-7.841780e+003
25,44,-7.841783e+003
25,45,-7.841816e+003
25,46,-7.841837e+003
25,47,-7.841839e+003
25,48,-7.841841e+003
25,49,-7.841916e+003
25,50,-7.841948e+003
25,51,-7.841950e+003
25,52,-7.842005e+003
25,53,-7.842042e+003
25,54,-7.842044e+003
25,55,-7.844280e+003
25,56,-7.845880e+003
25,57,-7.847144e+003
25,58,-7.848182e+003
25,59,-7.849819e+003
25,60,-7.850881e+003
25,61,-7.852413e+003
25,62,-7.853365e+003
25,63,-7.853722e+003
25,64,-7.854107e+003
25,65,-7.854544e+003
25,66,-7.854719e+003
25,67,-7.854918e+003
25,68,-7.855225e+003
25,69,-7.855397e+003
25,70,-7.855555e+003
25,71,-7.855754e+003
25,72,-7.855930e+003
25,73,-7.856259e+003
25,74,-7.856376e+003
25,75,-7.856554e+003
25,76,-7.856711e+003
25,77,-7.856890e+003
25,78,-7.856944e+003
25,79,-7.856988e+003
25,80,-7.856990e+003
25,81,-7.856993e+003
25,82,-7.856993e+003
26,0,-7.844392e+003
26,1,-7.844395e+003
26,2,-7.844397e+003
26,3,-7.844400e+003
26,4,-7.844404e+003
26,5,-7.844407e+003
26,6,-7.844411e+003
26,7,-7.844416e+003
26,8,-7.844421e+003
26,9,-7.844431e+003
26,10,-7.844431e+003
26,11,-7.844437e+003
26,12,-7.844475e+003
26,13,-7.844475e+003
27,0,-7.843261e+003
27,1,-7.843270e+003
27,2,-7.843280e+003
27,3,-7.843290e+003
27,4,-7.843318e+003
27,5,-7.843318e+003
27,6,-7.843319e+003
27,7,-7.843377e+003
27,8,-7.843436e+003
27,9,-7.843436e+003
27,10,-7.843449e+003
27,11,-7.843517e+003
27,12,-7.843517e+003
28,0,-7.840750e+003
28,1,-7.840765e+003
28,2,-7.840781e+003
28,3,-7.840808e+003
28,4,-7.840809e+003
28,5,-7.840814e+003
28,6,-7.840815e+003
28,7,-7.840831e+003
28,8,-7.840847e+003
28,9,-7.840878e+003
28,10,-7.840924e+003
28,11,-7.840925e+003
28,12,-7.840977e+003
28,13,-7.840988e+003
28,14,-7.840988e+003
29,0,-7.836652e+003
29,1,-7.836679e+003
29,2,-7.836695e+003
29,3,-7.836757e+003
29,4,-7.836788e+003
29,5,-7.836806e+003
29,6,-7.836824e+003
29,7,-7.836842e+003
29,8,-7.836850e+003
29,9,-7.836851e+003
29,10,-7.836852e+003
29,11,-7.836944e+003
29,12,-7.836963e+003
29,13,-7.836983e+003
29,14,-7.837002e+003
29,15,-7.837021e+003
29,16,-7.837041e+003
29,17,-7.837042e+003
29,18,-7.837070e+003
29,19,-7.837168e+003
29,20,-7.837186e+003
29,21,-7.837201e+003
29,22,-7.837201e+003
29,23,-7.837257e+003
29,24,-7.837274e+003
29,25,-7.837291e+003
29,26,-7.837298e+003
29,27,-7.837300e+003
29,28,-7.837329e+003
29,29,-7.837345e+003
29,30,-7.843579e+003
29,31,-7.849503e+003
29,32,-7.851700e+003
29,33,-7.853074e+003
29,34,-7.853822e+003
29,35,-7.854470e+003
29,36,-7.854652e+003
29,37,-7.854946e+003
29,38,-7.855158e+003
29,39,-7.855476e+003
29,40,-7.855688e+003
29,41,-7.855949e+003
29,42,-7.856091e+003
29,43,-7.856268e+003
29,44,-7.856319e+003
29,45,-7.856466e+003
29,46,-7.856604e+003
29,47,-7.856646e+003
29,48,-7.856752e+003
29,49,-7.856825e+003
29,50,-7.856838e+003
29,51,-7.856967e+003
29,52,-7.857001e+003
29,53,-7.857086e+003
29,54,-7.857111e+003
29,55,-7.857137e+003
29,56,-7.857157e+003
29,57,-7.857176e+003
29,58,-7.857177e+003
29,59,-7.857179e+003
29,60,-7.857181e+003
29,61,-7.857181e+003
30,0,-7.847233e+003
30,1,-7.847233e+003
30,2,-7.847234e+003
30,3,-7.847277e+003
30,4,-7.847302e+003
30,5,-7.847302e+003
30,6,-7.847302e+003
30,7,-7.847302e+003
30,8,-7.847302e+003
30,9,-7.847302e+003
30,10,-7.847302e+003
30,11,-7.847303e+003
30,12,-7.847304e+003
30,13,-7.847338e+003
30,14,-7.847338e+003
31,0,-7.847094e+003
31,1,-7.847094e+003
31,2,-7.847094e+003
31,3,-7.847094e+003
31,4,-7.847094e+003
31,5,-7.847094e+003
31,6,-7.847094e+003
31,7,-7.847094e+003
31,8,-7.847094e+003
31,9,-7.847094e+003
31,10,-7.847096e+003
31,11,-7.847143e+003
31,12,-7.847145e+003
31,13,-7.847147e+003
31,14,-7.847148e+003
31,15,-7.847149e+003
31,16,-7.847150e+003
31,17,-7.847152e+003
31,18,-7.847152e+003
32,0,-7.846863e+003
32,1,-7.846863e+003
32,2,-7.846863e+003
32,3,-7.846863e+003
32,4,-7.846906e+003
32,5,-7.846998e+003
32,6,-7.846999e+003
32,7,-7.847000e+003
32,8,-7.847009e+003
32,9,-7.847011e+003
32,10,-7.847013e+003
32,11,-7.847014e+003
32,12,-7.847015e+003
32,13,-7.847016e+003
32,14,-7.847018e+003
32,15,-7.847020e+003
32,16,-7.847023e+003
32,17,-7.847040e+003
32,18,-7.847043e+003
32,19,-7.847046e+003
32,20,-7.847049e+003
32,21,-7.847052e+003
32,22,-7.847055e+003
32,23,-7.847055e+003
32,24,-7.847056e+003
32,25,-7.847058e+003
32,26,-7.847059e+003
32,27,-7.847079e+003
32,28,-7.847082e+003
32,29,-7.847085e+003
32,30,-7.847088e+003
32,31,-7.847091e+003
32,32,-7.847094e+003
32,33,-7.847095e+003
32,34,-7.850315e+003
32,35,-7.851358e+003
32,36,-7.852057e+003
32,37,-7.852373e+003
32,38,-7.852830e+003
32,39,-7.853296e+003
32,40,-7.853814e+003
32,41,-7.854315e+003
32,42,-7.854847e+003
32,43,-7.855321e+003
32,44,-7.855642e+003
32,45,-7.855874e+003
32,46,-7.856054e+003
32,47,-7.856145e+003
32,48,-7.856148e+003
32,49,-7.856180e+003
32,50,-7.856220e+003
32,51,-7.856222e+003
32,52,-7.856236e+003
32,53,-7.856241e+003
32,54,-7.856245e+003
32,55,-7.856250e+003
32,56,-7.856255e+003
32,57,-7.856259e+003
32,58,-7.856259e+003
33,0,-7.848398e+003
33,1,-7.848398e+003
33,2,-7.848398e+003
33,3,-7.848399e+003
33,4,-7.848400e+003
33,5,-7.848400e+003
33,6,-7.848401e+003
33,7,-7.848402e+003
33,8,-7.848403e+003
33,9,-7.848404e+003
33,10,-7.848405e+003
33,11,-7.848451e+003
33,12,-7.848452e+003
33,13,-7.848453e+003
33,14,-7.848455e+003
33,15,-7.848456e+003
33,16,-7.848458e+003
33,17,-7.848459e+003
33,18,-7.848461e+003
33,19,-7.848463e+003
33,20,-7.848466e+003
33,21,-7.848506e+003
33,22,-7.848506e+003
34,0,-7.847575e+003
34,1,-7.847577e+003
34,2,-7.847580e+003
34,3,-7.847612e+003
34,4,-7.847612e+003
34,5,-7.847612e+003
34,6,-7.847614e+003
34,7,-7.847617e+003
34,8,-7.847621e+003
34,9,-7.847621e+003
34,10,-7.847621e+003
34,11,-7.847621e+003
35,0,-7.846474e+003
35,1,-7.846474e+003
35,2,-7.846480e+003
35,3,-7.846485e+003
35,4,-7.846490e+003
35,5,-7.846504e+003
35,6,-7.846504e+003
35,7,-7.846504e+003
35,8,-7.846506e+003
35,9,-7.846512e+003
35,10,-7.846519e+003
35,11,-7.846526e+003
35,12,-7.846533e+003
35,13,-7.846533e+003
35,14,-7.846535e+003
35,15,-7.846537e+003
35,16,-7.846547e+003
35,17,-7.846600e+003
35,18,-7.846608e+003
35,19,-7.846616e+003
35,20,-7.846625e+003
35,21,-7.846633e+003
35,22,-7.846634e+003
35,23,-7.846657e+003
35,24,-7.846658e+003
35,25,-7.846670e+003
35,26,-7.846685e+003
35,27,-7.846730e+003
35,28,-7.846739e+003
35,29,-7.846748e+003
35,30,-7.846757e+003
35,31,-7.846811e+003
35,32,-7.846819e+003
35,33,-7.846873e+003
35,34,-7.846926e+003
35,35,-7.846980e+003
35,36,-7.846988e+003
35,37,-7.846996e+003
35,38,-7.847004e+003
35,39,-7.847012e+003
35,40,-7.850087e+003
35,41,-7.851845e+003
35,42,-7.852718e+003
35,43,-7.853393e+003
35,44,-7.853781e+003
35,45,-7.854020e+003
35,46,-7.854180e+003
35,47,-7.854306e+003
35,48,-7.854405e+003
35,49,-7.854620e+003
35,50,-7.854756e+003
35,51,-7.854775e+003
35,52,-7.854865e+003
35,53,-7.854921e+003
35,54,-7.854991e+003
35,55,-7.855010e+003
35,56,-7.855010e+003
36,0,-7.849442e+003
36,1,-7.849486e+003
36,2,-7.849563e+003
36,3,-7.849697e+003
36,4,-7.849799e+003
36,5,-7.849899e+003
36,6,-7.850028e+003
36,7,-7.850155e+003
36,8,-7.850198e+003
36,9,-7.850260e+003
36,10,-7.850311e+003
36,11,-7.850357e+003
36,12,-7.850417e+003
36,13,-7.850469e+003
36,14,-7.850568e+003
36,15,-7.850623e+003
36,16,-7.850724e+003
36,17,-7.850815e+003
36,18,-7.850907e+003
36,19,-7.850954e+003
36,20,-7.850965e+003
36,21,-7.851009e+003
36,22,-7.851053e+003
36,23,-7.851143e+003
36,24,-7.851209e+003
36,25,-7.851210e+003
36,26,-7.851262e+003
36,27,-7.851322e+003
36,28,-7.851355e+003
36,29,-7.851385e+003
36,30,-7.851412e+003
36,31,-7.851438e+003
36,32,-7.851440e+003
36,33,-7.851486e+003
36,34,-7.851511e+003
36,35,-7.851512e+003
36,36,-7.851521e+003
36,37,-7.851547e+003
36,38,-7.851574e+003
36,39,-7.851655e+003
36,40,-7.851771e+003
36,41,-7.851839e+003
36,42,-7.851841e+003
36,43,-7.851841e+003
37,0,-7.846115e+003
37,1,-7.846135e+003
37,2,-7.846158e+003
37,3,-7.846185e+003
37,4,-7.846188e+003
37,5,-7.846214e+003
37,6,-7.846251e+003
37,7,-7.846302e+003
37,8,-7.846388e+003
37,9,-7.846431e+003
37,10,-7.846448e+003
37,11,-7.846509e+003
37,12,-7.846562e+003
37,13,-7.846600e+003
37,14,-7.846621e+003
37,15,-7.846704e+003
37,16,-7.846747e+003
37,17,-7.846769e+003
37,18,-7.846800e+003
37,19,-7.846877e+003
37,20,-7.846908e+003
37,21,-7.846984e+003
37,22,-7.847019e+003
37,23,-7.847089e+003
37,24,-7.847113e+003
37,25,-7.847115e+003
37,26,-7.847190e+003
37,27,-7.847221e+003
37,28,-7.847237e+003
37,29,-7.847323e+003
37,30,-7.847324e+003
37,31,-7.847343e+003
37,32,-7.847381e+003
37,33,-7.847408e+003
37,34,-7.847479e+003
37,35,-7.847506e+003
37,36,-7.847577e+003
37,37,-7.847647e+003
37,38,-7.847673e+003
37,39,-7.849320e+003
37,40,-7.850968e+003
37,41,-7.852845e+003
37,42,-7.853470e+003
37,43,-7.853776e+003
37,44,-7.853909e+003
37,45,-7.853918e+003
37,46,-7.854079e+003
37,47,-7.854124e+003
37,48,-7.854300e+003
37,49,-7.854311e+003
37,50,-7.854321e+003
37,51,-7.854389e+003
37,52,-7.854400e+003
37,53,-7.854409e+003
37,54,-7.854413e+003
37,55,-7.854414e+003
37,56,-7.854414e+003
38,0,-7.845042e+003
38,1,-7.845044e+003
38,2,-7.845045e+003
38,3,-7.845047e+003
38,4,-7.845093e+003
38,5,-7.845093e+003
38,6,-7.845096e+003
38,7,-7.845107e+003
38,8,-7.845107e+003
38,9,-7.845107e+003
38,10,-7.845107e+003
38,11,-7.845132e+003
38,12,-7.845155e+003
38,13,-7.845155e+003
39,0,-7.842982e+003
39,1,-7.842984e+003
39,2,-7.842995e+003
39,3,-7.843000e+003
39,4,-7.843006e+003
39,5,-7.843006e+003
39,6,-7.843017e+003
39,7,-7.843018e+003
39,8,-7.843020e+003
39,9,-7.843039e+003
39,10,-7.843079e+003
39,11,-7.843079e+003
40,0,-7.840282e+003
40,1,-7.840334e+003
40,2,-7.840341e+003
40,3,-7.840348e+003
40,4,-7.840355e+003
40,5,-7.840362e+003
40,6,-7.840369e+003
40,7,-7.840408e+003
40,8,-7.840408e+003
40,9,-7.840412e+003
40,10,-7.840419e+003
40,11,-7.840426e+003
40,12,-7.840433e+003
40,13,-7.840440e+003
40,14,-7.840446e+003
40,15,-7.840453e+003
40,16,-7.840460e+003
40,17,-7.840512e+003
40,18,-7.840512e+003
41,0,-7.836493e+003
41,1,-7.836499e+003
41,2,-7.836505e+003
41,3,-7.836506e+003
41,4,-7.836507e+003
41,5,-7.836518e+003
41,6,-7.836535e+003
41,7,-7.836548e+003
41,8,-7.836548e+003
41,9,-7.836548e+003
41,10,-7.836549e+003
41,11,-7.836611e+003
41,12,-7.836619e+003
41,13,-7.836672e+003
41,14,-7.836684e+003
41,15,-7.836693e+003
41,16,-7.836701e+003
41,17,-7.836710e+003
41,18,-7.836777e+003
41,19,-7.836786e+003
41,20,-7.836795e+003
41,21,-7.836804e+003
41,22,-7.836805e+003
41,23,-7.836806e+003
41,24,-7.836807e+003
41,25,-7.836851e+003
41,26,-7.836860e+003
41,27,-7.836869e+003
41,28,-7.836878e+003
41,29,-7.836887e+003
41,30,-7.836895e+003
41,31,-7.836904e+003
41,32,-7.836968e+003
41,33,-7.836976e+003
41,34,-7.836984e+003
41,35,-7.836992e+003
41,36,-7.837000e+003
41,37,-7.840777e+003
41,38,-7.844894e+003
41,39,-7.845996e+003
41,40,-7.846483e+003
41,41,-7.847139e+003
41,42,-7.847731e+003
41,43,-7.848169e+003
41,44,-7.848495e+003
41,45,-7.848914e+003
41,46,-7.849348e+003
41,47,-7.849634e+003
41,48,-7.849887e+003
41,49,-7.850035e+003
41,50,-7.850133e+003
41,51,-7.850302e+003
41,52,-7.850367e+003
41,53,-7.850393e+003
41,54,-7.850543e+003
41,55,-7.850543e+003
42,0,-7.842504e+003
42,1,-7.842549e+003
42,2,-7.842688e+003
42,3,-7.842773e+003
42,4,-7.842886e+003
42,5,-7.843109e+003
42,6,-7.843298e+003
42,7,-7.843460e+003
42,8,-7.843610e+003
42,9,-7.843709e+003
42,10,-7.843918e+003
42,11,-7.844097e+003
42,12,-7.844099e+003
42,13,-7.844412e+003
42,14,-7.844484e+003
42,15,-7.844650e+003
42,16,-7.844748e+003
42,17,-7.844846e+003
42,18,-7.844888e+003
42,19,-7.845009e+003
42,20,-7.845075e+003
42,21,-7.845097e+003
42,22,-7.845207e+003
42,23,-7.845285e+003
42,24,-7.845349e+003
42,25,-7.845351e+003
42,26,-7.845418e+003
42,27,-7.845476e+003
42,28,-7.845546e+003
42,29,-7.845617e+003
42,30,-7.845749e+003
42,31,-7.845801e+003
42,32,-7.845850e+003
42,33,-7.845907e+003
42,34,-7.845908e+003
42,35,-7.845910e+003
42,36,-7.846021e+003
42,37,-7.846143e+003
42,38,-7.846270e+003
42,39,-7.846271e+003
42,40,-7.846354e+003
42,41,-7.846356e+003
42,42,-7.846490e+003
42,43,-7.846535e+003
42,44,-7.846643e+003
42,45,-7.846697e+003
42,46,-7.846852e+003
42,47,-7.846902e+003
42,48,-7.846953e+003
42,49,-7.847099e+003
42,50,-7.847161e+003
42,51,-7.847225e+003
42,52,-7.847231e+003
42,53,-7.847307e+003
42,54,-7.847375e+003
42,55,-7.847376e+003
42,56,-7.847554e+003
42,57,-7.847716e+003
42,58,-7.847717e+003
42,59,-7.847840e+003
42,60,-7.847933e+003
42,61,-7.847983e+003
42,62,-7.848081e+003
42,63,-7.848128e+003
42,64,-7.848168e+003
42,65,-7.848203e+003
42,66,-7.848407e+003
42,67,-7.848442e+003
42,68,-7.848479e+003
42,69,-7.848511e+003
42,70,-7.848538e+003
42,71,-7.848564e+003
42,72,-7.848637e+003
42,73,-7.848665e+003
42,74,-7.848694e+003
42,75,-7.848770e+003
42,76,-7.848799e+003
42,77,-7.848829e+003
42,78,-7.848872e+003
42,79,-7.848873e+003
42,80,-7.848911e+003
42,81,-7.849206e+003
42,82,-7.849566e+003
42,83,-7.849741e+003
42,84,-7.849910e+003
42,85,-7.850062e+003
42,86,-7.850346e+003
42,87,-7.850564e+003
42,88,-7.850721e+003
42,89,-7.850889e+003
42,90,-7.851012e+003
42,91,-7.851025e+003
42,92,-7.851081e+003
42,93,-7.851189e+003
42,94,-7.851191e+003
42,95,-7.851195e+003
42,96,-7.851198e+003
42,97,-7.851201e+003
42,98,-7.851205e+003
42,99,-7.851208e+003
42,100,-7.851208e+003
43,0,-7.839838e+003
43,1,-7.839838e+003
43,2,-7.839838e+003
43,3,-7.839838e+003
43,4,-7.839838e+003
43,5,-7.839838e+003
43,6,-7.839838e+003
43,7,-7.839839e+003
43,8,-7.839840e+003
43,9,-7.839840e+003
43,10,-7.839840e+003
43,11,-7.839841e+003
43,12,-7.839841e+003
43,13,-7.839842e+003
43,14,-7.839843e+003
43,15,-7.839843e+003
43,16,-7.839844e+003
43,17,-7.839844e+003
43,18,-7.839845e+003
43,19,-7.839846e+003
43,20,-7.839846e+003
43,21,-7.839847e+003
43,22,-7.839848e+003
43,23,-7.839849e+003
43,24,-7.839849e+003
43,25,-7.839850e+003
43,26,-7.839851e+003
43,27,-7.839852e+003
43,28,-7.839853e+003
43,29,-7.839854e+003
43,30,-7.839855e+003
43,31,-7.839856e+003
43,32,-7.839856e+003
44,0,-7.839303e+003
44,1,-7.839303e+003
44,2,-7.839303e+003
44,3,-7.839303e+003
44,4,-7.839303e+003
44,5,-7.839303e+003
44,6,-7.839312e+003
44,7,-7.839313e+003
44,8,-7.839315e+003
44,9,-7.839316e+003
44,10,-7.839318e+003
44,11,-7.839320e+003
44,12,-7.839322e+003
44,13,-7.839323e+003
44,14,-7.839325e+003
44,15,-7.839327e+003
44,16,-7.839329e+003
44,17,-7.839332e+003
44,18,-7.839334e+003
44,19,-7.839336e+003
44,20,-7.839338e+003
44,21,-7.839340e+003
44,22,-7.839343e+003
44,23,-7.839345e+003
44,24,-7.839348e+003
44,25,-7.839350e+003
44,26,-7.839353e+003
44,27,-7.839355e+003
44,28,-7.839358e+003
44,29,-7.839361e+003
44,30,-7.839363e+003
44,31,-7.839366e+003
44,32,-7.839369e+003
44,33,-7.839369e+003
44,34,-7.839370e+003
44,35,-7.839372e+003
44,36,-7.839376e+003
44,37,-7.839379e+003
44,38,-7.839382e+003
44,39,-7.839384e+003
44,40,-7.839387e+003
44,41,-7.839390e+003
44,42,-7.839393e+003
44,43,-7.839396e+003
44,44,-7.839438e+003
44,45,-7.839438e+003
45,0,-7.836658e+003
45,1,-7.840399e+003
45,2,-7.841905e+003
45,3,-7.843083e+003
45,4,-7.843967e+003
45,5,-7.844715e+003
45,6,-7.845215e+003
45,7,-7.845712e+003
45,8,-7.845881e+003
45,9,-7.845974e+003
45,10,-7.846124e+003
45,11,-7.846193e+003
45,12,-7.846254e+003
45,13,-7.846286e+003
45,14,-7.846316e+003
45,15,-7.846376e+003
45,16,-7.846382e+003
45,17,-7.846598e+003
45,18,-7.846697e+003
45,19,-7.846711e+003
45,20,-7.846712e+003
45,21,-7.846759e+003
45,22,-7.846760e+003
45,23,-7.846820e+003
45,24,-7.846821e+003
45,25,-7.846836e+003
45,26,-7.846837e+003
45,27,-7.846839e+003
45,28,-7.846842e+003
45,29,-7.846845e+003
45,30,-7.846881e+003
45,31,-7.846881e+003
46,0,-7.840684e+003
46,1,-7.840684e+003
46,2,-7.840684e+003
46,3,-7.840716e+003
46,4,-7.840720e+003
46,5,-7.840722e+003
46,6,-7.840723e+003
46,7,-7.840723e+003
46,8,-7.840723e+003
46,9,-7.840723e+003
46,10,-7.840773e+003
46,11,-7.840780e+003
46,12,-7.840788e+003
46,13,-7.840841e+003
46,14,-7.840850e+003
46,15,-7.840859e+003
46,16,-7.840869e+003
46,17,-7.840879e+003
46,18,-7.840880e+003
46,19,-7.840881e+003
46,20,-7.840923e+003
46,21,-7.840933e+003
46,22,-7.840988e+003
46,23,-7.840999e+003
46,24,-7.841054e+003
46,25,-7.841064e+003
46,26,-7.841074e+003
46,27,-7.841085e+003
46,28,-7.841095e+003
46,29,-7.841106e+003
46,30,-7.841117e+003
46,31,-7.841117e+003
46,32,-7.841119e+003
46,33,-7.841171e+003
46,34,-7.841183e+003
46,35,-7.841195e+003
46,36,-7.841197e+003
46,37,-7.841209e+003
46,38,-7.841267e+003
46,39,-7.841325e+003
46,40,-7.841331e+003
46,41,-7.841332e+003
46,42,-7.841429e+003
46,43,-7.841442e+003
46,44,-7.841455e+003
46,45,-7.841456e+003
46,46,-7.841458e+003
46,47,-7.841466e+003
46,48,-7.841477e+003
46,49,-7.841529e+003
46,50,-7.841530e+003
46,51,-7.841558e+003
46,52,-7.841568e+003
46,53,-7.841577e+003
46,54,-7.841586e+003
46,55,-7.841595e+003
46,56,-7.841604e+003
46,57,-7.841613e+003
46,58,-7.841621e+003
46,59,-7.841629e+003
46,60,-7.841637e+003
46,61,-7.841644e+003
46,62,-7.841652e+003
46,63,-7.841659e+003
46,64,-7.841666e+003
46,65,-7.841674e+003
46,66,-7.841681e+003
46,67,-7.841688e+003
46,68,-7.841695e+003
46,69,-7.842709e+003
46,70,-7.843844e+003
46,71,-7.845039e+003
46,72,-7.845829e+003
46,73,-7.846010e+003
46,74,-7.846330e+003
46,75,-7.846537e+003
46,76,-7.846644e+003
46,77,-7.846698e+003
46,78,-7.846803e+003
46,79,-7.846897e+003
46,80,-7.846936e+003
46,81,-7.846976e+003
46,82,-7.847104e+003
46,83,-7.847184e+003
46,84,-7.847222e+003
46,85,-7.847263e+003
46,86,-7.847311e+003
46,87,-7.847311e+003
47,0,-7.841173e+003
47,1,-7.841254e+003
47,2,-7.841304e+003
47,3,-7.841434e+003
47,4,-7.841530e+003
47,5,-7.841609e+003
47,6,-7.841689e+003
47,7,-7.841769e+003
47,8,-7.841821e+003
47,9,-7.841823e+003
47,10,-7.841947e+003
47,11,-7.841996e+003
47,12,-7.842148e+003
47,13,-7.842287e+003
47,14,-7.842288e+003
47,15,-7.842355e+003
47,16,-7.842382e+003
47,17,-7.842408e+003
47,18,-7.842489e+003
47,19,-7.842524e+003
47,20,-7.842565e+003
47,21,-7.842602e+003
47,22,-7.842638e+003
47,23,-7.842729e+003
47,24,-7.842764e+003
47,25,-7.842798e+003
47,26,-7.842836e+003
47,27,-7.842837e+003
47,28,-7.842928e+003
47,29,-7.842959e+003
47,30,-7.842991e+003
47,31,-7.843068e+003
47,32,-7.843190e+003
47,33,-7.843221e+003
47,34,-7.843242e+003
47,35,-7.843318e+003
47,36,-7.843351e+003
47,37,-7.843434e+003
47,38,-7.843514e+003
47,39,-7.843585e+003
47,40,-7.843622e+003
47,41,-7.843655e+003
47,42,-7.843681e+003
47,43,-7.843777e+003
47,44,-7.843871e+003
47,45,-7.843872e+003
47,46,-7.843987e+003
47,47,-7.843988e+003
47,48,-7.844107e+003
47,49,-7.844136e+003
47,50,-7.844181e+003
47,51,-7.844213e+003
47,52,-7.844235e+003
47,53,-7.844281e+003
47,54,-7.844327e+003
47,55,-7.844329e+003
47,56,-7.844330e+003
47,57,-7.844391e+003
47,58,-7.844473e+003
47,59,-7.844474e+003
47,60,-7.844526e+003
47,61,-7.844560e+003
47,62,-7.844593e+003
47,63,-7.844671e+003
47,64,-7.844748e+003
47,65,-7.844780e+003
47,66,-7.844811e+003
47,67,-7.844845e+003
47,68,-7.844865e+003
47,69,-7.844909e+003
47,70,-7.844977e+003
47,71,-7.845020e+003
47,72,-7.845042e+003
47,73,-7.845043e+003
47,74,-7.845095e+003
47,75,-7.845118e+003
47,76,-7.845140e+003
47,77,-7.845204e+003
47,78,-7.845213e+003
47,79,-7.845285e+003
47,80,-7.845296e+003
47,81,-7.845795e+003
47,82,-7.846329e+003
47,83,-7.846758e+003
47,84,-7.847035e+003
47,85,-7.847353e+003
47,86,-7.847635e+003
47,87,-7.847785e+003
47,88,-7.847897e+003
47,89,-7.848032e+003
47,90,-7.848107e+003
47,91,-7.848252e+003
47,92,-7.848255e+003
47,93,-7.848259e+003
47,94,-7.848263e+003
47,95,-7.848278e+003
47,96,-7.848279e+003
47,97,-7.848279e+003
48,0,-7.838378e+003
48,1,-7.838389e+003
48,2,-7.838390e+003
48,3,-7.838394e+003
48,4,-7.838408e+003
48,5,-7.838420e+003
48,6,-7.838437e+003
48,7,-7.838446e+003
48,8,-7.838498e+003
48,9,-7.838565e+003
48,10,-7.838586e+003
48,11,-7.838612e+003
48,12,-7.838643e+003
48,13,-7.838644e+003
48,14,-7.838647e+003
48,15,-7.838685e+003
48,16,-7.838759e+003
48,17,-7.838759e+003
49,0,-7.836642e+003
49,1,-7.836760e+003
49,2,-7.836767e+003
49,3,-7.836816e+003
49,4,-7.836816e+003
49,5,-7.836896e+003
49,6,-7.836928e+003
49,7,-7.836955e+003
49,8,-7.836959e+003
49,9,-7.837082e+003
49,10,-7.837114e+003
49,11,-7.837146e+003
49,12,-7.837147e+003
49,13,-7.837183e+003
49,14,-7.837225e+003
49,15,-7.837227e+003
49,16,-7.837242e+003
49,17,-7.837268e+003
49,18,-7.837293e+003
49,19,-7.837350e+003
49,20,-7.837363e+003
49,21,-7.837385e+003
49,22,-7.837407e+003
49,23,-7.837408e+003
49,24,-7.837410e+003
49,25,-7.837435e+003
49,26,-7.837488e+003
49,27,-7.837490e+003
49,28,-7.837510e+003
49,29,-7.837512e+003
49,30,-7.837516e+003
49,31,-7.837517e+003
49,32,-7.837519e+003
49,33,-7.837574e+003
49,34,-7.837575e+003
49,35,-7.837578e+003
49,36,-7.837581e+003
49,37,-7.837660e+003
49,38,-7.837661e+003
49,39,-7.837663e+003
49,40,-7.837663e+003
50,0,-7.836818e+003
50,1,-7.836831e+003
50,2,-7.836846e+003
50,3,-7.836906e+003
50,4,-7.836922e+003
50,5,-7.836923e+003
50,6,-7.836956e+003
50,7,-7.836957e+003
50,8,-7.836970e+003
50,9,-7.836971e+003
50,10,-7.836973e+003
50,11,-7.836977e+003
50,12,-7.837036e+003
50,13,-7.837053e+003
50,14,-7.837084e+003
50,15,-7.837146e+003
50,16,-7.837147e+003
50,17,-7.837168e+003
50,18,-7.837185e+003
50,19,-7.837202e+003
50,20,-7.837203e+003
50,21,-7.837277e+003
50,22,-7.837278e+003
50,23,-7.837335e+003
50,24,-7.838908e+003
50,25,-7.839727e+003
50,26,-7.840069e+003
50,27,-7.840312e+003
50,28,-7.840525e+003
50,29,-7.840844e+003
50,30,-7.841058e+003
50,31,-7.841391e+003
50,32,-7.841547e+003
50,33,-7.841823e+003
50,34,-7.842103e+003
50,35,-7.842365e+003
50,36,-7.842672e+003
50,37,-7.842826e+003
50,38,-7.843044e+003
50,39,-7.843110e+003
50,40,-7.843134e+003
50,41,-7.843179e+003
50,42,-7.843319e+003
50,43,-7.843399e+003
50,44,-7.843401e+003
50,45,-7.843402e+003
50,46,-7.843403e+003
50,47,-7.843405e+003
50,48,-7.843418e+003
50,49,-7.843419e+003
50,50,-7.843419e+003
51,0,-7.839757e+003
51,1,-7.839772e+003
51,2,-7.839838e+003
51,3,-7.839867e+003
51,4,-7.839894e+003
51,5,-7.839896e+003
51,6,-7.839924e+003
51,7,-7.839925e+003
51,8,-7.840018e+003
51,9,-7.840056e+003
51,10,-7.840097e+003
51,11,-7.840177e+003
51,12,-7.840190e+003
51,13,-7.840232e+003
51,14,-7.840259e+003
51,15,-7.840314e+003
51,16,-7.840342e+003
51,17,-7.840345e+003
51,18,-7.840347e+003
51,19,-7.840394e+003
51,20,-7.840412e+003
51,21,-7.840443e+003
51,22,-7.840475e+003
51,23,-7.840506e+003
51,24,-7.840508e+003
51,25,-7.840547e+003
51,26,-7.840553e+003
51,27,-7.840665e+003
51,28,-7.840736e+003
51,29,-7.840762e+003
51,30,-7.840780e+003
51,31,-7.840799e+003
51,32,-7.840820e+003
51,33,-7.840846e+003
51,34,-7.840913e+003
51,35,-7.840936e+003
51,36,-7.841005e+003
51,37,-7.841006e+003
51,38,-7.841022e+003
51,39,-7.841089e+003
51,40,-7.841101e+003
51,41,-7.841229e+003
51,42,-7.841239e+003
51,43,-7.841271e+003
51,44,-7.841342e+003
51,45,-7.841408e+003
51,46,-7.841409e+003
51,47,-7.841411e+003
51,48,-7.841504e+003
51,49,-7.841505e+003
51,50,-7.841666e+003
51,51,-7.841684e+003
51,52,-7.841726e+003
51,53,-7.841762e+003
51,54,-7.841858e+003
51,55,-7.841859e+003
51,56,-7.841975e+003
51,57,-7.842068e+003
51,58,-7.842191e+003
51,59,-7.842303e+003
51,60,-7.842330e+003
51,61,-7.842330e+003
51,62,-7.842415e+003
51,63,-7.842438e+003
51,64,-7.842516e+003
51,65,-7.842547e+003
51,66,-7.842612e+003
51,67,-7.842730e+003
51,68,-7.842749e+003
51,69,-7.842819e+003
51,70,-7.842886e+003
51,71,-7.842887e+003
51,72,-7.842889e+003
51,73,-7.843261e+003
51,74,-7.843785e+003
51,75,-7.844226e+003
51,76,-7.844549e+003
51,77,-7.844710e+003
51,78,-7.844789e+003
51,79,-7.844870e+003
51,80,-7.844922e+003
51,81,-7.845019e+003
51,82,-7.845098e+003
51,83,-7.845146e+003
51,84,-7.845148e+003
51,85,-7.845151e+003
51,86,-7.845154e+003
51,87,-7.845154e+003
52,0,-7.836707e+003
52,1,-7.836707e+003
52,2,-7.836707e+003
52,3,-7.836707e+003
52,4,-7.836707e+003
52,5,-7.836719e+003
52,6,-7.836722e+003
52,7,-7.836724e+003
52,8,-7.836727e+003
52,9,-7.836731e+003
52,10,-7.836734e+003
52,11,-7.836738e+003
52,12,-7.836743e+003
52,13,-7.836743e+003
52,14,-7.836745e+003
52,15,-7.836745e+003
52,16,-7.836796e+003
52,17,-7.836803e+003
52,18,-7.836810e+003
52,19,-7.836810e+003
53,0,-7.834937e+003
53,1,-7.834990e+003
53,2,-7.834999e+003
53,3,-7.835057e+003
53,4,-7.835057e+003
53,5,-7.835066e+003
53,6,-7.835077e+003
53,7,-7.835087e+003
53,8,-7.835088e+003
53,9,-7.835090e+003
53,10,-7.835133e+003
53,11,-7.835144e+003
53,12,-7.835155e+003
53,13,-7.835166e+003
53,14,-7.835166e+003
54,0,-7.832023e+003
54,1,-7.832035e+003
54,2,-7.832046e+003
54,3,-7.832047e+003
54,4,-7.832049e+003
54,5,-7.832101e+003
54,6,-7.832169e+003
54,7,-7.832170e+003
54,8,-7.832171e+003
54,9,-7.832183e+003
54,10,-7.832184e+003
54,11,-7.832232e+003
54,12,-7.832244e+003
54,13,-7.832256e+003
54,14,-7.832268e+003
54,15,-7.832280e+003
54,16,-7.832281e+003
54,17,-7.832283e+003
54,18,-7.832286e+003
54,19,-7.832344e+003
54,20,-7.832345e+003
54,21,-7.832345e+003
55,0,-7.830651e+003
55,1,-7.830651e+003
55,2,-7.830651e+003
55,3,-7.830651e+003
55,4,-7.830710e+003
55,5,-7.830721e+003
55,6,-7.830742e+003
55,7,-7.830856e+003
55,8,-7.830867e+003
55,9,-7.830879e+003
55,10,-7.830890e+003
55,11,-7.830891e+003
55,12,-7.830892e+003
55,13,-7.830904e+003
55,14,-7.830916e+003
55,15,-7.830974e+003
55,16,-7.830986e+003
55,17,-7.830998e+003
55,18,-7.831011e+003
55,19,-7.831023e+003
55,20,-7.831035e+003
55,21,-7.831047e+003
55,22,-7.831059e+003
55,23,-7.831060e+003
55,24,-7.831104e+003
55,25,-7.831115e+003
55,26,-7.831115e+003
55,27,-7.831117e+003
55,28,-7.834483e+003
55,29,-7.836549e+003
55,30,-7.838268e+003
55,31,-7.838648e+003
55,32,-7.838990e+003
55,33,-7.839379e+003
55,34,-7.839616e+003
55,35,-7.839851e+003
55,36,-7.839955e+003
55,37,-7.840076e+003
55,38,-7.840175e+003
55,39,-7.840344e+003
55,40,-7.840509e+003
55,41,-7.840512e+003
55,42,-7.840577e+003
55,43,-7.840579e+003
55,44,-7.840582e+003
55,45,-7.840586e+003
55,46,-7.840591e+003
55,47,-7.840595e+003
55,48,-7.840599e+003
55,49,-7.840603e+003
55,50,-7.840606e+003
55,51,-7.840606e+003
56,0,-7.835975e+003
56,1,-7.835975e+003
56,2,-7.835975e+003
56,3,-7.835975e+003
56,4,-7.835975e+003
56,5,-7.835975e+003
56,6,-7.835975e+003
56,7,-7.835980e+003
56,8,-7.835981e+003
56,9,-7.836026e+003
56,10,-7.836026e+003
56,11,-7.836027e+003
56,12,-7.836027e+003
56,13,-7.836028e+003
56,14,-7.836028e+003
56,15,-7.836029e+003
56,16,-7.836029e+003
56,17,-7.836030e+003
56,18,-7.836031e+003
56,19,-7.836031e+003
56,20,-7.836031e+003
57,0,-7.835561e+003
57,1,-7.835561e+003
57,2,-7.835561e+003
57,3,-7.835561e+003
57,4,-7.835568e+003
57,5,-7.835569e+003
57,6,-7.835570e+003
57,7,-7.835571e+003
57,8,-7.835572e+003
57,9,-7.835573e+003
57,10,-7.835574e+003
57,11,-7.835575e+003
57,12,-7.835576e+003
57,13,-7.835577e+003
57,14,-7.835623e+003
57,15,-7.835623e+003
57,16,-7.835624e+003
57,17,-7.835626e+003
57,18,-7.835627e+003
57,19,-7.835629e+003
57,20,-7.835630e+003
57,21,-7.835632e+003
57,22,-7.835634e+003
57,23,-7.835636e+003
57,24,-7.835682e+003
57,25,-7.835684e+003
57,26,-7.835685e+003
57,27,-7.835685e+003
58,0,-7.834573e+003
58,1,-7.834575e+003
58,2,-7.834577e+003
58,3,-7.834580e+003
58,4,-7.834582e+003
58,5,-7.834584e+003
58,6,-7.834586e+003
58,7,-7.834589e+003
58,8,-7.834591e+003
58,9,-7.834593e+003
58,10,-7.834593e+003
58,11,-7.834593e+003
59,0,-7.833519e+003
59,1,-7.833522e+003
59,2,-7.833524e+003
59,3,-7.833603e+003
59,4,-7.833603e+003
59,5,-7.833603e+003
59,6,-7.833603e+003
59,7,-7.833604e+003
59,8,-7.833604e+003
59,9,-7.833604e+003
59,10,-7.833608e+003
59,11,-7.833610e+003
59,12,-7.833613e+003
59,13,-7.833615e+003
59,14,-7.833615e+003
59,15,-7.837103e+003
59,16,-7.839298e+003
59,17,-7.840368e+003
59,18,-7.841063e+003
59,19,-7.841798e+003
59,20,-7.842576e+003
59,21,-7.842934e+003
59,22,-7.843111e+003
59,23,-7.843299e+003
59,24,-7.843387e+003
59,25,-7.843505e+003
59,26,-7.843582e+003
59,27,-7.843597e+003
59,28,-7.843749e+003
59,29,-7.843912e+003
59,30,-7.844199e+003
59,31,-7.844201e+003
59,32,-7.844263e+003
59,33,-7.844303e+003
59,34,-7.844487e+003
59,35,-7.844643e+003
59,36,-7.844648e+003
59,37,-7.844800e+003
59,38,-7.844977e+003
59,39,-7.845047e+003
59,40,-7.845305e+003
59,41,-7.845790e+003
59,42,-7.845981e+003
59,43,-7.846245e+003
59,44,-7.846514e+003
59,45,-7.846825e+003
59,46,-7.847000e+003
59,47,-7.847115e+003
59,48,-7.847353e+003
59,49,-7.847583e+003
59,50,-7.847810e+003
59,51,-7.848083e+003
59,52,-7.848500e+003
59,53,-7.848737e+003
59,54,-7.848844e+003
59,55,-7.849079e+003
59,56,-7.849269e+003
59,57,-7.849442e+003
59,58,-7.849575e+003
59,59,-7.849673e+003
59,60,-7.849816e+003
59,61,-7.849818e+003
59,62,-7.849989e+003
59,63,-7.850081e+003
59,64,-7.850144e+003
59,65,-7.850254e+003
59,66,-7.850414e+003
59,67,-7.850587e+003
59,68,-7.850688e+003
59,69,-7.850928e+003
59,70,-7.851017e+003
59,71,-7.851185e+003
59,72,-7.851300e+003
59,73,-7.851325e+003
59,74,-7.851397e+003
59,75,-7.851620e+003
59,76,-7.851772e+003
59,77,-7.851789e+003
59,78,-7.851792e+003
59,79,-7.851900e+003
59,80,-7.851969e+003
59,81,-7.852086e+003
59,82,-7.852103e+003
59,83,-7.852171e+003
59,84,-7.852236e+003
59,85,-7.852282e+003
59,86,-7.852326e+003
59,87,-7.852364e+003
59,88,-7.852395e+003
59,89,-7.852397e+003
59,90,-7.852433e+003
59,91,-7.852457e+003
59,92,-7.852458e+003
59,93,-7.852463e+003
59,94,-7.852481e+003
59,95,-7.852482e+003
59,96,-7.852484e+003
59,97,-7.852487e+003
59,98,-7.852491e+003
59,99,-7.852495e+003
59,100,-7.852500e+003
59,101,-7.852505e+003
59,102,-7.852510e+003
59,103,-7.852514e+003
59,104,-7.852514e+003
60,0,-7.837396e+003
60,1,-7.837396e+003
60,2,-7.837397e+003
60,3,-7.837398e+003
60,4,-7.837443e+003
60,5,-7.837444e+003
60,6,-7.837444e+003
60,7,-7.837486e+003
60,8,-7.837487e+003
60,9,-7.837487e+003
60,10,-7.838670e+003
60,11,-7.842947e+003
60,12,-7.845281e+003
60,13,-7.846843e+003
60,14,-7.847981e+003
60,15,-7.848950e+003
60,16,-7.849675e+003
60,17,-7.850306e+003
60,18,-7.850777e+003
60,19,-7.851117e+003
60,20,-7.851432e+003
60,21,-7.851636e+003
60,22,-7.851780e+003
60,23,-7.851896e+003
60,24,-7.852141e+003
60,25,-7.852304e+003
60,26,-7.852431e+003
60,27,-7.852591e+003
60,28,-7.852806e+003
60,29,-7.852876e+003
60,30,-7.852945e+003
60,31,-7.853041e+003
60,32,-7.853138e+003
60,33,-7.853139e+003
60,34,-7.853142e+003
60,35,-7.853145e+003
60,36,-7.853145e+003
61,0,-7.839412e+003
61,1,-7.839414e+003
61,2,-7.839416e+003
61,3,-7.839422e+003
61,4,-7.839425e+003
61,5,-7.839428e+003
61,6,-7.839431e+003
61,7,-7.839434e+003
61,8,-7.839437e+003
61,9,-7.839441e+003
61,10,-7.839442e+003
61,11,-7.839444e+003
61,12,-7.839446e+003
61,13,-7.839466e+003
61,14,-7.839471e+003
61,15,-7.839477e+003
61,16,-7.839478e+003
61,17,-7.839486e+003
61,18,-7.839488e+003
61,19,-7.839495e+003
61,20,-7.839503e+003
61,21,-7.839511e+003
61,22,-7.839520e+003
61,23,-7.839529e+003
61,24,-7.839539e+003
61,25,-7.839549e+003
61,26,-7.839560e+003
61,27,-7.839616e+003
61,28,-7.839628e+003
61,29,-7.839640e+003
61,30,-7.839657e+003
61,31,-7.839670e+003
61,32,-7.839683e+003
61,33,-7.839697e+003
61,34,-7.839711e+003
61,35,-7.839712e+003
61,36,-7.839714e+003
61,37,-7.839737e+003
61,38,-7.839798e+003
61,39,-7.839813e+003
61,40,-7.839829e+003
61,41,-7.839848e+003
61,42,-7.839864e+003
61,43,-7.839925e+003
61,44,-7.839926e+003
61,45,-7.839944e+003
61,46,-7.839945e+003
61,47,-7.839947e+003
61,48,-7.839947e+003
62,0,-7.834811e+003
62,1,-7.834826e+003
62,2,-7.834827e+003
62,3,-7.834829e+003
62,4,-7.834832e+003
62,5,-7.834937e+003
62,6,-7.834941e+003
62,7,-7.835025e+003
62,8,-7.835043e+003
62,9,-7.835057e+003
62,10,-7.835077e+003
62,11,-7.835096e+003
62,12,-7.835117e+003
62,13,-7.835117e+003
63,0,-7.830733e+003
63,1,-7.830752e+003
63,2,-7.830773e+003
63,3,-7.830783e+003
63,4,-7.830804e+003
63,5,-7.830928e+003
63,6,-7.830938e+003
63,7,-7.830961e+003
63,8,-7.831030e+003
63,9,-7.831054e+003
63,10,-7.839543e+003
63,11,-7.844991e+003
63,12,-7.846855e+003
63,13,-7.848156e+003
63,14,-7.849165e+003
63,15,-7.850068e+003
63,16,-7.850610e+003
63,17,-7.851057e+003
63,18,-7.852075e+003
63,19,-7.852679e+003
63,20,-7.853017e+003
63,21,-7.853417e+003
63,22,-7.853654e+003
63,23,-7.853948e+003
63,24,-7.854200e+003
63,25,-7.854401e+003
63,26,-7.854569e+003
63,27,-7.854745e+003
63,28,-7.854881e+003
63,29,-7.855010e+003
63,30,-7.855064e+003
63,31,-7.855066e+003
63,32,-7.855108e+003
63,33,-7.855110e+003
63,34,-7.855113e+003
63,35,-7.855116e+003
63,36,-7.855119e+003
63,37,-7.855122e+003
63,38,-7.855124e+003
63,39,-7.855127e+003
63,40,-7.855129e+003
63,41,-7.855129e+003
64,0,-7.843536e+003
64,1,-7.843538e+003
64,2,-7.843540e+003
64,3,-7.843542e+003
64,4,-7.843542e+003
64,5,-7.843542e+003
64,6,-7.843542e+003
64,7,-7.843542e+003
64,8,-7.843542e+003
64,9,-7.843542e+003
64,10,-7.843542e+003
64,11,-7.843542e+003
65,0,-7.843976e+003
65,1,-7.843976e+003
65,2,-7.843980e+003
65,3,-7.843981e+003
65,4,-7.843981e+003
65,5,-7.843981e+003
65,6,-7.843981e+003
65,7,-7.843981e+003
65,8,-7.843981e+003
65,9,-7.843981e+003
65,10,-7.843981e+003
65,11,-7.843981e+003
65,12,-7.843981e+003
66,0,-7.844063e+003
66,1,-7.844063e+003
66,2,-7.844068e+003
66,3,-7.844114e+003
66,4,-7.844114e+003
66,5,-7.844114e+003
66,6,-7.844114e+003
66,7,-7.844114e+003
66,8,-7.844114e+003
66,9,-7.844115e+003
66,10,-7.844115e+003
66,11,-7.844115e+003
67,0,-7.843661e+003
67,1,-7.843661e+003
67,2,-7.843661e+003
67,3,-7.843661e+003
67,4,-7.843663e+003
67,5,-7.843664e+003
67,6,-7.843664e+003
67,7,-7.843665e+003
67,8,-7.843666e+003
67,9,-7.843666e+003
67,10,-7.843666e+003
67,11,-7.843666e+003
68,0,-7.842950e+003
68,1,-7.842951e+003
68,2,-7.842952e+003
68,3,-7.842953e+003
68,4,-7.842954e+003
68,5,-7.842955e+003
68,6,-7.842956e+003
68,7,-7.842956e+003
68,8,-7.842957e+003
68,9,-7.842957e+003
68,10,-7.842957e+003
68,11,-7.842957e+003
69,0,-7.841567e+003
69,1,-7.841568e+003
69,2,-7.841568e+003
69,3,-7.841569e+003
69,4,-7.841569e+003
69,5,-7.841569e+003
69,6,-7.841569e+003
69,7,-7.843945e+003
69,8,-7.845115e+003
69,9,-7.846483e+003
69,10,-7.848186e+003
69,11,-7.849727e+003
69,12,-7.850866e+003
69,13,-7.851780e+003
69,14,-7.852261e+003
69,15,-7.852845e+003
69,16,-7.853307e+003
69,17,-7.853609e+003
69,18,-7.853869e+003
69,19,-7.854091e+003
69,20,-7.854185e+003
69,21,-7.854340e+003
69,22,-7.854436e+003
69,23,-7.854525e+003
69,24,-7.854681e+003
69,25,-7.854864e+003
69,26,-7.854964e+003
69,27,-7.855035e+003
69,28,-7.855195e+003
69,29,-7.855346e+003
69,30,-7.855426e+003
69,31,-7.855522e+003
69,32,-7.855623e+003
69,33,-7.855691e+003
69,34,-7.855742e+003
69,35,-7.855759e+003
69,36,-7.855803e+003
69,37,-7.855847e+003
69,38,-7.855890e+003
69,39,-7.855936e+003
69,40,-7.855988e+003
69,41,-7.855990e+003
69,42,-7.856035e+003
69,43,-7.856035e+003
70,0,-7.845223e+003
70,1,-7.845242e+003
70,2,-7.845264e+003
70,3,-7.845323e+003
70,4,-7.845356e+003
70,5,-7.845446e+003
70,6,-7.845527e+003
70,7,-7.845610e+003
70,8,-7.845697e+003
70,9,-7.845741e+003
70,10,-7.845788e+003
70,11,-7.845881e+003
70,12,-7.845941e+003
70,13,-7.845991e+003
70,14,-7.846108e+003
70,15,-7.846205e+003
70,16,-7.846292e+003
70,17,-7.846345e+003
70,18,-7.846399e+003
70,19,-7.846454e+003
70,20,-7.846520e+003
70,21,-7.846577e+003
70,22,-7.846580e+003
70,23,-7.846591e+003
70,24,-7.846636e+003
70,25,-7.846728e+003
70,26,-7.846810e+003
70,27,-7.846811e+003
70,28,-7.846935e+003
70,29,-7.846936e+003
70,30,-7.847014e+003
70,31,-7.847015e+003
70,32,-7.847164e+003
70,33,-7.847271e+003
70,34,-7.847272e+003
70,35,-7.847344e+003
70,36,-7.847358e+003
70,37,-7.847407e+003
70,38,-7.847454e+003
70,39,-7.847455e+003
70,40,-7.847528e+003
70,41,-7.847571e+003
70,42,-7.847713e+003
70,43,-7.847714e+003
70,44,-7.847840e+003
70,45,-7.847922e+003
70,46,-7.847964e+003
70,47,-7.848020e+003
70,48,-7.848021e+003
70,49,-7.848145e+003
70,50,-7.848188e+003
70,51,-7.848241e+003
70,52,-7.848328e+003
70,53,-7.848417e+003
70,54,-7.848418e+003
70,55,-7.848500e+003
70,56,-7.848501e+003
70,57,-7.848586e+003
70,58,-7.848665e+003
70,59,-7.848691e+003
70,60,-7.848692e+003
70,61,-7.848700e+003
70,62,-7.848777e+003
70,63,-7.850725e+003
70,64,-7.851896e+003
70,65,-7.852747e+003
70,66,-7.853237e+003
70,67,-7.854161e+003
70,68,-7.854750e+003
70,69,-7.855096e+003
70,70,-7.855353e+003
70,71,-7.855556e+003
70,72,-7.855663e+003
70,73,-7.855819e+003
70,74,-7.855936e+003
70,75,-7.855960e+003
70,76,-7.855970e+003
70,77,-7.856061e+003
70,78,-7.856150e+003
70,79,-7.856164e+003
70,80,-7.856166e+003
70,81,-7.856169e+003
70,82,-7.856173e+003
70,83,-7.856176e+003
70,84,-7.856180e+003
70,85,-7.856183e+003
70,86,-7.856187e+003
70,87,-7.856187e+003
71,0,-7.841176e+003
71,1,-7.841176e+003
71,2,-7.841176e+003
71,3,-7.841176e+003
71,4,-7.841176e+003
71,5,-7.841176e+003
71,6,-7.841176e+003
71,7,-7.841176e+003
71,8,-7.841178e+003
71,9,-7.841179e+003
71,10,-7.841179e+003
71,11,-7.841180e+003
71,12,-7.841180e+003
71,13,-7.841181e+003
71,14,-7.841181e+003
71,15,-7.841181e+003
71,16,-7.841182e+003
71,17,-7.841182e+003
71,18,-7.841183e+003
71,19,-7.841183e+003
72,0,-7.840118e+003
72,1,-7.840118e+003
72,2,-7.840118e+003
72,3,-7.840118e+003
72,4,-7.840118e+003
72,5,-7.840118e+003
72,6,-7.840127e+003
72,7,-7.840128e+003
72,8,-7.840128e+003
72,9,-7.840129e+003
72,10,-7.840130e+003
72,11,-7.840130e+003
72,12,-7.840131e+003
72,13,-7.840132e+003
72,14,-7.840132e+003
72,15,-7.840133e+003
72,16,-7.840134e+003
72,17,-7.840135e+003
72,18,-7.840136e+003
72,19,-7.840136e+003
72,20,-7.840137e+003
72,21,-7.840138e+003
72,22,-7.840139e+003
72,23,-7.840140e+003
72,24,-7.840141e+003
72,25,-7.840141e+003
72,26,-7.840141e+003
73,0,-7.838661e+003
73,1,-7.838662e+003
73,2,-7.838663e+003
73,3,-7.838665e+003
73,4,-7.838666e+003
73,5,-7.838667e+003
73,6,-7.838667e+003
73,7,-7.838667e+003
73,8,-7.838667e+003
73,9,-7.838667e+003
73,10,-7.838667e+003
73,11,-7.838667e+003
74,0,-7.837507e+003
74,1,-7.837530e+003
74,2,-7.837532e+003
74,3,-7.837533e+003
74,4,-7.837535e+003
74,5,-7.837536e+003
74,6,-7.837538e+003
74,7,-7.837540e+003
74,8,-7.837541e+003
74,9,-7.837543e+003
74,10,-7.837544e+003
74,11,-7.837550e+003
74,12,-7.837550e+003
75,0,-7.835723e+003
75,1,-7.835723e+003
75,2,-7.835723e+003
75,3,-7.839418e+003
75,4,-7.842221e+003
75,5,-7.845009e+003
75,6,-7.847941e+003
75,7,-7.849520e+003
75,8,-7.850555e+003
75,9,-7.851549e+003
75,10,-7.852482e+003
75,11,-7.852977e+003
75,12,-7.853599e+003
75,13,-7.853867e+003
75,14,-7.854229e+003
75,15,-7.854329e+003
75,16,-7.854571e+003
75,17,-7.854809e+003
75,18,-7.854988e+003
75,19,-7.855208e+003
75,20,-7.855312e+003
75,21,-7.855417e+003
75,22,-7.855505e+003
75,23,-7.855603e+003
75,24,-7.855705e+003
75,25,-7.855750e+003
75,26,-7.855769e+003
75,27,-7.855771e+003
75,28,-7.855797e+003
75,29,-7.855815e+003
75,30,-7.855829e+003
75,31,-7.855854e+003
75,32,-7.855914e+003
75,33,-7.855937e+003
75,34,-7.855938e+003
75,35,-7.855973e+003
75,36,-7.856033e+003
75,37,-7.856033e+003
76,0,-7.843824e+003
76,1,-7.843838e+003
76,2,-7.843848e+003
76,3,-7.843860e+003
76,4,-7.843874e+003
76,5,-7.843875e+003
76,6,-7.843880e+003
76,7,-7.843896e+003
76,8,-7.843915e+003
76,9,-7.843979e+003
76,10,-7.844000e+003
76,11,-7.844023e+003
76,12,-7.844098e+003
76,13,-7.844123e+003
76,14,-7.844149e+003
76,15,-7.844166e+003
76,16,-7.844203e+003
76,17,-7.844204e+003
76,18,-7.844222e+003
76,19,-7.844223e+003
76,20,-7.844242e+003
76,21,-7.844316e+003
76,22,-7.844343e+003
76,23,-7.844365e+003
76,24,-7.844388e+003
76,25,-7.844413e+003
76,26,-7.844449e+003
76,27,-7.844519e+003
76,28,-7.844534e+003
76,29,-7.844542e+003
76,30,-7.844580e+003
76,31,-7.844591e+003
76,32,-7.844626e+003
76,33,-7.844712e+003
76,34,-7.844785e+003
76,35,-7.844828e+003
76,36,-7.844863e+003
76,37,-7.844864e+003
76,38,-7.844943e+003
76,39,-7.845037e+003
76,40,-7.845038e+003
76,41,-7.845147e+003
76,42,-7.845187e+003
76,43,-7.845346e+003
76,44,-7.845389e+003
76,45,-7.845478e+003
76,46,-7.845567e+003
76,47,-7.845614e+003
76,48,-7.845748e+003
76,49,-7.845801e+003
76,50,-7.845842e+003
76,51,-7.845882e+003
76,52,-7.845934e+003
76,53,-7.846041e+003
76,54,-7.846078e+003
76,55,-7.846079e+003
76,56,-7.846144e+003
76,57,-7.846178e+003
76,58,-7.846223e+003
76,59,-7.846267e+003
76,60,-7.846311e+003
76,61,-7.846345e+003
76,62,-7.846470e+003
76,63,-7.846470e+003
76,64,-7.846550e+003
76,65,-7.850724e+003
76,66,-7.852491e+003
76,67,-7.853738e+003
76,68,-7.854339e+003
76,69,-7.854767e+003
76,70,-7.855299e+003
76,71,-7.855768e+003
76,72,-7.855935e+003
76,73,-7.856066e+003
76,74,-7.856142e+003
76,75,-7.856248e+003
76,76,-7.856329e+003
76,77,-7.856456e+003
76,78,-7.856537e+003
76,79,-7.856610e+003
76,80,-7.856612e+003
76,81,-7.856614e+003
76,82,-7.856617e+003
76,83,-7.856619e+003
76,84,-7.856622e+003
76,85,-7.856624e+003
76,86,-7.856624e+003
77,0,-7.839687e+003
77,1,-7.839687e+003
77,2,-7.839687e+003
77,3,-7.839687e+003
77,4,-7.839687e+003
77,5,-7.839687e+003
77,6,-7.839687e+003
77,7,-7.839687e+003
77,8,-7.839687e+003
77,9,-7.839687e+003
77,10,-7.839687e+003
77,11,-7.839687e+003
78,0,-7.840259e+003
78,1,-7.840259e+003
78,2,-7.840259e+003
78,3,-7.840259e+003
78,4,-7.840259e+003
78,5,-7.840259e+003
78,6,-7.840268e+003
78,7,-7.840268e+003
78,8,-7.840314e+003
78,9,-7.840314e+003
78,10,-7.840315e+003
78,11,-7.840315e+003
78,12,-7.840315e+003
78,13,-7.840316e+003
78,14,-7.840316e+003
78,15,-7.840317e+003
78,16,-7.840317e+003
78,17,-7.840317e+003
78,18,-7.840318e+003
78,19,-7.840318e+003
78,20,-7.840319e+003
78,21,-7.840319e+003
78,22,-7.840319e+003
78,23,-7.840320e+003
78,24,-7.840320e+003
79,0,-7.840984e+003
79,1,-7.840984e+003
79,2,-7.840984e+003
79,3,-7.840984e+003
79,4,-7.840984e+003
79,5,-7.840984e+003
79,6,-7.841022e+003
79,7,-7.841022e+003
79,8,-7.841062e+003
79,9,-7.841062e+003
79,10,-7.841062e+003
79,11,-7.841062e+003
79,12,-7.841063e+003
79,13,-7.841064e+003
79,14,-7.841064e+003
79,15,-7.841065e+003
79,16,-7.841066e+003
79,17,-7.841067e+003
79,18,-7.841067e+003
79,19,-7.841068e+003
79,20,-7.841069e+003
79,21,-7.841070e+003
79,22,-7.841071e+003
79,23,-7.841072e+003
79,24,-7.841073e+003
79,25,-7.841074e+003
79,26,-7.841075e+003
79,27,-7.841075e+003
79,28,-7.841076e+003
79,29,-7.841076e+003
80,0,-7.841252e+003
80,1,-7.841252e+003
80,2,-7.841252e+003
80,3,-7.841252e+003
80,4,-7.841257e+003
80,5,-7.841258e+003
80,6,-7.841259e+003
80,7,-7.841260e+003
80,8,-7.841261e+003
80,9,-7.841263e+003
80,10,-7.841264e+003
80,11,-7.843810e+003
80,12,-7.845438e+003
80,13,-7.847742e+003
80,14,-7.849492e+003
80,15,-7.850892e+003
80,16,-7.851942e+003
80,17,-7.852725e+003
80,18,-7.853383e+003
80,19,-7.853943e+003
80,20,-7.854520e+003
80,21,-7.854879e+003
80,22,-7.855075e+003
80,23,-7.855279e+003
80,24,-7.855409e+003
80,25,-7.855592e+003
80,26,-7.855704e+003
80,27,-7.855872e+003
80,28,-7.855947e+003
80,29,-7.856011e+003
80,30,-7.856076e+003
80,31,-7.856084e+003
80,32,-7.856220e+003
80,33,-7.856221e+003
80,34,-7.856224e+003
80,35,-7.856227e+003
80,36,-7.856231e+003
80,37,-7.856234e+003
80,38,-7.856237e+003
80,39,-7.856239e+003
80,40,-7.856242e+003
80,41,-7.856244e+003
80,42,-7.856249e+003
80,43,-7.856251e+003
80,44,-7.856251e+003
81,0,-7.844465e+003
81,1,-7.844465e+003
81,2,-7.844465e+003
81,3,-7.844466e+003
81,4,-7.844466e+003
81,5,-7.844466e+003
81,6,-7.844466e+003
81,7,-7.844466e+003
81,8,-7.844467e+003
81,9,-7.844467e+003
81,10,-7.844467e+003
81,11,-7.844467e+003
81,12,-7.844467e+003
82,0,-7.844316e+003
82,1,-7.844353e+003
82,2,-7.844379e+003
82,3,-7.844379e+003
82,4,-7.844379e+003
82,5,-7.844379e+003
82,6,-7.844379e+003
82,7,-7.844379e+003
82,8,-7.844379e+003
82,9,-7.844379e+003
82,10,-7.844379e+003
82,11,-7.844379e+003
83,0,-7.844376e+003
83,1,-7.844376e+003
83,2,-7.844376e+003
83,3,-7.844376e+003
83,4,-7.844376e+003
83,5,-7.844376e+003
83,6,-7.844376e+003
83,7,-7.844376e+003
83,8,-7.844376e+003
83,9,-7.844376e+003
83,10,-7.844378e+003
83,11,-7.844437e+003
83,12,-7.844438e+003
83,13,-7.844438e+003
83,14,-7.844438e+003
83,15,-7.844439e+003
83,16,-7.844439e+003
83,17,-7.844440e+003
83,18,-7.844440e+003
83,19,-7.844440e+003
83,20,-7.844441e+003
83,21,-7.844441e+003
83,22,-7.844442e+003
83,23,-7.844442e+003
83,24,-7.844443e+003
83,25,-7.844443e+003
83,26,-7.844444e+003
83,27,-7.844444e+003
83,28,-7.844445e+003
83,29,-7.844445e+003
83,30,-7.844446e+003
83,31,-7.844446e+003
83,32,-7.844446e+003
84,0,-7.843329e+003
84,1,-7.843331e+003
84,2,-7.843336e+003
84,3,-7.843336e+003
84,4,-7.843337e+003
84,5,-7.843337e+003
84,6,-7.843338e+003
84,7,-7.843339e+003
84,8,-7.846406e+003
84,9,-7.847606e+003
84,10,-7.849030e+003
84,11,-7.850428e+003
84,12,-7.851698e+003
84,13,-7.852769e+003
84,14,-7.853341e+003
84,15,-7.853841e+003
84,16,-7.854292e+003
84,17,-7.854672e+003
84,18,-7.854899e+003
84,19,-7.855214e+003
84,20,-7.855359e+003
84,21,-7.855429e+003
84,22,-7.855528e+003
84,23,-7.855697e+003
84,24,-7.855760e+003
84,25,-7.855891e+003
84,26,-7.855968e+003
84,27,-7.855987e+003
84,28,-7.856113e+003
84,29,-7.856163e+003
84,30,-7.856165e+003
84,31,-7.856181e+003
84,32,-7.856183e+003
84,33,-7.856185e+003
84,34,-7.856187e+003
84,35,-7.856189e+003
84,36,-7.856189e+003
85,0,-7.844873e+003
85,1,-7.844874e+003
85,2,-7.844874e+003
85,3,-7.844875e+003
85,4,-7.844875e+003
85,5,-7.844876e+003
85,6,-7.844876e+003
85,7,-7.844877e+003
85,8,-7.844878e+003
85,9,-7.844878e+003
85,10,-7.844888e+003
85,11,-7.844888e+003
86,0,-7.843907e+003
86,1,-7.843908e+003
86,2,-7.843909e+003
86,3,-7.843910e+003
86,4,-7.843911e+003
86,5,-7.843912e+003
86,6,-7.843913e+003
86,7,-7.843914e+003
86,8,-7.843915e+003
86,9,-7.843916e+003
86,10,-7.843917e+003
86,11,-7.843919e+003
86,12,-7.843920e+003
86,13,-7.843921e+003
86,14,-7.843923e+003
86,15,-7.843925e+003
86,16,-7.843926e+003
86,17,-7.843928e+003
86,18,-7.843930e+003
86,19,-7.843932e+003
86,20,-7.843934e+003
86,21,-7.843936e+003
86,22,-7.843938e+003
86,23,-7.843941e+003
86,24,-7.843943e+003
86,25,-7.843946e+003
86,26,-7.844007e+003
86,27,-7.844009e+003
86,28,-7.844023e+003
86,29,-7.844026e+003
86,30,-7.844029e+003
86,31,-7.844029e+003
87,0,-7.841261e+003
87,1,-7.841264e+003
87,2,-7.841267e+003
87,3,-7.841268e+003
87,4,-7.841268e+003
87,5,-7.841268e+003
87,6,-7.841335e+003
87,7,-7.841335e+003
87,8,-7.841335e+003
87,9,-7.841338e+003
87,10,-7.841342e+003
87,11,-7.841346e+003
87,12,-7.841350e+003
87,13,-7.841399e+003
87,14,-7.841404e+003
87,15,-7.841404e+003
87,16,-7.841405e+003
87,17,-7.841407e+003
87,18,-7.841407e+003
88,0,-7.837778e+003
88,1,-7.837779e+003
88,2,-7.837780e+003
88,3,-7.837782e+003
88,4,-7.837784e+003
88,5,-7.837832e+003
88,6,-7.837836e+003
88,7,-7.837840e+003
88,8,-7.843940e+003
88,9,-7.846750e+003
88,10,-7.848119e+003
88,11,-7.849570e+003
88,12,-7.850404e+003
88,13,-7.851288e+003
88,14,-7.852051e+003
88,15,-7.852783e+003
88,16,-7.853615e+003
88,17,-7.854231e+003
88,18,-7.854606e+003
88,19,-7.855076e+003
88,20,-7.855374e+003
88,21,-7.855557e+003
88,22,-7.855660e+003
88,23,-7.855788e+003
88,24,-7.855857e+003
88,25,-7.855927e+003
88,26,-7.856003e+003
88,27,-7.856079e+003
88,28,-7.856144e+003
88,29,-7.856146e+003
88,30,-7.856184e+003
88,31,-7.856185e+003
88,32,-7.856212e+003
88,33,-7.856226e+003
88,34,-7.856241e+003
88,35,-7.856257e+003
88,36,-7.856283e+003
88,37,-7.856297e+003
88,38,-7.856314e+003
88,39,-7.856314e+003
89,0,-7.845909e+003
89,1,-7.845910e+003
89,2,-7.845927e+003
89,3,-7.845928e+003
89,4,-7.845972e+003
89,5,-7.845994e+003
89,6,-7.846009e+003
89,7,-7.846009e+003
89,8,-7.846025e+003
89,9,-7.846115e+003
89,10,-7.846117e+003
89,11,-7.846118e+003
89,12,-7.846193e+003
89,13,-7.846273e+003
89,14,-7.846353e+003
89,15,-7.846381e+003
89,16,-7.846405e+003
89,17,-7.846482e+003
89,18,-7.846513e+003
89,19,-7.846533e+003
89,20,-7.846563e+003
89,21,-7.846566e+003
89,22,-7.846609e+003
89,23,-7.846651e+003
89,24,-7.846677e+003
89,25,-7.846700e+003
89,26,-7.846727e+003
89,27,-7.846755e+003
89,28,-7.846756e+003
89,29,-7.846816e+003
89,30,-7.846891e+003
89,31,-7.846923e+003
89,32,-7.846956e+003
89,33,-7.846989e+003
89,34,-7.847069e+003
89,35,-7.847070e+003
89,36,-7.847172e+003
89,37,-7.847208e+003
89,38,-7.847313e+003
89,39,-7.847314e+003
89,40,-7.847374e+003
89,41,-7.847420e+003
89,42,-7.847421e+003
89,43,-7.847507e+003
89,44,-7.847610e+003
89,45,-7.847611e+003
89,46,-7.847699e+003
89,47,-7.847703e+003
89,48,-7.847703e+003
89,49,-7.847748e+003
89,50,-7.847874e+003
89,51,-7.847944e+003
89,52,-7.848029e+003
89,53,-7.848065e+003
89,54,-7.848101e+003
89,55,-7.848172e+003
89,56,-7.848173e+003
89,57,-7.848175e+003
89,58,-7.848227e+003
89,59,-7.848268e+003
89,60,-7.848298e+003
89,61,-7.848325e+003
89,62,-7.848352e+003
89,63,-7.848426e+003
89,64,-7.848494e+003
89,65,-7.848495e+003
89,66,-7.848497e+003
89,67,-7.848570e+003
89,68,-7.850346e+003
89,69,-7.851293e+003
89,70,-7.852096e+003
89,71,-7.852691e+003
89,72,-7.853679e+003
89,73,-7.854227e+003
89,74,-7.854592e+003
89,75,-7.854810e+003
89,76,-7.855173e+003
89,77,-7.855262e+003
89,78,-7.855452e+003
89,79,-7.855522e+003
89,80,-7.855544e+003
89,81,-7.855705e+003
89,82,-7.855729e+003
89,83,-7.855833e+003
89,84,-7.855895e+003
89,85,-7.855953e+003
89,86,-7.855954e+003
89,87,-7.855986e+003
89,88,-7.856006e+003
89,89,-7.856025e+003
89,90,-7.856037e+003
89,91,-7.856038e+003
89,92,-7.856040e+003
89,93,-7.856066e+003
89,94,-7.856067e+003
89,95,-7.856067e+003
90,0,-7.841236e+003
90,1,-7.841236e+003
90,2,-7.841236e+003
90,3,-7.841236e+003
90,4,-7.841236e+003
90,5,-7.841236e+003
90,6,-7.841236e+003
90,7,-7.841257e+003
90,8,-7.841263e+003
90,9,-7.841269e+003
90,10,-7.841270e+003
90,11,-7.841272e+003
90,12,-7.841285e+003
90,13,-7.841292e+003
90,14,-7.841300e+003
90,15,-7.841308e+003
90,16,-7.841310e+003
90,17,-7.841312e+003
90,18,-7.841314e+003
90,19,-7.841314e+003
91,0,-7.840978e+003
91,1,-7.840989e+003
91,2,-7.840990e+003
91,3,-7.840992e+003
91,4,-7.840994e+003
91,5,-7.840998e+003
91,6,-7.841002e+003
91,7,-7.841038e+003
91,8,-7.841040e+003
91,9,-7.841099e+003
91,10,-7.841112e+003
91,11,-7.841125e+003
91,12,-7.841138e+003
91,13,-7.841152e+003
91,14,-7.841166e+003
91,15,-7.841181e+003
91,16,-7.841182e+003
91,17,-7.841275e+003
91,18,-7.841291e+003
91,19,-7.841308e+003
91,20,-7.841336e+003
91,21,-7.841371e+003
91,22,-7.841372e+003
91,23,-7.841381e+003
91,24,-7.841400e+003
91,25,-7.841419e+003
91,26,-7.841437e+003
91,27,-7.841446e+003
91,28,-7.841497e+003
91,29,-7.841515e+003
91,30,-7.841518e+003
91,31,-7.841520e+003
91,32,-7.841558e+003
91,33,-7.841653e+003
91,34,-7.841655e+003
91,35,-7.841657e+003
91,36,-7.841722e+003
91,37,-7.841724e+003
91,38,-7.841728e+003
91,39,-7.841768e+003
91,40,-7.841769e+003
91,41,-7.841770e+003
91,42,-7.841781e+003
91,43,-7.841839e+003
91,44,-7.841847e+003
91,45,-7.841848e+003
91,46,-7.841850e+003
91,47,-7.841918e+003
91,48,-7.841919e+003
91,49,-7.841919e+003
91,50,-7.841920e+003
91,51,-7.841922e+003
91,52,-7.844181e+003
91,53,-7.846349e+003
91,54,-7.847854e+003
91,55,-7.848905e+003
91,56,-7.849587e+003
91,57,-7.850436e+003
91,58,-7.851130e+003
91,59,-7.851724e+003
91,60,-7.852265e+003
91,61,-7.852854e+003
91,62,-7.853288e+003
91,63,-7.853591e+003
91,64,-7.854178e+003
91,65,-7.854479e+003
91,66,-7.854755e+003
91,67,-7.855185e+003
91,68,-7.855492e+003
91,69,-7.855619e+003
91,70,-7.855622e+003
91,71,-7.855647e+003
91,72,-7.855649e+003
91,73,-7.855656e+003
91,74,-7.855766e+003
91,75,-7.855768e+003
91,76,-7.855787e+003
91,77,-7.855788e+003
91,78,-7.855800e+003
91,79,-7.855802e+003
91,80,-7.855802e+003
91,81,-7.855866e+003
91,82,-7.855886e+003
91,83,-7.855887e+003
91,84,-7.855890e+003
91,85,-7.855893e+003
91,86,-7.855893e+003
92,0,-7.842838e+003
92,1,-7.842840e+003
92,2,-7.842842e+003
92,3,-7.842845e+003
92,4,-7.842847e+003
92,5,-7.842850e+003
92,6,-7.842854e+003
92,7,-7.842857e+003
92,8,-7.842906e+003
92,9,-7.842910e+003
92,10,-7.842914e+003
92,11,-7.842919e+003
92,12,-7.842925e+003
92,13,-7.842930e+003
92,14,-7.842937e+003
92,15,-7.842943e+003
92,16,-7.842944e+003
92,17,-7.842946e+003
92,18,-7.842970e+003
92,19,-7.842971e+003
92,20,-7.842973e+003
92,21,-7.843012e+003
92,22,-7.843096e+003
92,23,-7.843096e+003
93,0,-7.839894e+003
93,1,-7.839905e+003
93,2,-7.839917e+003
93,3,-7.839918e+003
93,4,-7.839922e+003
93,5,-7.839925e+003
93,6,-7.839939e+003
93,7,-7.839952e+003
93,8,-7.839970e+003
93,9,-7.839985e+003
93,10,-7.839999e+003
93,11,-7.840000e+003
93,12,-7.840057e+003
93,13,-7.840071e+003
93,14,-7.840072e+003
93,15,-7.840074e+003
93,16,-7.840077e+003
93,17,-7.840123e+003
93,18,-7.840174e+003
93,19,-7.840189e+003
93,20,-7.840203e+003
93,21,-7.840217e+003
93,22,-7.840232e+003
93,23,-7.840246e+003
93,24,-7.840260e+003
93,25,-7.840274e+003
93,26,-7.840289e+003
93,27,-7.840290e+003
93,28,-7.840306e+003
93,29,-7.840371e+003
93,30,-7.840384e+003
93,31,-7.840385e+003
93,32,-7.840421e+003
93,33,-7.840435e+003
93,34,-7.840450e+003
93,35,-7.840458e+003
93,36,-7.840503e+003
93,37,-7.840503e+003
94,0,-7.832370e+003
94,1,-7.832404e+003
94,2,-7.832404e+003
94,3,-7.837974e+003
94,4,-7.842368e+003
94,5,-7.844170e+003
94,6,-7.846394e+003
94,7,-7.848190e+003
94,8,-7.849958e+003
94,9,-7.851484e+003
94,10,-7.852655e+003
94,11,-7.853664e+003
94,12,-7.854104e+003
94,13,-7.854506e+003
94,14,-7.854889e+003
94,15,-7.855195e+003
94,16,-7.855361e+003
94,17,-7.855472e+003
94,18,-7.855574e+003
94,19,-7.855673e+003
94,20,-7.855712e+003
94,21,-7.855739e+003
94,22,-7.855894e+003
94,23,-7.855988e+003
94,24,-7.855990e+003
94,25,-7.856057e+003
94,26,-7.856057e+003
95,0,-7.846180e+003
95,1,-7.846229e+003
95,2,-7.846316e+003
95,3,-7.846411e+003
95,4,-7.846614e+003
95,5,-7.846615e+003
95,6,-7.846857e+003
95,7,-7.846934e+003
95,8,-7.846935e+003
95,9,-7.847061e+003
95,10,-7.847182e+003
95,11,-7.847233e+003
95,12,-7.847278e+003
95,13,-7.847446e+003
95,14,-7.847647e+003
95,15,-7.847745e+003
95,16,-7.847914e+003
95,17,-7.848003e+003
95,18,-7.848094e+003
95,19,-7.848191e+003
95,20,-7.848237e+003
95,21,-7.848318e+003
95,22,-7.848421e+003
95,23,-7.848557e+003
95,24,-7.848647e+003
95,25,-7.848735e+003
95,26,-7.848819e+003
95,27,-7.848923e+003
95,28,-7.848925e+003
95,29,-7.849053e+003
95,30,-7.849117e+003
95,31,-7.849119e+003
95,32,-7.849260e+003
95,33,-7.849349e+003
95,34,-7.849357e+003
95,35,-7.849408e+003
95,36,-7.849559e+003
95,37,-7.849655e+003
95,38,-7.849797e+003
95,39,-7.849862e+003
95,40,-7.849965e+003
95,41,-7.849979e+003
95,42,-7.850035e+003
95,43,-7.850092e+003
95,44,-7.850100e+003
95,45,-7.850206e+003
95,46,-7.850208e+003
95,47,-7.850263e+003
95,48,-7.850295e+003
95,49,-7.850330e+003
95,50,-7.850365e+003
95,51,-7.850413e+003
95,52,-7.850476e+003
95,53,-7.850561e+003
95,54,-7.850606e+003
95,55,-7.850649e+003
95,56,-7.850692e+003
95,57,-7.850748e+003
95,58,-7.850806e+003
95,59,-7.851013e+003
95,60,-7.851015e+003
95,61,-7.851018e+003
95,62,-7.851161e+003
95,63,-7.851201e+003
95,64,-7.851241e+003
95,65,-7.851293e+003
95,66,-7.851380e+003
95,67,-7.851512e+003
95,68,-7.851513e+003
95,69,-7.851664e+003
95,70,-7.851702e+003
95,71,-7.851704e+003
95,72,-7.851797e+003
95,73,-7.851878e+003
95,74,-7.851879e+003
95,75,-7.851997e+003
95,76,-7.852880e+003
95,77,-7.853360e+003
95,78,-7.853584e+003
95,79,-7.853856e+003
95,80,-7.853962e+003
95,81,-7.854197e+003
95,82,-7.854345e+003
95,83,-7.854522e+003
95,84,-7.854625e+003
95,85,-7.854650e+003
95,86,-7.854819e+003
95,87,-7.854956e+003
95,88,-7.855168e+003
95,89,-7.855337e+003
95,90,-7.855499e+003
95,91,-7.855501e+003
95,92,-7.855534e+003
95,93,-7.855535e+003
95,94,-7.855537e+003
95,95,-7.855540e+003
95,96,-7.855559e+003
95,97,-7.855559e+003
96,0,-7.845623e+003
96,1,-7.845623e+003
96,2,-7.845623e+003
96,3,-7.845623e+003
96,4,-7.845623e+003
96,5,-7.845623e+003
96,6,-7.845623e+003
96,7,-7.845623e+003
96,8,-7.845623e+003
96,9,-7.845623e+003
96,10,-7.845623e+003
96,11,-7.845623e+003
97,0,-7.846363e+003
97,1,-7.846383e+003
97,2,-7.846386e+003
97,3,-7.846390e+003
97,4,-7.846394e+003
97,5,-7.846488e+003
97,6,-7.846490e+003
97,7,-7.846495e+003
97,8,-7.846501e+003
97,9,-7.846553e+003
97,10,-7.846559e+003
97,11,-7.846566e+003
97,12,-7.846573e+003
97,13,-7.846580e+003
97,14,-7.846585e+003
97,15,-7.846586e+003
97,16,-7.846635e+003
97,17,-7.846642e+003
97,18,-7.846649e+003
97,19,-7.846650e+003
97,20,-7.846658e+003
97,21,-7.846660e+003
97,22,-7.846686e+003
97,23,-7.846689e+003
97,24,-7.846741e+003
97,25,-7.846803e+003
97,26,-7.846811e+003
97,27,-7.846878e+003
97,28,-7.846887e+003
97,29,-7.846896e+003
97,30,-7.846940e+003
97,31,-7.846951e+003
97,32,-7.846962e+003
97,33,-7.846963e+003
97,34,-7.846998e+003
97,35,-7.847012e+003
97,36,-7.847013e+003
97,37,-7.847038e+003
97,38,-7.847098e+003
97,39,-7.847113e+003
97,40,-7.847129e+003
97,41,-7.847145e+003
97,42,-7.847215e+003
97,43,-7.847221e+003
97,44,-7.847238e+003
97,45,-7.847291e+003
97,46,-7.847297e+003
97,47,-7.847320e+003
97,48,-7.847333e+003
97,49,-7.847336e+003
97,50,-7.847349e+003
97,51,-7.847407e+003
97,52,-7.847411e+003
97,53,-7.847413e+003
97,54,-7.847415e+003
97,55,-7.847425e+003
97,56,-7.847436e+003
97,57,-7.847448e+003
97,58,-7.847471e+003
97,59,-7.847483e+003
97,60,-7.847496e+003
97,61,-7.847509e+003
97,62,-7.847522e+003
97,63,-7.847526e+003
97,64,-7.847528e+003
97,65,-7.847534e+003
97,66,-7.849267e+003
97,67,-7.852202e+003
97,68,-7.853397e+003
97,69,-7.854138e+003
97,70,-7.854478e+003
97,71,-7.854648e+003
97,72,-7.854823e+003
97,73,-7.855042e+003
97,74,-7.855157e+003
97,75,-7.855305e+003
97,76,-7.855471e+003
97,77,-7.855628e+003
97,78,-7.855778e+003
97,79,-7.855898e+003
97,80,-7.855931e+003
97,81,-7.856066e+003
97,82,-7.856128e+003
97,83,-7.856189e+003
97,84,-7.856231e+003
97,85,-7.856269e+003
97,86,-7.856271e+003
97,87,-7.856295e+003
97,88,-7.856296e+003
97,89,-7.856319e+003
97,90,-7.856319e+003
98,0,-7.847360e+003
98,1,-7.847369e+003
98,2,-7.847380e+003
98,3,-7.847392e+003
98,4,-7.847393e+003
98,5,-7.847395e+003
98,6,-7.847443e+003
98,7,-7.847461e+003
98,8,-7.847538e+003
98,9,-7.847567e+003
98,10,-7.847587e+003
98,11,-7.847588e+003
98,12,-7.847612e+003
98,13,-7.847676e+003
98,14,-7.847677e+003
98,15,-7.847742e+003
98,16,-7.847743e+003
98,17,-7.847784e+003
98,18,-7.847799e+003
98,19,-7.847811e+003
98,20,-7.847813e+003
98,21,-7.847815e+003
98,22,-7.847831e+003
98,23,-7.847842e+003
98,24,-7.847886e+003
98,25,-7.847895e+003
98,26,-7.847903e+003
98,27,-7.847981e+003
98,28,-7.848002e+003
98,29,-7.848008e+003
98,30,-7.848009e+003
98,31,-7.848106e+003
98,32,-7.848174e+003
98,33,-7.848177e+003
98,34,-7.848229e+003
98,35,-7.848252e+003
98,36,-7.848253e+003
98,37,-7.848255e+003
98,38,-7.848277e+003
98,39,-7.848299e+003
98,40,-7.848320e+003
98,41,-7.848399e+003
98,42,-7.848464e+003
98,43,-7.848477e+003
98,44,-7.848478e+003
98,45,-7.848490e+003
98,46,-7.848491e+003
98,47,-7.848525e+003
98,48,-7.848541e+003
98,49,-7.848592e+003
98,50,-7.848597e+003
98,51,-7.848658e+003
98,52,-7.848664e+003
98,53,-7.848665e+003
98,54,-7.848683e+003
98,55,-7.848684e+003
98,56,-7.848820e+003
98,57,-7.848880e+003
98,58,-7.848882e+003
98,59,-7.848937e+003
98,60,-7.848937e+003
99,0,-7.842493e+003
99,1,-7.842507e+003
99,2,-7.842508e+003
99,3,-7.842533e+003
99,4,-7.842533e+003
99,5,-7.842558e+003
99,6,-7.842627e+003
99,7,-7.842657e+003
99,8,-7.842700e+003
99,9,-7.842701e+003
99,10,-7.842702e+003
99,11,-7.842760e+003
99,12,-7.842780e+003
99,13,-7.842799e+003
99,14,-7.845900e+003
99,15,-7.847299e+003
99,16,-7.848280e+003
99,17,-7.849304e+003
99,18,-7.850282e+003
99,19,-7.851594e+003
99,20,-7.852936e+003
99,21,-7.853790e+003
99,22,-7.854125e+003
99,23,-7.854308e+003
99,24,-7.854392e+003
99,25,-7.854421e+003
99,26,-7.854718e+003
99,27,-7.854897e+003
99,28,-7.854990e+003
99,29,-7.855116e+003
99,30,-7.855270e+003
99,31,-7.855423e+003
99,32,-7.855610e+003
99,33,-7.855682e+003
99,34,-7.855826e+003
99,35,-7.855975e+003
99,36,-7.856048e+003
99,37,-7.856212e+003
99,38,-7.856304e+003
99,39,-7.856305e+003
99,40,-7.856327e+003
99,41,-7.856328e+003
99,42,-7.856330e+003
99,43,-7.856333e+003
99,44,-7.856337e+003
99,45,-7.856337e+003
99,46,-7.856337e+003
99,47,-7.856337e+003
99,48,-7.856338e+003
99,49,-7.856339e+003
99,50,-7.856340e+003
99,51,-7.856341e+003
99,52,-7.856341e+003
