457602.000000,295.000000,291.489897,-0.085529,-16.941577,-68.354778,-65.486234,-0.593917,-0.460905,-1.465414,-0.975665,0.442010,1.044698,-16.923979,-36.879683,-36.471166,-0.017598,-31.475095,-29.015067,507.265584,5546.536326,-1762.488205,-202.141400,151.564384,1553.518846
457604.000000,295.000000,290.196074,-0.005460,14.997423,-67.404306,-71.253314,-0.509473,0.462666,-1.760439,-1.009365,0.467261,1.301950,-5.972050,-37.847628,-27.477209,20.969473,-29.556678,-43.776105,1168.432291,5986.022540,855.115106,501.203950,178.487354,-463.434530
457606.000000,295.000000,291.763976,0.040123,-23.003470,-57.599390,-38.258206,-0.314924,1.459443,-1.619712,-0.925935,0.496988,1.223202,-11.626152,-20.608546,-44.280847,-11.377318,-36.990844,6.022641,288.567866,4065.536244,3264.016878,974.804998,-366.641437,-2332.208659
457608.000000,295.000000,294.432295,0.027408,-81.371074,-55.926163,-41.412086,-0.266875,2.136408,-1.077887,-0.763620,0.435927,0.833188,-38.620541,8.526945,-73.778301,-42.750532,-64.453108,32.366215,-1568.917999,470.436022,4881.315634,1606.782043,-748.107815,-3675.883836
457610.000000,295.000000,296.536273,-0.011594,-64.551864,-59.863534,-76.202090,-0.528117,2.214695,-0.266542,-0.496060,0.311333,0.219624,-33.850250,18.051559,-60.953754,-30.701614,-77.915092,-15.248336,-2977.147536,-2945.926456,5295.644785,2414.272661,-617.336297,-4108.710360
457612.000000,295.000000,299.978685,-0.061827,11.416153,-52.814441,-60.997841,-1.023821,1.724051,0.614090,-0.094038,0.208503,-0.465689,12.381309,5.513418,-11.085809,-0.965156,-58.327859,-49.912031,-2920.144630,-4622.096161,4422.554937,2829.828690,-424.587424,-3434.923737
457614.000000,295.000000,301.421101,-0.129744,34.892676,-25.590722,17.010395,-1.509999,0.954306,1.349402,0.377161,0.137764,-1.038665,48.797437,-2.276184,24.704269,-13.904760,-23.314538,-7.693874,-1608.590113,-4409.372330,2550.977510,2240.489853,-862.920321,-1854.641702
457616.000000,295.000000,296.441589,-0.204703,-18.550639,-3.565900,55.375138,-1.777832,0.220043,1.773067,0.750227,-0.005959,-1.348564,39.822788,7.028076,23.087125,-58.373427,-10.593976,32.288013,-61.735641,-3321.381641,191.579986,734.895815,-1947.475272,86.557042
457618.000000,295.000000,296.623723,-0.258951,-43.796396,-23.077205,1.080387,-1.788087,-0.333048,1.804027,0.872587,-0.330273,-1.335049,22.775531,0.014613,12.965816,-66.571927,-23.091818,-11.885430,1021.918078,-2297.575056,-2136.256765,-762.499891,-2769.944570,1822.370129
457620.000000,295.000000,292.541350,-0.266566,8.697421,-72.569142,-52.830656,-1.617959,-0.715671,1.447627,0.745637,-0.791554,-1.032341,26.926676,-32.667099,21.036061,-18.229254,-39.902043,-73.866717,1877.526534,-1339.696775,-3987.877971,-1199.234227,-2268.468574,3041.603687
457622.000000,295.000000,292.403009,-0.274915,48.488370,-95.787246,-23.775216,-1.305357,-0.938799,0.782787,0.545962,-1.169339,-0.526716,26.847912,-43.588197,35.680753,21.640458,-52.199049,-59.455969,3138.098849,114.611515,-4983.770354,-297.304178,-279.305423,3670.257366
457624.000000,295.000000,287.726263,-0.261665,7.583802,-68.938505,16.208343,-0.782886,-0.919800,-0.048184,0.496489,-1.215949,0.083293,3.202760,-15.097562,22.001078,4.381042,-53.840943,-5.792736,4808.068027,2096.210648,-4866.744378,1191.417199,2169.303753,3691.229039
457626.000000,295.000000,289.873155,-0.222912,-44.187607,-40.288764,-21.898560,0.017708,-0.570805,-0.859859,0.694903,-0.854795,0.696678,-22.131189,9.339113,-14.867297,-22.056418,-49.627878,-7.031263,5928.562180,3596.233911,-3621.338154,2123.147496,3618.346702,3049.751014
457628.000000,295.000000,292.970613,-0.196614,-21.579570,-51.362186,-71.945827,1.004906,0.028000,-1.464097,1.048452,-0.252313,1.203306,-17.989850,-0.530407,-26.468191,-3.589720,-50.831779,-45.477636,5372.440507,3333.509759,-1521.568312,1890.174650,3313.031846,1736.223368
457630.000000,295.000000,292.354709,-0.212847,37.955857,-70.457880,-29.457947,1.899525,0.583077,-1.718680,1.363220,0.299347,1.491258,11.464324,-14.247031,3.503938,26.491533,-56.210849,-32.961885,2997.210290,1079.330636,947.209435,758.089902,1693.491153,-62.621482
457632.000000,295.000000,295.731638,-0.234501,42.556256,-43.126810,58.035380,2.398590,0.762794,-1.562180,1.489444,0.581332,1.479588,36.214536,-0.777445,27.595849,6.341720,-42.349365,30.439531,-18.742252,-1878.890791,3219.368778,-592.353677,-157.279954,-1917.481581
457634.000000,295.000000,292.649574,-0.212226,-4.115484,14.785624,73.115784,2.395517,0.449940,-1.027402,1.390838,0.555150,1.159061,45.986995,19.446754,14.314078,-50.102479,-4.661130,58.801705,-2057.860662,-3732.721506,4774.911605,-1747.622273,-1477.927337,-3281.459277
457636.000000,295.000000,298.051571,-0.169556,-12.665789,22.279183,16.320750,2.052797,-0.171626,-0.233529,1.099802,0.309031,0.611396,55.291158,5.583110,-7.810258,-67.956947,16.696074,24.131008,-2370.411760,-3671.835215,5266.362843,-2751.315683,-2228.711385,-3729.141074
457638.000000,295.000000,290.737920,-0.160723,39.143410,-37.211481,-11.774923,1.658158,-0.783079,0.642221,0.641701,-0.062100,-0.010728,63.872872,-30.648803,-4.250803,-24.729462,-6.562678,-7.524121,-1569.847575,-2430.316024,4597.657530,-3681.827364,-2630.785300,-3179.902089
457640.000000,295.000000,294.829432,-0.137820,58.011994,-77.118703,24.611935,1.396759,-1.187801,1.406614,0.028626,-0.500201,-0.541410,52.016858,-40.795448,15.647573,5.995136,-36.323254,8.964362,-866.999531,-1359.484175,2898.752676,-4173.682039,-2500.689607,-1919.606582
457642.000000,295.000000,294.566298,-0.116383,-13.196965,-48.411957,39.785711,1.252396,-1.414233,1.888060,-0.666352,-0.916657,-0.862297,16.252357,-24.972880,11.529531,-29.449323,-23.439077,28.256180,-858.365903,-1012.823251,472.423432,-3535.519401,-1241.246272,-381.581164
457644.000000,295.000000,293.552604,-0.075861,-90.489720,-16.161212,-32.586268,1.109481,-1.582970,1.965565,-1.255077,-1.123424,-0.927030,-22.812723,-23.047711,-38.028462,-67.676997,6.886500,5.442194,-1106.090048,-691.069496,-2209.084195,-1454.155706,1398.076693,1072.263775
457646.000000,295.000000,288.538110,-0.117222,-81.308338,-40.812834,-110.697770,0.925358,-1.698223,1.596839,-1.497292,-0.890770,-0.749512,-40.559963,-39.043369,-77.201395,-40.748375,-1.769465,-33.496375,-863.127938,608.503048,-4533.239161,1417.310877,4620.582065,2185.432748
457648.000000,295.000000,286.601322,-0.244057,-23.870007,-78.183851,-90.145350,0.781698,-1.597129,0.841174,-1.261391,-0.121525,-0.386555,-29.376932,-39.168233,-61.795753,5.506925,-39.015617,-28.349597,-115.586534,2870.180870,-5895.251812,3688.900022,6808.126394,2741.257877
457650.000000,295.000000,297.791179,-0.343173,-9.013147,-62.024075,-21.696534,0.762433,-1.119302,-0.141483,-0.647115,1.011983,0.068900,0.806912,-12.073371,-26.411297,-9.820058,-49.950704,4.714762,215.414439,4801.589282,-5903.063986,4179.423531,6623.249679,2573.464359
457652.000000,295.000000,298.938342,-0.347438,-35.353515,-25.480953,-19.484398,0.798277,-0.319897,-1.125427,0.048828,2.114645,0.496386,28.256069,-3.088921,-31.243490,-63.609584,-22.392032,11.759092,-802.794649,4966.327501,-4503.513224,2753.193033,4025.185142,1671.807987
457654.000000,295.000000,301.202743,-0.325290,-27.472915,-43.896650,-71.092018,0.664563,0.506894,-1.876108,0.507259,2.784602,0.773873,44.110169,-27.839249,-65.662767,-71.583083,-16.057401,-5.429251,-3005.705923,3181.257334,-1984.667131,333.198951,279.464602,272.421628
457656.000000,295.000000,290.513993,-0.361709,26.668418,-93.694485,-71.724362,0.164086,1.036467,-2.207420,0.562762,2.831063,0.818508,47.304887,-39.705586,-66.347266,-20.636469,-53.988898,-5.377095,-5013.663339,757.133575,1083.605742,-1887.047837,-3021.863090,-1174.117846
457658.000000,295.000000,290.598406,-0.420627,47.221036,-88.406988,-8.865560,-0.670768,1.162384,-2.027912,0.248557,2.327781,0.622181,40.744361,-14.449095,-18.126932,6.476675,-73.957893,9.261372,-5329.926232,-659.690118,3950.062733,-3247.671135,-5020.600111,-2168.614939
457660.000000,295.000000,288.341016,-0.434517,-9.366758,-25.998845,11.175074,-1.558340,1.052389,-1.371290,-0.292227,1.491679,0.260081,19.923855,13.446334,9.946379,-29.290613,-39.445180,1.228696,-3617.275105,-518.481835,5870.824443,-3742.555619,-5804.092994,-2393.363746
457662.000000,295.000000,290.484593,-0.384571,-77.045952,3.900208,-53.047783,-2.160740,0.965868,-0.394863,-0.915438,0.525029,-0.139559,-19.944217,2.382862,-19.878881,-57.101735,1.517346,-33.168903,-944.588588,288.244727,6324.651043,-3501.436019,-5723.836521,-1877.479332
457664.000000,295.000000,295.442574,-0.423387,-81.356372,-34.629903,-95.456603,-2.318018,1.013619,0.657049,-1.498472,-0.428312,-0.453416,-57.860275,-25.498012,-45.467609,-23.496097,-9.131892,-49.988994,1210.459856,445.026224,5143.543038,-2345.969797,-4709.141219,-936.742988
457666.000000,295.000000,294.723824,-0.550835,-45.668775,-65.857624,-35.973936,-2.116465,1.087465,1.512015,-1.889113,-1.212711,-0.610907,-56.387056,-15.653678,-6.408715,10.718281,-50.203947,-29.565221,2205.301664,-439.757201,2562.929480,14.624904,-2399.614577,75.493005
457668.000000,295.000000,296.226173,-0.633640,-30.707910,-35.746944,44.528416,-1.749231,1.013953,1.936959,-1.886658,-1.612542,-0.600131,-16.635697,11.945867,49.424582,-14.072212,-47.692812,-4.896166,2514.819665,-1524.959285,-789.304247,3308.943367,1045.727595,948.806955
457670.000000,295.000000,291.901892,-0.622799,-24.626903,-1.941975,37.851823,-1.330520,0.759764,1.803642,-1.335715,-1.438739,-0.444092,31.739027,5.565924,45.699968,-56.365930,-7.507899,-7.848145,2896.236685,-1752.265374,-4025.872055,6354.264741,4425.405047,1575.805449
457672.000000,295.000000,298.140745,-0.623846,20.500311,-27.756422,-23.029822,-0.848227,0.467687,1.131354,-0.277620,-0.702103,-0.183575,60.342725,-34.257635,-2.811310,-39.842414,6.501213,-20.218512,3416.862051,-1043.995654,-6264.026386,7596.510185,6003.593294,1832.995662
457674.000000,295.000000,295.366612,-0.710302,91.130908,-70.707795,-31.513851,-0.279270,0.293567,0.086458,0.987305,0.297302,0.119799,76.855269,-50.061344,-12.108496,14.275639,-20.646452,-19.405355,3425.974968,-379.828247,-6911.571862,6201.451009,4743.714398,1581.113642
457676.000000,295.000000,293.575218,-0.794070,125.958277,-53.968795,14.982080,0.291203,0.230055,-1.066311,2.019951,1.086936,0.381190,92.315006,-24.032064,30.828258,33.643271,-29.936731,-15.846178,2436.371707,-664.000164,-5815.155421,2750.599854,1163.398750,809.704464
457678.000000,295.000000,291.865019,-0.769701,93.838831,1.764942,18.386014,0.696907,0.119237,-2.036495,2.478025,1.280433,0.514191,82.666063,-4.029760,43.346868,11.172768,5.794701,-24.960855,914.990980,-1627.469531,-3243.424031,-1112.083702,-2957.618026,-236.172856
457680.000000,295.000000,296.053122,-0.699969,26.881390,9.431345,-48.332297,0.849259,-0.152004,-2.578186,2.292827,0.787695,0.473226,25.383984,-19.315530,-9.303893,1.497405,28.746876,-39.028404,58.551427,-1999.901400,196.681896,-3776.633498,-5779.460345,-1121.410401
457682.000000,295.000000,303.281911,-0.701359,-20.953978,-35.090085,-89.104514,0.858950,-0.485224,-2.546789,1.663829,-0.174917,0.284941,-44.256823,-36.129378,-51.871067,23.302844,1.039293,-37.233447,683.834123,-842.575981,3671.099771,-4562.005424,-6490.762404,-1465.268711
457684.000000,295.000000,300.303802,-0.754329,-41.652793,-51.305008,-40.534471,0.972778,-0.625719,-1.937052,0.904134,-1.255908,0.039294,-65.606536,-14.802558,-14.324713,23.953743,-36.502450,-26.209758,2324.917025,1323.023332,6300.346068,-3762.378289,-5403.969571,-1173.830325
457686.000000,295.000000,300.451220,-0.749945,-65.914555,-18.574876,25.318526,1.359856,-0.405608,-0.889722,0.277619,-2.155881,-0.157993,-36.632619,16.209832,43.619785,-29.281936,-34.784708,-18.301259,3510.719904,2792.846060,7392.477108,-2013.516174,-3218.558363,-503.577233
457688.000000,295.000000,295.859224,-0.694269,-84.802670,-5.654707,18.795550,1.944428,0.059230,0.339389,-0.057661,-2.692010,-0.243686,-5.667485,6.098118,30.163370,-79.135186,-11.752826,-11.367820,3028.993550,2178.434731,6645.577490,245.782493,-346.604627,117.687422
457690.000000,295.000000,301.599822,-0.710938,-60.777691,-44.429982,-27.723003,2.448678,0.421744,1.444199,-0.016732,-2.749789,-0.225800,6.447998,-34.970832,-28.701338,-67.225689,-9.459150,0.978335,961.505105,-273.460027,4246.093277,2719.991914,3008.947609,390.651564
457692.000000,295.000000,296.626892,-0.824991,-1.235171,-70.747787,-27.648442,2.608747,0.375986,2.149454,0.436182,-2.248941,-0.162502,26.562273,-46.968824,-32.678485,-27.797444,-23.778964,5.030043,-1470.024736,-2841.130317,826.950021,4839.358588,6267.621065,300.550529
457694.000000,295.000000,297.891806,-0.898995,47.271408,-32.492839,8.359266,2.363907,-0.097322,2.285199,1.241982,-1.205468,-0.114353,66.850176,-14.752185,22.235603,-19.578767,-17.740654,-13.876337,-3042.280148,-3829.938471,-2706.355562,5628.575963,8229.305494,11.654591
457696.000000,295.000000,292.875829,-0.847934,52.975723,19.555224,-4.265914,1.857363,-0.735275,1.832719,2.179250,0.164610,-0.114286,83.806055,7.693257,31.803363,-30.830332,11.861967,-36.069277,-3521.951503,-2948.058758,-5451.995987,4237.967365,7706.133229,-333.970238
457698.000000,295.000000,294.626631,-0.760762,26.637211,21.878247,-75.305653,1.270914,-1.226368,0.923208,2.884939,1.447595,-0.171578,43.116629,-5.350481,-39.425031,-16.479418,27.228728,-35.880622,-3582.679641,-1270.160061,-6775.994057,725.158058,4565.783696,-679.850401
457700.000000,295.000000,295.372480,-0.737088,1.809442,-0.788161,-114.722570,0.674344,-1.438046,-0.206720,3.005679,2.207674,-0.286411,-17.376703,-9.584824,-84.403781,19.186145,8.796662,-30.318789,-3815.943696,34.800727,-6433.974092,-3679.619062,144.691664,-930.537485
457702.000000,295.000000,299.160105,-0.720244,-8.069735,1.810547,-77.105190,0.038924,-1.432371,-1.279855,2.392877,2.231520,-0.443160,-34.745292,24.120076,-33.063160,26.675557,-22.309529,-44.042029,-3975.832884,832.207092,-4551.592535,-7202.806198,-3515.282452,-861.999373
457704.000000,295.000000,302.481712,-0.681095,-23.425557,16.791664,-34.556979,-0.623090,-1.293870,-2.039648,1.193398,1.645899,-0.588655,-15.691075,50.169957,26.569042,-7.734482,-33.378293,-61.126021,-3292.910407,1857.248336,-1565.430481,-8594.537165,-4996.138625,-242.214968
457706.000000,295.000000,296.980016,-0.638442,-49.128414,-3.999162,-50.172053,-1.171391,-0.984745,-2.302238,-0.237721,0.813800,-0.630937,-12.142514,29.830166,-4.268030,-36.985900,-33.829328,-45.904023,-1495.779956,3530.203302,1832.769953,-7786.408874,-4286.522572,928.389766
457708.000000,295.000000,299.000517,-0.667528,-48.978158,-58.638755,-71.082463,-1.420416,-0.397047,-1.998891,-1.534238,0.099864,-0.478236,-26.651406,-18.888957,-65.733234,-22.326753,-39.749799,-5.349229,594.867283,5128.156412,4805.931498,-5627.148653,-2410.105664,2284.254523
457710.000000,295.000000,294.454487,-0.765779,-1.802982,-86.872268,-32.367271,-1.321369,0.456702,-1.200668,-2.471247,-0.301613,-0.099901,-7.858307,-44.327602,-46.388248,6.055325,-42.544667,14.020977,1632.707580,5272.570553,6568.700300,-3029.814086,-346.534388,3213.107962
457712.000000,295.000000,299.185772,-0.829380,50.211998,-61.040158,23.491543,-1.049459,1.334460,-0.108969,-2.975658,-0.359473,0.433017,44.903257,-33.751147,21.052812,5.308741,-27.289011,2.438731,968.151835,3295.147688,6632.217109,-406.872349,1637.527571,3190.878865
457714.000000,295.000000,290.332782,-0.793621,57.168067,-28.862739,25.232460,-0.888287,1.883035,0.993463,-3.043529,-0.086988,0.962427,68.218512,-30.223507,21.114535,-11.050445,1.360768,4.117926,-696.072274,104.873099,4999.463308,2132.580461,3652.034788,2123.763686
457716.000000,295.000000,293.040598,-0.708600,30.066798,-34.927318,-15.829264,-1.004208,1.900342,1.824271,-2.688472,0.520943,1.314387,31.123922,-50.736460,-44.134649,-1.057124,15.809142,28.305385,-1895.329213,-2405.342264,2172.783805,4199.006175,5385.818213,416.451596
457718.000000,295.000000,294.843199,-0.646653,8.854449,-60.565543,-34.501178,-1.319809,1.499624,2.184402,-1.989282,1.417562,1.382063,-13.600015,-66.375467,-63.526149,22.454464,5.809924,29.024971,-1685.185831,-2935.864345,-1049.162827,4960.964365,5874.136783,-1319.849897
457720.000000,295.000000,303.896764,-0.631061,-4.696191,-57.861820,-10.715057,-1.600309,1.010463,2.007646,-1.163096,2.395342,1.160294,-22.855157,-49.036324,1.024891,18.158967,-8.825496,-11.739948,-375.729903,-1799.466366,-3859.334903,3729.875411,4233.616648,-2652.958090
457722.000000,295.000000,302.551299,-0.619276,-37.247868,-23.206359,7.519488,-1.662771,0.710557,1.362815,-0.541966,3.099911,0.716389,-21.259922,-8.932073,46.793862,-15.987945,-14.274286,-39.274374,964.503160,-397.424509,-5663.010760,762.478559,669.041103,-3431.527691
457724.000000,295.000000,298.181577,-0.622543,-69.658273,-5.528518,-19.131238,-1.502126,0.644136,0.417823,-0.414990,3.211005,0.142982,-41.819088,13.569021,-0.560708,-27.839184,-19.097539,-18.570531,1639.615342,231.243929,-6143.242504,-2583.861896,-3342.171697,-3578.901865
457726.000000,295.000000,298.538179,-0.671592,-47.264890,-23.684136,-50.843715,-1.229066,0.682385,-0.606927,-0.845221,2.654163,-0.454767,-58.257269,1.547217,-57.773317,10.992378,-25.231354,6.929601,1893.637368,257.574354,-5228.506083,-4624.701197,-5969.953171,-2941.910721
457728.000000,295.000000,296.359693,-0.748331,21.119099,-38.376295,-23.339445,-0.913737,0.725018,-1.479431,-1.615284,1.659809,-0.946525,-28.852818,-20.772542,-23.017430,49.971917,-17.603753,-0.322015,2381.005150,509.511831,-3091.402300,-4481.860685,-6301.116038,-1440.741067
457730.000000,295.000000,297.475744,-0.784642,68.582796,-22.557822,40.759372,-0.517251,0.809584,-1.996203,-2.361536,0.610302,-1.188453,28.332541,-20.557689,50.149640,40.250255,-2.000132,-9.390268,3186.255604,1238.866004,-184.578905,-2586.499668,-4845.589999,647.114066
457732.000000,295.000000,292.057552,-0.742771,72.879779,2.877984,58.244726,0.013299,1.015628,-2.028921,-2.792289,-0.196819,-1.082660,59.395256,-0.788839,42.496333,13.484523,3.666822,15.748393,3512.040970,1619.438645,2791.000102,-130.448698,-2879.689850,2620.203895
457734.000000,295.000000,295.904690,-0.660268,68.917088,6.964608,16.752501,0.598100,1.285001,-1.565857,-2.813989,-0.676601,-0.648043,57.190128,4.722274,-27.456831,11.726959,2.242334,44.209332,2438.470858,583.195666,5048.904104,1957.964497,-1335.804536,3652.992923
457736.000000,295.000000,295.579339,-0.601681,75.589744,-8.361508,-13.547282,1.004136,1.381820,-0.726830,-2.487948,-0.899313,-0.041459,55.095744,-16.109153,-41.270908,20.494000,7.747645,27.723626,-2.724932,-1871.669082,5967.777110,3506.423309,-295.963090,3268.634928
457738.000000,295.000000,297.456017,-0.601418,71.622742,-12.913767,-5.487327,1.003662,1.069841,0.264926,-1.904034,-0.948870,0.500842,63.337889,-22.472434,13.811087,8.284852,9.558667,-19.298414,-2571.318246,-4332.608932,5303.553479,4724.417136,574.993818,1633.404421
457740.000000,295.000000,299.385430,-0.646000,36.372806,1.349019,-7.347287,0.575472,0.348075,1.145892,-1.117297,-0.853393,0.770679,54.126047,1.952955,30.282695,-17.753240,-0.603936,-37.629982,-3734.861128,-5061.909187,3270.336418,5537.856705,1287.129674,-543.556705
457742.000000,295.000000,300.518589,-0.692386,-8.867620,10.057938,-40.967687,-0.046447,-0.495101,1.688379,-0.195136,-0.639334,0.678131,17.602107,25.100472,-27.115494,-26.469727,-15.042534,-13.852193,-2928.210702,-3502.014782,465.997752,5474.953784,1369.409518,-2441.776808


1414404.000000,295.000000,298.670632,-0.123412,-63.922056,0.736187,-10.612821,-0.535531,1.121059,-1.507578,-0.365099,-0.020618,1.386435,-78.778210,1.470563,-26.676379,14.856154,-0.734375,16.063558,2034.984336,2162.976439,655.128241,-1006.621273,5170.904098,153.097308
1414406.000000,295.000000,296.455142,-0.074392,-74.743917,-31.319773,-10.275986,-0.196673,1.481118,-1.398464,-0.532710,0.840314,1.411918,-80.347883,-43.636201,-13.056296,5.603966,12.316427,2.780310,2028.318335,2783.033000,2924.906204,-114.752595,6066.439913,-1465.398697
1414408.000000,295.000000,294.878665,0.007703,-73.652335,12.340904,-17.100869,0.141071,1.944440,-0.911312,-0.551819,1.850370,1.168025,-60.105974,-37.918748,-5.907917,-13.546361,50.259651,-11.192951,1939.475819,2760.462791,4235.250124,-381.823551,5062.705352,-2960.408862
1414410.000000,295.000000,300.787458,0.039221,-60.215148,59.856329,-11.635605,0.464006,2.403899,-0.205928,-0.615369,2.693180,0.675161,-54.169837,12.080833,-2.499489,-6.045311,47.775496,-9.136117,1080.273999,1046.207316,4327.027397,-1859.092055,2152.505010,-3942.039372
1414412.000000,295.000000,302.205025,-0.006898,-38.883491,39.377048,7.489583,0.643854,2.577877,0.514594,-0.924889,3.051348,0.018755,-44.969186,32.297642,9.915293,6.085695,7.079406,-2.425710,-816.510262,-2313.512262,3263.745155,-3521.514579,-1314.620594,-3998.010339
1414414.000000,295.000000,303.325588,-0.073157,-13.544642,12.437075,13.731883,0.507854,2.192414,1.057972,-1.511186,2.832177,-0.646976,-10.548532,13.875998,27.062641,-2.996110,-1.438923,-13.330758,-3001.354284,-5795.565929,1284.416492,-4108.010259,-3660.648832,-2963.856027
1414416.000000,295.000000,297.219631,-0.116511,2.580315,61.707703,0.089230,0.008082,1.227287,1.271788,-2.195193,2.222528,-1.140518,27.393673,21.356849,31.748672,-24.813357,40.350854,-31.659442,-4129.134089,-7402.888236,-1179.045804,-3175.575660,-4171.512168,-1085.878559
1414418.000000,295.000000,301.334414,-0.159993,-6.434584,112.776019,-13.696956,-0.679460,-0.005468,1.075263,-2.723842,1.527776,-1.321403,28.389018,61.009851,20.600466,-34.823602,51.766168,-34.297422,-3363.956626,-6232.037252,-3455.406774,-1391.439084,-3414.801245,1058.074759


1427406.000000,295.000000,301.768301,1.002353,-44.177183,57.381797,-24.418384,-1.786526,0.235459,-0.038886,-0.150994,-1.341267,-1.398205,-44.440169,22.669510,17.480094,0.262986,34.712286,-41.898478,-749.668019,-1273.802498,1007.612606,5423.039556,3153.728658,-2653.979295
1427408.000000,295.000000,299.660227,0.940101,-19.381796,98.044304,-21.538620,-1.911284,0.023297,0.129027,0.752007,-0.816136,-1.839933,-23.033520,31.626942,43.930952,3.651724,66.417362,-65.469572,1580.123150,-76.051288,585.858500,5506.198451,3519.749850,-404.704216
1427410.000000,295.000000,297.021106,0.894830,7.683051,5.817319,-12.896883,-1.648141,0.010617,0.226617,1.668845,-0.230056,-1.907251,41.192617,-26.394110,53.950098,-33.509566,32.211429,-66.846980,2919.219707,338.230980,8.086022,3274.052363,1765.706321,1954.007377
1427412.000000,295.000000,295.380738,0.887076,-51.707189,-66.327755,-22.639490,-1.162046,0.066956,0.227799,2.214015,0.063978,-1.582039,11.074448,-53.929163,26.536348,-62.781637,-12.398592,-49.175838,2979.229426,93.804265,-431.273213,449.050304,-396.391186,3837.043851
1427414.000000,295.000000,299.057871,0.904038,-126.971222,-18.123872,-41.246653,-0.665931,0.082623,0.155733,2.288712,-0.001978,-0.943321,-82.523011,-10.567614,-0.116476,-44.448210,-7.556257,-41.130177,2480.675950,-17.598019,-645.396607,-1234.330931,-1322.092099,4853.844416
1427416.000000,295.000000,300.957231,0.916729,-88.382478,49.301714,-29.835715,-0.252841,0.079765,0.047961,2.083070,-0.222043,-0.135361,-85.562610,25.692607,5.447989,-2.819868,23.609108,-35.283704,2175.485739,420.152253,-715.372602,-1607.909762,-947.688831,4819.029945
1427418.000000,295.000000,299.866976,0.922385,23.711431,20.383432,18.418169,0.109411,0.149817,-0.071628,1.815251,-0.379739,0.666595,16.775492,-5.135707,19.396884,6.935939,25.519138,-0.978715,1982.404390,844.470809,-727.655552,-1864.668811,-592.312603,3734.758641
1427420.000000,295.000000,295.871456,0.948566,48.980767,-40.555940,49.667408,0.439507,0.290537,-0.193416,1.504746,-0.478259,1.287853,67.738470,-41.892722,4.691577,-18.757703,1.336782,44.975830,1185.936102,273.029833,-670.144261,-2929.573899,-1313.058155,1850.875426
1427422.000000,295.000000,292.502532,1.008590,-29.238456,-10.045953,26.323878,0.636994,0.336112,-0.305609,1.016957,-0.696809,1.595481,-0.657076,-9.480181,-22.702004,-28.581380,-0.565772,49.025882,-522.906073,-1532.502852,-456.235522,-4246.661229,-2615.784895,-335.937859
1427424.000000,295.000000,294.064635,1.084375,-72.619883,73.011186,1.580791,0.549927,0.081026,-0.382061,0.309834,-1.132285,1.539076,-61.731480,42.365763,-12.774003,-10.888403,30.645423,14.354794,-2362.085467,-3556.946087,-53.657315,-4305.994791,-2906.102049,-2244.648209
1427426.000000,295.000000,294.950863,1.144720,-27.136659,71.343272,31.078620,0.156607,-0.511177,-0.391396,-0.407175,-1.616114,1.164911,-18.888231,36.403997,25.010240,-8.248428,34.939275,6.068380,-2972.445726,-4284.171182,417.876192,-2332.125149,-1213.196094,-3412.050384
1427428.000000,295.000000,297.973062,1.182000,6.554532,-18.567519,64.785139,-0.338345,-1.224474,-0.322121,-0.795491,-1.818029,0.596419,40.884173,-16.838264,36.946569,-34.329641,-1.729255,27.838571,-1672.178422,-3012.204729,742.364760,697.495033,1624.672078,-3586.341777
1427430.000000,295.000000,294.770247,1.184201,-41.655059,-64.123336,35.291399,-0.616787,-1.726018,-0.198714,-0.679350,-1.547469,-0.000964,1.842998,-27.680351,13.442467,-43.498057,-36.442985,21.848932,843.175042,-478.555401,794.988047,2792.818312,3612.957381,-2773.461344
1427432.000000,295.000000,292.477642,1.147608,-87.695232,-10.326018,-19.441074,-0.476398,-1.805725,-0.066423,-0.214316,-0.945870,-0.462871,-69.149514,17.577222,1.007459,-18.545717,-27.903239,-20.448534,3050.171501,1789.272139,669.278857,2734.873467,3480.106786,-1263.455332
1427434.000000,295.000000,290.768688,1.086515,-32.033378,41.716356,-20.699213,0.031490,-1.507836,0.045038,0.241079,-0.366398,-0.673258,-42.843718,47.157546,22.958586,10.810340,-5.441191,-43.657798,3871.916470,2769.693828,565.765207,1162.602150,1858.524634,460.813247
1427436.000000,295.000000,293.656008,1.027249,77.011845,2.655430,16.490653,0.676222,-1.046651,0.139257,0.434673,-0.056922,-0.596524,54.899968,7.811278,36.923260,22.111877,-5.155848,-20.432606,3429.771164,2662.978289,561.914019,-123.762309,558.024546,1927.075965
1427438.000000,295.000000,294.088192,0.995421,114.563356,-59.852434,8.699303,1.247335,-0.603225,0.232728,0.414068,0.036005,-0.275738,86.040734,-35.693111,10.312501,28.522622,-24.159323,-1.613198,2608.759884,2371.289063,544.221564,43.996228,679.454522,2803.052514
1427440.000000,295.000000,294.549524,0.999538,61.386858,-44.298602,-41.590029,1.681736,-0.208364,0.323132,0.421395,0.149154,0.190791,16.154570,-14.356108,-13.874030,45.232288,-29.942494,-27.715998,1987.690676,2367.395213,370.207816,1092.380739,1534.834345,2896.913513


1703408.000000,295.000000,300.538896,-0.894547,7.504666,-31.118511,2.433080,0.055088,0.786607,-0.576696,-1.281455,-0.877120,-0.820008,-5.455738,61.529773,-18.747946,12.960404,-92.648284,21.181026,-349.570531,-334.855193,-5252.302687,-1304.343757,376.753241,-3859.119892
1703410.000000,295.000000,295.672065,-0.901977,8.513065,-59.053243,26.801521,-0.003121,0.730781,-1.452365,-1.498638,-0.814444,-1.463692,-0.979505,38.797795,1.714995,9.492570,-97.851038,25.086526,-756.430089,-351.406188,-2854.862006,1120.768177,2334.880884,-2020.241350
1703412.000000,295.000000,292.106434,-0.895899,-9.232826,-99.974920,51.735488,-0.129079,0.672239,-1.928929,-1.312050,-0.425714,-1.801278,-42.661117,-0.275027,0.106695,33.428291,-99.699893,51.628793,-1280.380738,-476.510721,77.529938,3155.479612,4062.450629,672.971309
1703414.000000,295.000000,283.052107,-0.913646,-11.764876,-87.842834,60.847285,-0.342305,0.592938,-1.917212,-0.786729,0.250710,-1.690393,-62.872890,-10.361051,4.161395,51.108014,-77.481783,56.685891,-1424.402399,-196.407698,2840.858790,3316.984184,4205.640900,3444.483139
1703416.000000,295.000000,290.294768,-0.960014,8.177585,-37.495982,54.166933,-0.579507,0.560256,-1.445020,-0.234425,0.951031,-1.117678,-24.944606,0.546613,29.454105,33.122191,-38.042595,24.712829,-1044.431711,737.583451,4717.635127,1613.549951,2718.352507,5368.543467
1703418.000000,295.000000,292.794867,-0.985407,24.061930,-13.013396,37.759844,-0.753432,0.683099,-0.660140,0.034252,1.403711,-0.224406,14.858375,-0.698700,47.137309,9.203555,-12.314696,-9.377465,-441.381656,1995.221839,5221.433275,-532.576849,829.444388,5841.930428
1703420.000000,295.000000,304.276082,-0.955032,17.072914,-16.446339,13.808182,-0.826868,1.015288,0.208769,-0.054429,1.541733,0.747788,-6.464405,-4.529216,10.103892,23.537319,-11.917123,3.704290,-7.254879,2879.724303,4313.977257,-1657.339966,-206.042915,4844.505307
1703422.000000,295.000000,300.230245,-0.900724,-2.166212,-0.904851,-12.549724,-0.828040,1.494768,0.926749,-0.330391,1.507379,1.554083,-33.923048,30.700875,-40.834741,31.756836,-31.605726,28.285017,166.483249,2874.678187,2408.536408,-1532.611931,-262.559096,2768.604751
1703424.000000,295.000000,298.732288,-0.867587,-7.640986,33.119679,-28.906298,-0.800292,1.973405,1.327690,-0.585578,1.463629,2.014960,-5.312649,86.566528,-49.210637,-2.328338,-53.446849,20.304339,273.417406,2021.752085,136.356133,-1076.090256,-231.755289,109.923255
1703426.000000,295.000000,296.863793,-0.848700,-6.811718,34.130527,-19.405332,-0.754752,2.310027,1.350372,-0.764751,1.425021,2.033230,30.933619,108.239727,-15.656684,-37.745337,-74.109201,-3.748647,447.997734,774.605140,-1938.275525,-1114.149004,-829.545741,-2638.990716
1703428.000000,295.000000,299.202534,-0.819619,-18.946138,-9.520122,18.774225,-0.680129,2.438916,1.027528,-0.950243,1.286833,1.593685,-4.503424,69.526936,4.741707,-14.442714,-79.047058,14.032518,537.957147,-498.823838,-3464.924841,-1402.835747,-1676.140526,-4945.696979
1703430.000000,295.000000,297.644428,-0.808386,-24.363448,-44.915048,60.654747,-0.590538,2.355774,0.450596,-1.183811,1.007679,0.770174,-65.167138,14.013684,1.824615,40.803690,-58.928732,58.830132,255.543862,-1806.632079,-4288.425835,-952.182825,-1699.312515,-6248.680128
1703432.000000,295.000000,292.723886,-0.860567,-10.399902,-46.543370,76.249981,-0.547997,2.054944,-0.263148,-1.342387,0.724693,-0.269978,-59.735498,-9.086086,22.123108,49.335595,-37.457285,54.126873,-450.296102,-3293.614119,-4347.036364,695.470339,-421.335604,-6085.546623
1703434.000000,295.000000,293.172800,-0.932472,-3.419051,-49.689612,73.150810,-0.622987,1.506478,-0.986425,-1.226602,0.654485,-1.282743,-12.103189,-13.928908,77.643067,8.684138,-35.760704,-4.492257,-1195.463583,-4757.994531,-3600.961568,2661.685378,1281.870695,-4307.904470
1703436.000000,295.000000,293.146322,-0.968460,-10.674069,-67.225750,71.232110,-0.822060,0.714143,-1.585443,-0.783410,0.867866,-1.999483,-7.204741,-37.178383,108.848123,-3.469327,-30.047367,-37.616013,-1402.063950,-5512.683185,-2086.133013,3369.707931,1812.647713,-1293.199985
1703438.000000,295.000000,295.418220,-0.977833,-10.223555,-61.953336,56.915985,-1.055520,-0.203895,-1.932168,-0.222304,1.169596,-2.214171,-38.273643,-49.685919,62.855850,28.050088,-12.267417,-5.939866,-737.923787,-4834.040895,-51.134425,2050.887715,339.768788,2076.053110
1703440.000000,295.000000,291.786404,-0.987999,-3.704407,-16.130219,24.315513,-1.178425,-1.008959,-1.939908,0.119196,1.226094,-1.867708,-37.157443,-7.545517,2.714926,33.453037,-8.584703,21.600587,658.181577,-2597.462451,2015.369994,-404.118848,-2307.105323,4788.825265
1703442.000000,295.000000,296.019630,-0.981608,-19.827531,26.697893,13.058190,-1.068819,-1.441581,-1.603415,0.051904,0.841801,-1.069398,3.708528,62.679694,3.901847,-23.536059,-35.981800,9.156343,2300.111322,492.556159,3578.000129,-2171.722756,-4282.644501,6183.376404
1703444.000000,295.000000,299.739461,-0.927939,-58.840188,12.067365,37.055803,-0.685784,-1.359625,-1.006950,-0.309713,0.128545,-0.039132,11.869554,71.604497,32.291925,-70.709742,-59.537132,4.763878,3675.635475,3296.253761,4327.002672,-2137.160777,-4353.654286,6122.773166
1703446.000000,295.000000,300.701244,-0.854462,-74.464217,-37.508220,54.050900,-0.073721,-0.810810,-0.286071,-0.665558,-0.596498,0.980715,-35.587718,24.205257,5.858954,-38.876499,-61.713477,48.191946,4462.843631,4934.373618,4263.586294,-777.686853,-2916.190002,4790.360645
1703448.000000,295.000000,294.454361,-0.824358,-39.882821,-52.605603,47.432506,0.669407,0.010732,0.424173,-0.795057,-1.082188,1.778681,-67.506459,-10.514428,-44.692113,27.623638,-42.091176,92.124620,4516.080422,5182.746222,3548.347998,526.940768,-1381.891137,2452.500490
1703450.000000,295.000000,292.384994,-0.837059,3.857477,-32.984611,55.938296,1.421421,0.873653,1.015399,-0.707330,-1.312407,2.187461,-30.746124,2.951884,-35.512524,34.603601,-35.936495,91.450820,3766.731567,4271.056077,2329.836641,976.016426,-647.868477,-536.360967
1703452.000000,295.000000,293.147953,-0.830023,14.168290,-34.001005,92.609762,2.048662,1.584785,1.403746,-0.544820,-1.420386,2.098561,18.573367,9.253296,29.737249,-4.405078,-43.254301,62.872513,2182.235210,2448.608951,729.529938,1049.510150,-292.294965,-3603.264523
1703454.000000,295.000000,292.372026,-0.783749,15.304726,-61.367212,100.435152,2.412085,1.992482,1.525687,-0.370072,-1.469160,1.499038,12.916952,-12.098087,49.182037,2.387775,-49.269125,51.253115,-148.173452,-118.200764,-1039.603738,1737.889708,714.952573,-5948.215447
1703456.000000,295.000000,291.172931,-0.749407,48.344636,-68.122436,37.531493,2.387491,1.972801,1.353294,-0.080696,-1.350222,0.509278,-8.802054,-18.575996,-10.093155,57.146690,-49.546439,47.624648,-2814.566964,-3052.388763,-2597.009413,3205.346132,2605.054484,-6774.475188
1703458.000000,295.000000,293.976702,-0.758290,81.243598,-37.694778,-38.767160,1.918845,1.464489,0.921862,0.453040,-0.916514,-0.617771,20.278506,17.896075,-65.264045,60.965092,-55.590853,26.496885,-5034.726834,-5521.533795,-3499.896403,4359.487716,4244.496660,-5670.830699
1703460.000000,295.000000,300.063207,-0.768758,46.129961,-15.179596,-50.143533,1.080429,0.544973,0.340127,1.178922,-0.209783,-1.560924,56.729332,58.395270,-38.881803,-10.599372,-73.574866,-11.261730,-5944.410620,-6459.745528,-3473.041617,3806.418108,4086.752977,-2898.317126
1703462.000000,295.000000,300.946129,-0.743328,-38.068496,-36.394239,-23.669548,0.090572,-0.530727,-0.237246,1.812670,0.470651,-2.042506,13.760163,45.066991,-5.219711,-51.828659,-81.461230,-18.449838,-5111.757772,-5194.983595,-2592.784529,1254.496333,1724.486737,662.718553
1703464.000000,295.000000,294.321532,-0.714167,-77.678851,-69.322633,-39.174378,-0.760609,-1.395832,-0.667938,2.021572,0.757744,-1.931120,-71.005363,4.765126,-41.743656,-6.673489,-74.087758,2.569278,-2871.536866,-1984.243598,-1247.671445,-2032.128362,-1524.460434,3943.640676
1703466.000000,295.000000,292.452102,-0.710464,-49.911318,-71.672122,-81.806663,-1.238782,-1.726326,-0.874209,1.683235,0.503858,-1.272983,-94.218318,-12.714982,-105.472705,44.307000,-58.957140,23.666042,-151.245285,2010.049089,138.289131,-4204.538570,-3633.877554,6180.938962
1703468.000000,295.000000,293.188640,-0.699182,-30.994172,-56.583867,-59.986369,-1.263986,-1.391688,-0.849317,0.983141,-0.101270,-0.241903,-46.433648,5.577695,-87.266472,15.439476,-62.161562,27.280103,2095.625740,5340.329864,1353.450878,-4311.768781,-3558.188602,7047.017464
1703470.000000,295.000000,295.501952,-0.648748,-52.418590,-55.259001,27.983759,-0.915030,-0.502461,-0.622006,0.265168,-0.693774,0.933462,-18.442928,17.791928,-3.370558,-33.975662,-73.050930,31.354316,3372.426968,7022.986904,2362.532336,-2933.549326,-1950.454460,6428.711099
1703472.000000,295.000000,292.104680,-0.587510,-41.620722,-64.838694,70.931445,-0.353490,0.666972,-0.226629,-0.223309,-1.018567,2.005962,-22.581574,7.239489,28.213957,-19.039148,-72.078183,42.717488,3640.990374,6854.337551,3083.965082,-1441.956745,-257.910026,4287.663270
1703474.000000,295.000000,291.993590,-0.562032,37.010645,-61.127588,15.865752,0.252785,1.808374,0.289119,-0.463424,-1.061513,2.722203,-2.475484,2.537467,-21.215084,39.486129,-63.665055,37.080837,2986.367712,5154.790378,3283.071470,-677.540085,758.351123,832.659135
1703476.000000,295.000000,291.228355,-0.561780,87.395211,-36.333467,-47.778163,0.750073,2.666834,0.838221,-0.576260,-0.935227,2.863349,54.189567,38.267525,-44.463629,33.205644,-74.600992,-3.314534,1422.818226,2345.423768,2723.060708,-345.789573,1506.723338,-3227.904162
1703478.000000,295.000000,294.752349,-0.547674,36.119566,-13.950761,-32.617201,0.986994,3.057437,1.293934,-0.633840,-0.684287,2.328146,70.306470,75.374793,7.226179,-34.186904,-89.325553,-39.843380,-894.940932,-1165.821056,1402.785470,324.388536,2681.339770,-6715.580209
1703480.000000,295.000000,296.171977,-0.540135,-35.234315,-21.390526,3.310039,0.837965,2.863335,1.529612,-0.579819,-0.237749,1.211999,21.248196,50.947585,51.448443,-56.482511,-72.338112,-48.138405,-3367.636363,-4753.939378,-373.074145,1441.636021,4116.747697,-8419.034846
1703482.000000,295.000000,296.593705,-0.579913,-27.182198,-38.239878,-30.509481,0.277199,2.071756,1.469683,-0.339760,0.447798,-0.187683,-35.802251,0.809472,8.922385,8.620053,-39.049350,-39.431866,-5021.502904,-7404.692555,-2128.963239,2107.316746,4691.212192,-7702.279308
1703484.000000,295.000000,293.830487,-0.637182,12.342192,-27.067959,-75.925462,-0.558953,0.838836,1.117501,0.011136,1.229009,-1.467922,-47.422521,-2.317654,-46.934839,59.764713,-24.750305,-28.990623,-5013.906407,-8008.095170,-3431.234491,1329.305598,3443.667964,-4852.398066
1703486.000000,295.000000,291.296841,-0.653793,-14.183646,-4.887785,-21.545218,-1.393870,-0.494566,0.548334,0.232488,1.802529,-2.273818,-40.433284,35.678868,-16.422935,26.249638,-40.566653,-5.122283,-3179.736228,-6037.682222,-4035.711990,-764.656697,754.426927,-880.367918
1703488.000000,295.000000,292.468057,-0.616365,-68.639601,-5.913689,96.427169,-1.923377,-1.499893,-0.121618,0.105165,1.928246,-2.418416,-53.309986,43.026842,57.539312,-15.329615,-48.940530,38.887857,-165.107001,-2072.297735,-3875.617661,-2750.034140,-1728.937466,3055.439308
1703490.000000,295.000000,293.698681,-0.597726,-40.252267,-19.507049,144.524005,-1.950891,-1.844926,-0.764795,-0.352755,1.640425,-1.907494,-56.855840,13.173301,70.677563,16.603572,-32.680350,73.846442,2960.230470,2357.536302,-2942.443624,-3086.880210,-2501.653135,6104.034308
1703492.000000,295.000000,296.976601,-0.572451,50.630612,-23.957903,96.508586,-1.457942,-1.452290,-1.252390,-0.866754,1.223887,-0.888717,-17.929061,8.664436,25.359544,68.559673,-32.622339,71.149042,5264.490118,5588.316653,-1249.611892,-1561.411016,-1558.807126,7743.139497
1703494.000000,295.000000,291.715788,-0.499733,77.220855,-9.212510,59.769720,-0.581360,-0.521746,-1.458181,-1.126779,0.964393,0.402943,25.288909,55.415983,9.633104,51.931946,-64.628493,50.136616,6253.381819,6704.216971,1011.076514,500.269862,-291.832749,7585.215982
1703496.000000,295.000000,291.170011,-0.412348,18.448757,19.403051,98.602871,0.459914,0.594628,-1.287751,-1.043513,0.915856,1.668138,20.956871,93.562802,50.932887,-2.508114,-74.159751,47.669984,5799.233342,5793.899263,3311.154012,1543.437610,-71.086112,5421.454511
1703498.000000,295.000000,286.961767,-0.380033,-14.854172,29.093544,125.268329,1.425634,1.559482,-0.734444,-0.786573,0.904096,2.573060,-10.688408,68.849352,72.309199,-4.165764,-39.755808,52.959131,4001.908212,3516.962097,4913.912776,1267.019371,-985.277891,1542.694574
1703500.000000,295.000000,292.033798,-0.392737,32.291449,11.113022,53.606653,2.092053,2.145149,0.085977,-0.575614,0.740051,2.832202,-13.557592,21.366507,20.063535,45.849041,-10.253485,33.543118,1180.717413,556.230830,5243.502854,744.299895,-1926.676139,-3066.266018
1703502.000000,295.000000,289.430858,-0.388307,70.883946,3.657176,-31.067798,2.288764,2.237852,0.961427,-0.451702,0.419238,2.324057,5.038668,20.022847,-41.063131,65.845279,-16.365671,9.995333,-2039.089280,-2541.883091,4188.318590,1114.415783,-1827.412611,-6978.964364
1703504.000000,295.000000,292.759304,-0.368535,20.150267,18.491460,-5.092219,1.949267,1.814589,1.661014,-0.266143,0.114910,1.164144,-10.154160,50.551939,-33.515845,30.304427,-32.060479,28.423626,-4752.945605,-5181.723718,2119.883330,2270.987287,-774.538247,-8940.518807
1703506.000000,295.000000,291.036313,-0.391492,-41.600640,17.702592,76.347860,1.157888,0.951741,2.016136,0.112006,-0.014125,-0.322495,-45.034969,43.901496,8.362296,3.434330,-26.198905,67.985564,-6062.247840,-6621.654170,-336.676554,2941.388262,87.033818,-8444.043523
1703508.000000,295.000000,296.120084,-0.505135,-11.398248,-27.979493,79.496742,0.148433,-0.150951,1.962315,0.601785,0.000278,-1.726277,-34.676537,-6.749997,10.445102,23.278288,-21.229496,69.051640,-5525.421717,-6233.302869,-2576.977618,2059.029265,-240.208874,-5874.020188
1703510.000000,295.000000,298.868403,-0.528784,50.397265,-89.899527,15.497748,-0.771617,-1.188978,1.535455,0.944617,-0.039836,-2.702013,10.952424,-37.664524,-16.084550,39.444841,-52.235003,31.582298,-3422.370503,-3961.900223,-4171.045295,-9.155947,-1506.976067,-2155.079590
1703512.000000,295.000000,298.961866,-0.477007,30.919588,-98.884747,-3.028939,-1.341455,-1.848783,0.842824,0.943061,-0.290906,-3.058822,17.282632,-10.203809,-8.310241,13.636956,-88.680938,5.281302,-588.995995,-563.153450,-4860.198877,-1670.494749,-2381.785046,1764.515151
1703514.000000,295.000000,297.317967,-0.410637,-35.857748,-46.323907,37.637110,-1.439504,-1.942689,0.035072,0.664885,-0.687667,-2.763402,-24.892728,31.033335,35.464526,-10.965020,-77.357242,2.172584,2025.321233,2722.758511,-4492.009330,-1608.113779,-1766.700246,5148.199946
1703516.000000,295.000000,294.076629,-0.379858,-33.553252,-2.475495,42.343060,-1.102270,-1.489517,-0.711544,0.397115,-0.982047,-1.904803,-36.151192,23.774821,42.800081,2.597940,-26.250317,-0.457021,3791.699708,4861.055197,-3037.247779,-59.407999,56.004822,7355.332847
1703518.000000,295.000000,298.282678,-0.353218,35.820534,1.902953,-25.329753,-0.470877,-0.680266,-1.215938,0.387212,-0.972907,-0.678678,1.159700,-1.041307,5.329222,34.660833,2.944260,-30.658975,4513.855921,5518.587097,-729.166424,1425.941137,1646.255735,7771.523951
1703520.000000,295.000000,298.918662,-0.287481,55.468178,13.531036,-78.457099,0.280747,0.238434,-1.336059,0.624635,-0.698984,0.616645,23.263191,16.834909,-31.943406,32.204986,-3.303873,-46.513694,4266.558510,4954.150214,1857.671481,1474.699381,1800.604708,6068.975952
1703522.000000,295.000000,302.052035,-0.209328,2.612820,61.555622,-56.003152,0.991151,1.063091,-1.025390,0.870149,-0.399366,1.628421,-2.818175,67.357368,-34.979493,5.430995,-5.801746,-21.023659,3162.222075,3532.721847,3966.467461,130.587363,687.237791,2570.836638
1703524.000000,295.000000,294.660161,-0.172374,-16.546602,93.497572,-19.021906,1.517709,1.651099,-0.363363,0.891897,-0.285176,2.058062,-19.380190,82.126882,-33.684531,2.833588,11.370690,14.662626,1320.410719,1432.435887,4988.519224,-1341.086667,-424.354330,-1691.904286
1703526.000000,295.000000,296.951125,-0.156015,30.262008,48.010637,-29.739000,1.737549,1.889348,0.469159,0.668574,-0.356075,1.778170,14.260748,43.293355,-49.052776,16.001259,4.717282,19.313777,-954.156183,-1195.728087,4701.775440,-1778.799309,-489.219017,-5351.453458
1703528.000000,295.000000,293.468723,-0.128652,58.047079,-32.891285,-49.435215,1.578691,1.690022,1.253973,0.372386,-0.437786,0.888986,45.157147,2.234535,-54.391357,12.889932,-35.125820,4.956142,-3062.480445,-3875.569715,3252.138548,-1207.414641,335.971847,-7266.203319
1703530.000000,295.000000,298.792738,-0.028885,31.448052,-53.659469,-24.590976,1.068703,1.044397,1.797124,0.171326,-0.382074,-0.319275,21.531921,7.845550,-25.431092,9.916131,-61.505020,0.840116,-4254.269954,-5764.151210,1004.003027,-616.796452,1039.229459,-6975.396542
1703532.000000,295.000000,293.897627,0.014211,12.162660,-17.057536,17.500965,0.360314,0.084345,1.965861,0.068622,-0.209276,-1.479246,-23.690014,19.025502,17.034312,35.852675,-36.083038,0.466653,-4009.951091,-6105.603282,-1575.455817,-762.717970,972.187933,-4811.089809
1703534.000000,295.000000,297.076140,0.023412,43.215831,-6.640868,12.425507,-0.307400,-0.932564,1.705087,-0.058382,-0.047638,-2.278734,-24.218748,-4.647944,30.909408,67.434580,-1.992924,-18.483902,-2411.972795,-4807.973451,-3968.856159,-1292.091827,588.095695,-1598.646493
1703536.000000,295.000000,296.377238,0.047170,79.457943,-40.439665,-43.097806,-0.709021,-1.733395,1.045740,-0.273531,0.050036,-2.543364,-1.700954,-38.485672,5.907556,81.158897,-1.953992,-49.005362,-201.943174,-2575.184762,-5651.152656,-1148.619579,884.425351,1788.649525
1703538.000000,295.000000,296.851859,0.069730,62.605853,-48.000919,-74.286270,-0.742636,-2.162423,0.106013,-0.464787,0.197050,-2.244212,-8.821701,-30.028721,-26.896566,71.427555,-17.972198,-47.389704,1645.999246,-420.009719,-6166.269600,150.175738,2126.142911,4654.523292
1703540.000000,295.000000,292.750873,0.043175,24.853136,4.586787,-36.941954,-0.468566,-2.232655,-0.919635,-0.439789,0.550838,-1.468074,-35.417509,17.349776,-30.808882,60.270645,-12.762989,-6.133072,2520.018084,1036.439024,-5267.837889,1741.519435,3286.099636,6435.374935
1703542.000000,295.000000,289.383587,-0.020088,30.174408,47.557500,5.580617,-0.048960,-2.060428,-1.795603,-0.149816,1.097809,-0.395273,-19.334102,55.328939,-26.076612,49.508509,-7.771439,31.657229,2443.349371,1841.084044,-3090.870910,2132.329709,2933.701218,6688.439413
1703544.000000,295.000000,292.484123,-0.051066,54.438871,14.385918,-7.515586,0.357895,-1.754149,-2.308969,0.205247,1.586093,0.719801,29.720126,44.694187,-40.882687,24.718745,-30.308269,33.367101,1817.511161,2390.680917,-201.395446,749.057367,721.953227,5281.735023
1703546.000000,295.000000,289.092138,-0.030061,40.874168,-45.714335,-21.832239,0.660562,-1.356388,-2.341436,0.329990,1.706151,1.600531,39.604825,22.026398,-64.952496,1.269342,-67.740733,43.120258,952.058394,2928.387686,2608.027525,-1319.567832,-2072.535161,2586.193214
1703548.000000,295.000000,290.361084,-0.004600,8.038999,-42.619081,31.830282,0.819123,-0.869048,-1.906253,0.110272,1.360873,2.032235,-1.301600,30.510310,-47.495984,9.340599,-73.129390,79.326266,-89.597004,3322.580268,4662.432907,-2262.516492,-3572.683393,-571.224594
1703550.000000,295.000000,288.116827,-0.024632,11.800662,3.310497,104.944765,0.804252,-0.316050,-1.129068,-0.266474,0.765812,1.938152,-18.951868,48.650909,11.506307,30.752530,-45.340412,93.438457,-1228.384556,3273.243477,5618.861164,-1260.146973,-2943.093845,-3213.036964
1703552.000000,295.000000,294.270053,-0.039411,54.406071,-3.792994,107.082333,0.599713,0.228780,-0.192574,-0.476308,0.275539,1.404025,11.638562,22.664686,53.377095,42.767510,-26.457679,53.705238,-2141.606194,2693.346577,5425.915378,753.139063,-1084.830021,-4618.170719
1703554.000000,295.000000,291.266280,-0.019023,85.815509,-60.019464,45.294055,0.243119,0.677080,0.711693,-0.350913,0.094710,0.635836,38.602587,-21.404006,40.118751,47.212922,-38.615457,5.175303,-2449.268955,1851.585554,4160.737716,2013.686840,274.796171,-4611.387522
1703556.000000,295.000000,292.771204,0.021781,81.319282,-65.008184,-3.141592,-0.164718,0.985232,1.405169,-0.015609,0.140292,-0.131386,14.116596,-18.965135,3.661580,67.202686,-46.043049,-6.803173,-2136.043271,1109.637215,1975.262872,1591.569290,179.302991,-3551.556620
1703558.000000,295.000000,293.194046,0.061665,74.177613,-1.333614,-11.786677,-0.520404,1.169859,1.734719,0.249411,0.169991,-0.722159,-7.028110,16.037979,-16.759111,81.205723,-17.371593,4.972435,-1666.860698,546.847384,-808.566043,147.558632,-817.432921,-2010.413802
1703560.000000,295.000000,299.268826,0.108797,80.833025,36.899111,-20.146539,-0.797936,1.260734,1.600751,0.273972,0.033733,-1.056161,14.595236,36.065427,-16.509053,66.237790,0.833684,-3.637486,-1590.998714,-59.398288,-3613.224885,-897.576004,-1414.691969,-405.488681
1703562.000000,295.000000,300.092449,0.162079,64.989440,7.854772,-41.714961,-1.062820,1.250672,0.999854,0.124505,-0.201948,-1.122824,33.007350,18.372578,-30.869500,31.982090,-10.517807,-10.845461,-1983.241546,-846.950762,-5674.493491,-862.194054,-983.066969,1061.256178
1703564.000000,295.000000,293.850257,0.193358,24.066101,-13.209074,-37.204861,-1.393070,1.109558,0.055765,-0.019062,-0.365741,-0.945331,4.904352,7.764695,-61.880816,19.161749,-20.973769,24.675955,-2305.860687,-1504.794939,-6307.023567,-405.187742,-191.908502,2204.858958
1703566.000000,295.000000,290.316543,0.186159,3.179551,27.312663,12.179812,-1.777092,0.858954,-0.993617,-0.086534,-0.397786,-0.577377,-31.592871,30.464593,-62.099465,34.772422,-3.151931,74.279277,-1888.611867,-1397.485317,-5247.440107,-667.723024,-210.725463,2772.966753
1703568.000000,295.000000,292.913569,0.209776,9.348087,59.165238,69.774197,-2.091607,0.626212,-1.866467,-0.197721,-0.432937,-0.114698,-21.298145,48.617498,-4.255913,30.646232,10.547740,74.030110,-546.015820,-157.393999,-2812.776761,-1927.696788,-1337.778381,2592.507575
1703570.000000,295.000000,299.733538,0.235697,14.896316,13.965029,84.969711,-2.182442,0.599941,-2.333813,-0.518696,-0.655712,0.317926,16.708884,8.864319,54.459402,-1.812568,5.100710,30.510310,1259.893026,1816.633022,281.926247,-3175.004424,-2557.122521,1750.039472
1703572.000000,295.000000,301.162220,0.306778,17.377952,-39.227487,49.651361,-1.972546,0.902375,-2.285844,-1.047339,-1.081487,0.610214,28.223707,-14.314132,46.013759,-10.845755,-24.913355,3.637602,2803.293726,3491.123779,3292.717420,-3082.951299,-2520.955989,606.992277
1703574.000000,295.000000,296.639535,0.374569,27.904464,-9.755720,9.907515,-1.505734,1.483668,-1.736520,-1.560675,-1.501255,0.712291,14.293128,17.307955,6.081118,13.611337,-27.063674,3.826398,3572.262784,3909.923270,5661.373926,-1355.274402,-914.416056,-366.062291
1703576.000000,295.000000,292.209448,0.427128,39.795575,59.149251,0.504277,-0.910931,2.134767,-0.792601,-1.786387,-1.653557,0.652604,29.973998,61.652832,7.748952,9.821576,-2.503580,-7.244675,3455.320804,2857.480906,6953.737851,958.328815,1235.046460,-849.471274
1703578.000000,295.000000,289.234030,0.487938,33.647313,64.811096,-8.801535,-0.335602,2.610705,0.366827,-1.626897,-1.447973,0.512727,64.493364,57.407014,26.620077,-30.846052,7.404082,-35.421612,2626.430767,867.468935,6788.562748,2459.661363,2592.432833,-874.658118
1703580.000000,295.000000,295.489196,0.545369,4.833859,9.503613,-50.252923,0.101736,2.755155,1.499004,-1.217323,-1.016276,0.368872,63.390038,24.533645,-10.566499,-58.556179,-15.030032,-39.686424,1363.103595,-1362.096515,4992.404370,2649.634508,2777.589314,-760.723075
1703582.000000,295.000000,295.316361,0.564971,-14.953499,-7.047755,-81.960536,0.328711,2.528357,2.332239,-0.776119,-0.553750,0.244135,20.147367,17.630188,-73.256103,-35.100866,-24.677943,-8.704433,-95.886741,-3467.213687,1846.296628,2212.551229,2539.168830,-784.430857
1703584.000000,295.000000,299.117785,0.544093,-3.129586,38.014898,-49.168884,0.312733,1.950951,2.641603,-0.407678,-0.130919,0.115526,-8.142587,36.724066,-78.085183,5.013001,1.290832,28.916298,-1522.554565,-5349.335008,-1861.688530,2073.606603,2716.298619,-917.812110
1703586.000000,295.000000,294.411074,0.510363,13.170554,38.668859,21.559205,0.059208,1.060223,2.333589,-0.062395,0.321387,-0.035332,5.309825,21.579010,-9.471582,7.860730,17.089849,31.030787,-2587.495855,-6731.589075,-5090.645726,2263.760166,3154.426739,-929.587342
1703588.000000,295.000000,296.469713,0.479544,16.129412,-51.009642,63.835052,-0.371645,-0.060692,1.487711,0.314552,0.846631,-0.188311,23.942681,-41.441794,45.534868,-7.813269,-9.567848,18.300185,-2836.839362,-6970.070520,-6960.202577,1849.468511,2774.141204,-686.657508
1703590.000000,295.000000,296.549932,0.441885,28.097433,-116.762132,57.423938,-0.844010,-1.221314,0.330380,0.622508,1.308535,-0.300993,13.615497,-65.583897,34.206115,14.481936,-51.178236,23.217823,-1886.145172,-5459.766153,-7077.381020,75.249899,794.133356,-272.401459
1703592.000000,295.000000,295.466494,0.395777,51.772236,-69.052283,36.018857,-1.158076,-2.130462,-0.846585,0.635036,1.440737,-0.344833,-0.867165,-9.741770,8.601666,52.639400,-59.310514,27.417191,212.695270,-2275.418042,-5600.692171,-2492.994984,-2142.253019,144.493780
1703594.000000,295.000000,293.842733,0.366036,59.766657,16.833435,27.884014,-1.122671,-2.509413,-1.777863,0.219921,1.083995,-0.319448,23.945792,53.608985,29.008472,35.820865,-36.775549,-1.124458,2786.864330,1593.135473,-3036.017014,-4150.080022,-4204.306134,478.033212
1703596.000000,295.000000,291.466120,0.366027,47.452358,32.022690,14.350992,-0.658646,-2.244253,-2.282337,-0.471129,0.383894,-0.238730,53.478125,56.319032,51.894631,-6.025767,-24.296342,-37.543639,4797.065012,4691.769430,29.964808,-3507.535628,-3910.351791,775.690945

t,temperature,ConvEKinTemp(ekin),sum_mom_xy,sum_vel[0],sum_vel[1],sum_vel[2],sum_vel_wk_up[0],sum_vel_wk_up[1],sum_vel_wk_up[2],sum_vel_wk_dw[0],sum_vel_wk_dw[1],sum_vel_wk_dw[2],sum_vel_up[0],sum_vel_up[1],sum_vel_up[2],sum_vel_dw[0],sum_vel_dw[1],sum_vel_dw[2],sum_f_wk_up[0],sum_f_wk_up[1],sum_f_wk_up[2],sum_f_wk_dw[0],sum_f_wk_dw[1],sum_f_wk_dw[2]
1831610.000000,295.000000,297.835201,1.096867,-6.188064,-18.531316,-49.554149,0.229466,-1.948157,-2.224719,0.415242,-0.476668,0.301897,-45.605148,-26.930542,-45.944003,39.417083,8.399226,-3.610147,4024.310417,3380.939173,1835.940004,823.749505,2728.313663,-748.008923
1831612.000000,295.000000,299.104716,1.072561,-6.861699,-33.719201,-26.972207,0.899551,-1.385243,-1.919754,0.552391,-0.022474,0.176519,-15.153637,-25.791132,-18.716253,8.291938,-7.928069,-8.255954,4094.745688,4375.352841,4532.190262,677.240686,1345.270946,-1641.161471
1831614.000000,295.000000,298.428123,1.046968,-7.390422,-24.403107,-34.762256,1.581348,-0.656765,-1.165814,0.665144,0.201421,-0.097536,-7.619624,1.139205,-6.221843,0.229202,-25.542311,-28.540413,3425.747444,4374.272290,6225.759636,407.487451,115.156241,-2091.964857
1831616.000000,295.000000,293.824415,1.058458,27.570796,-28.783725,-42.887589,2.151802,0.071507,-0.129815,0.733003,0.220496,-0.446552,1.277304,14.594095,-33.068924,26.293492,-43.377820,-9.818665,2001.481329,2929.998206,6579.396032,-129.625076,-766.297652,-1777.554353
1831618.000000,295.000000,293.901957,1.091898,87.970241,-52.077897,-11.238934,2.485098,0.559297,0.965029,0.711425,0.092799,-0.743266,37.998006,2.593947,-52.514217,49.972236,-54.671844,41.275283,-272.835375,53.264920,5544.450891,-1097.902742,-1541.007134,-771.672871
1831620.000000,295.000000,291.395543,1.105492,116.740331,-48.858615,28.509714,2.439743,0.568089,1.887357,0.528628,-0.163896,-0.872730,67.947626,-0.588650,-27.902038,48.792705,-48.269965,56.411752,-2994.878241,-3326.093724,3329.473361,-2241.126893,-2206.845292,529.920990
1831622.000000,295.000000,295.095676,1.100070,85.791116,0.982752,25.626907,1.941052,0.014156,2.440661,0.155449,-0.531457,-0.785588,37.623412,23.351860,6.958075,48.167704,-22.369109,18.668832,-5117.883848,-5645.450220,388.909137,-2849.134283,-2198.712168,1732.502609
1831624.000000,295.000000,293.967581,1.095564,29.976694,44.605708,-6.481093,1.088866,-0.925980,2.504308,-0.318973,-0.897666,-0.498242,-34.298100,44.897806,10.991075,64.274794,-0.292098,-17.472169,-5511.173710,-5657.678271,-2616.865697,-2308.789680,-897.191790,2610.125212
1831626.000000,295.000000,297.587419,1.068718,3.630161,31.683727,-18.063946,0.171165,-1.868112,2.067312,-0.703407,-1.047119,-0.064815,-74.090896,29.100110,-2.138109,77.721056,2.583617,-15.925837,-3864.814414,-3268.242399,-4989.759260,-745.513963,1532.889534,3021.563022
1831628.000000,295.000000,297.892481,0.995870,2.731438,-6.441030,-5.474304,-0.472378,-2.412342,1.235025,-0.827527,-0.791923,0.436932,-60.656012,-2.142027,5.325104,63.387450,-4.299003,-10.799408,-953.367017,404.199211,-6192.985852,932.892408,3917.227430,2823.307416
1831630.000000,295.000000,299.465128,0.914984,-18.333384,-9.218542,-6.740964,-0.631106,-2.345014,0.202279,-0.672160,-0.139698,0.905526,-48.357434,-6.266167,26.860466,30.024050,-2.952375,-33.601430,1862.734012,3829.120161,-5997.059135,1694.582087,4811.667071,1910.666541
1831632.000000,295.000000,296.561876,0.885666,-47.524882,15.794976,-21.883073,-0.320928,-1.707446,-0.797729,-0.389981,0.661448,1.222248,-56.168385,16.476313,34.379094,8.643503,-0.681337,-56.262167,3480.053836,5989.996056,-4510.482216,1187.859345,3596.008651,319.725085
1831634.000000,295.000000,294.719127,0.886059,-23.518793,9.534077,-5.710436,0.258549,-0.710084,-1.550055,-0.192187,1.260182,1.274225,-41.238072,20.854316,26.759964,17.719278,-11.320239,-32.470400,3597.669172,6647.323010,-2098.144996,-46.557009,954.278495,-1666.048253
1831636.000000,295.000000,296.928828,0.882382,54.476496,-33.824229,46.302590,0.857603,0.396742,-1.900529,-0.199936,1.419012,0.995655,18.821339,-7.771047,23.786504,35.655156,-26.053182,22.516086,2562.113419,5924.876463,722.138972,-1115.909143,-1684.758536,-3460.232054
1831638.000000,295.000000,293.889648,0.857915,106.915054,-49.894225,71.325673,1.284241,1.383280,-1.781337,-0.385753,1.138443,0.418447,67.344313,-29.111010,23.612899,39.570741,-20.783215,47.712774,829.932339,3879.783290,3377.378799,-1527.093668,-3224.555269,-4341.346457
1831640.000000,295.000000,296.904627,0.818436,78.762905,-15.521122,34.608536,1.422414,2.029246,-1.219941,-0.640027,0.601450,-0.305458,47.225827,-12.814774,12.682542,31.537079,-2.706347,21.925994,-1326.198685,609.935167,5324.730206,-1410.832322,-3531.271323,-3877.594983
1831642.000000,295.000000,295.273080,0.771339,16.771577,7.547830,-10.486641,1.201580,2.130756,-0.334323,-0.874949,0.013395,-0.952156,-14.217938,-2.184059,2.950183,30.989515,9.731890,-13.436823,-3602.752421,-3269.754121,6128.045856,-1103.554458,-3106.304402,-2238.872461
1831644.000000,295.000000,300.994240,0.716391,3.046072,-22.831521,-5.238289,0.601627,1.586148,0.684956,-1.058658,-0.503892,-1.326021,-42.550666,-25.637072,0.479239,45.596738,2.805551,-5.717528,-5329.710161,-6460.318915,5555.461474,-642.284316,-2280.293887,-29.717290
1831646.000000,295.000000,297.274696,0.661705,29.217318,-56.583205,22.122461,-0.285848,0.510328,1.608754,-1.165586,-0.883645,-1.332187,-27.253257,-49.054214,1.608130,56.470575,-7.528991,20.514332,-5593.559281,-7541.794179,3689.877001,250.051487,-874.638370,2134.033299
1831648.000000,295.000000,297.164518,0.626829,21.100634,-33.497439,9.812076,-1.217240,-0.745557,2.221843,-1.123928,-1.029340,-0.978112,-23.157809,-40.312943,-4.232537,44.258444,6.815504,14.044613,-3918.109918,-5917.813296,963.503763,1682.729134,1308.223676,3821.363141

t,temperature,ConvEKinTemp(ekin),sum_mom_xy,sum_vel[0],sum_vel[1],sum_vel[2],sum_vel_wk_up[0],sum_vel_wk_up[1],sum_vel_wk_up[2],sum_vel_wk_dw[0],sum_vel_wk_dw[1],sum_vel_wk_dw[2],sum_vel_up[0],sum_vel_up[1],sum_vel_up[2],sum_vel_dw[0],sum_vel_dw[1],sum_vel_dw[2],sum_f_wk_up[0],sum_f_wk_up[1],sum_f_wk_up[2],sum_f_wk_dw[0],sum_f_wk_dw[1],sum_f_wk_dw[2]
1896012.000000,295.000000,292.593265,-0.892349,18.113005,12.561986,-48.270147,-2.161486,1.219175,0.572032,-0.319110,0.586270,0.452856,20.980593,30.458163,-9.718404,-2.867589,-17.896177,-38.551743,3203.911490,3921.272107,-2257.242127,1782.391730,2276.755794,-8260.149821
1896014.000000,295.000000,294.180880,-0.831881,32.930041,48.089633,-31.039343,-1.628003,1.872211,0.195988,-0.022318,0.965465,-0.922761,40.102433,32.884776,-19.944135,-7.172392,15.204857,-11.095208,1962.616773,2038.959784,-2660.752125,506.789687,970.126294,-7134.963756
1896016.000000,295.000000,293.680518,-0.810364,1.279152,11.353615,-29.935688,-1.301217,2.211814,-0.247530,0.062070,1.127082,-2.111314,35.162164,-2.770145,-15.221953,-33.883012,14.123760,-14.713736,638.314536,68.480187,-2180.269828,-103.251022,368.126081,-4368.913047
1896018.000000,295.000000,293.735784,-0.855367,-22.789454,-26.522382,-59.543477,-1.194942,2.223290,-0.611209,0.044878,1.188441,-2.839456,17.053756,-22.517095,-32.151206,-39.843210,-4.005287,-27.392271,-176.860985,-1355.105969,-907.499936,-157.043525,358.616839,-455.672148
1896020.000000,295.000000,297.995288,-0.895420,15.201400,18.459688,-79.498823,-1.224361,1.997627,-0.763018,0.018727,1.248160,-2.915974,15.148293,9.691135,-70.572877,0.053107,8.768553,-8.925946,-690.284339,-2537.085819,670.450855,-229.400474,178.932814,3679.869851
1896022.000000,295.000000,294.131019,-0.870333,71.546499,89.467389,-56.292466,-1.339313,1.575203,-0.652217,-0.019471,1.277987,-2.304076,23.368404,29.091990,-67.632800,48.178095,60.375399,11.340335,-1211.787807,-3869.261587,1958.610979,-567.881588,-606.248804,6888.512582
1896024.000000,295.000000,297.823220,-0.821982,67.637870,76.577533,-16.619520,-1.541058,0.930897,-0.326956,-0.114030,1.177018,-1.157888,14.647519,8.919738,-29.335011,52.990351,67.657795,12.715491,-1446.527235,-4927.851762,2587.206409,-781.473657,-1559.711148,8241.243070
1896026.000000,295.000000,298.396974,-0.819985,18.546882,4.922858,-11.637833,-1.781878,0.110323,0.103075,-0.244151,0.917272,0.213630,-15.681700,-14.638434,3.517566,34.228582,19.561291,-15.155399,-616.613571,-4634.678001,2535.664244,-323.400185,-1880.987734,7399.416504
1896028.000000,295.000000,302.554101,-0.854321,-3.736224,-15.440633,-38.422168,-1.884438,-0.661412,0.524709,-0.297985,0.604001,1.445114,-30.865904,3.039874,1.581814,27.129680,-18.480508,-40.003982,1651.909865,-2397.339422,1975.119828,762.916117,-1393.537820,4706.184517
1896030.000000,295.000000,296.837966,-0.865216,7.733970,23.573063,-46.237867,-1.609345,-1.060608,0.853144,-0.170945,0.371931,2.228292,-13.833842,36.902633,-11.496340,21.567812,-13.329571,-34.741527,4614.601453,945.327983,1022.807808,1675.559312,-854.658165,1002.538088
1896032.000000,295.000000,295.128606,-0.838137,2.293134,37.136116,-22.122258,-0.840948,-0.903216,1.022986,0.108059,0.229599,2.394757,8.084625,44.005157,-2.699315,-5.791491,-6.869041,-19.422943,6711.614797,3450.444830,-275.010269,1554.887617,-1194.740729,-2709.462997
1896034.000000,295.000000,300.539196,-0.808293,-38.907999,-3.165830,-2.328970,0.276643,-0.328658,0.976632,0.366959,0.030633,1.942979,2.678255,30.981580,10.878039,-41.586254,-34.147410,-13.207009,6719.824573,3553.311657,-1728.795415,404.268504,-2458.344719,-5587.033600
1896036.000000,295.000000,303.264604,-0.801574,-67.661411,-32.342292,-5.074158,1.395531,0.263006,0.688202,0.434248,-0.378718,1.012055,-14.422559,40.523239,10.995678,-53.238852,-72.865531,-16.069836,4725.027694,1365.365581,-2892.323335,-763.465117,-3541.088453,-7096.365455
1896038.000000,295.000000,303.860484,-0.794199,-29.944329,4.584040,-2.795960,2.182184,0.490319,0.205998,0.307093,-0.968322,-0.170179,-7.322900,75.195131,-2.986108,-22.621429,-70.611091,0.190148,1998.313087,-1482.335209,-3248.015431,-760.256434,-3098.625804,-6968.133560
1896040.000000,295.000000,293.743656,-0.765314,37.821961,58.765077,23.297539,2.514957,0.243479,-0.335554,0.180502,-1.484314,-1.331191,19.982896,83.304665,-8.327389,17.839065,-24.539588,31.624928,-85.834913,-3281.076108,-2561.750052,687.078009,-835.811594,-5164.848566
1896042.000000,295.000000,297.224467,-0.757303,48.889194,50.411604,38.114591,2.500617,-0.302888,-0.762807,0.294906,-1.623481,-2.191874,21.522909,51.415370,-8.300515,27.366285,-1.003767,46.415106,-1076.876980,-3524.778978,-1083.351865,2642.643051,2065.132882,-2030.511836
1896044.000000,295.000000,290.242242,-0.820012,11.212084,-4.486737,6.206908,2.321401,-0.889867,-0.943701,0.734964,-1.279696,-2.530545,-7.512867,18.546386,-24.011810,18.724951,-23.033124,30.218719,-1477.862990,-2877.966537,610.639756,3743.136194,3848.291408,1598.026205
1896046.000000,295.000000,292.649994,-0.925058,14.097181,-31.188049,-42.574194,2.075360,-1.369147,-0.842377,1.358270,-0.638957,-2.264837,-14.902424,18.405078,-50.149534,28.999605,-49.593127,7.575341,-1880.300065,-2100.206121,1955.291842,3292.947790,3587.254300,4627.516780
1896048.000000,295.000000,291.649817,-0.998108,58.685746,-16.377456,-56.683342,1.762319,-1.718948,-0.517273,1.906639,-0.041682,-1.494805,12.073721,14.852139,-48.176147,46.612026,-31.229595,-8.507195,-2198.417906,-1210.413593,2636.038480,1667.360662,1770.322532,6199.696605
1896050.000000,295.000000,298.837940,-1.020176,52.275558,-13.813708,-42.654532,1.396200,-1.920492,-0.078937,2.184212,0.253047,-0.463048,21.102281,-3.784342,-26.925128,31.173277,-10.029366,-15.729404,-1849.473135,259.817110,2630.540851,-248.066824,-373.565711,6040.117941
1896052.000000,295.000000,300.437498,-1.022349,-15.382876,-43.357850,-41.405589,1.088181,-1.877205,0.358510,2.142808,0.190771,0.542146,-5.400532,-18.652918,-14.962358,-9.982344,-24.704932,-26.443231,-653.191152,2329.038740,2073.826430,-1902.736995,-1986.651161,4432.045144
1896054.000000,295.000000,296.795016,-1.000610,-41.998644,-56.477515,-56.766110,0.979400,-1.489430,0.703373,1.825945,-0.140102,1.279679,-16.063251,-2.844493,-24.003692,-25.935393,-53.633022,-32.762418,628.826542,4052.333426,1104.634334,-3339.263750,-3015.046334,1949.673917
1896056.000000,295.000000,299.543680,-0.918994,10.440089,-17.129206,-45.361516,1.084069,-0.814686,0.886796,1.269852,-0.642205,1.603789,14.978972,20.742669,-19.958408,-4.538883,-37.871874,-25.403108,816.754379,4109.208936,-140.967658,-4686.971157,-3678.274428,-800.756866
1896058.000000,295.000000,297.642367,-0.790076,54.576288,29.732614,16.621459,1.220045,-0.130505,0.862719,0.489386,-1.254739,1.469833,43.872497,19.387499,15.067576,10.703791,10.345114,1.553882,-532.842789,2050.840326,-1435.238288,-5561.601025,-3719.167266,-3302.991197
1896060.000000,295.000000,298.960396,-0.682137,28.735438,22.747589,76.602673,1.131280,0.210914,0.623196,-0.436699,-1.874054,0.919289,28.621335,-2.698612,41.977181,0.114103,25.446200,34.625492,-2561.541988,-1021.247824,-2414.389569,-5137.249567,-2382.071241,-5122.308280
1896062.000000,295.000000,289.062612,-0.635685,-12.944027,-19.106524,67.262444,0.704794,0.040789,0.220849,-1.292168,-2.270888,0.066038,-1.496658,-14.208465,25.698754,-11.447369,-4.898060,41.563689,-3788.386585,-3156.685710,-2708.457762,-2954.293628,739.720090,-5880.038472
1896064.000000,295.000000,293.580311,-0.627789,1.458784,-31.990374,13.683201,0.073980,-0.484932,-0.230515,-1.784118,-2.147827,-0.913443,8.099858,-13.834289,-7.237087,-6.641074,-18.156085,20.920289,-3386.955658,-3080.964566,-2186.940017,356.382134,4854.775876,-5336.178468
1896066.000000,295.000000,294.871594,-0.626993,45.371351,-12.251491,-4.270501,-0.489996,-0.998047,-0.595326,-1.724777,-1.339531,-1.802647,45.077378,-22.696202,-5.604732,0.293974,10.444712,1.334231,-1811.778529,-1119.654374,-1075.134721,3259.293560,8148.853662,-3576.356404
1896068.000000,295.000000,295.189627,-0.633384,42.044940,-9.339535,13.509028,-0.791682,-1.184573,-0.775265,-1.182056,0.017279,-2.399073,45.413626,-36.900738,16.879203,-3.368686,27.561203,-3.370175,-222.181140,1308.967886,188.882304,4338.979834,8983.326193,-1105.706578
1896070.000000,295.000000,288.721340,-0.650447,-0.585967,-25.584435,-1.372109,-0.828722,-0.966758,-0.744771,-0.459600,1.513083,-2.584240,6.494400,-21.388721,12.395127,-7.080367,-4.195714,-13.767237,628.593343,3042.726174,1207.111495,3275.311248,7035.949750,1336.217568
1896072.000000,295.000000,288.761316,-0.654325,-1.029412,-23.214159,-56.891057,-0.724094,-0.460222,-0.544569,0.085775,2.684698,-2.362639,-3.711000,7.147976,-23.338824,2.681588,-30.362135,-33.552233,917.538240,3991.785090,1782.377963,903.186860,3368.782243,3142.510305
1896074.000000,295.000000,294.598915,-0.660173,41.753658,3.407908,-84.377996,-0.571314,0.204388,-0.248478,0.236169,3.245580,-1.840072,26.182150,3.550593,-47.995551,15.571508,-0.142685,-36.382445,1263.247605,4684.316851,1924.281696,-1588.922129,-528.185514,4072.720590
1896076.000000,295.000000,295.875404,-0.637607,34.198129,30.062572,-54.923777,-0.360962,0.984311,0.071295,-0.028410,3.157528,-1.162545,24.109457,-12.151817,-34.375337,10.088672,42.214389,-20.548440,1816.743550,5192.330375,1731.219761,-3507.853719,-3731.389984,4193.397815
1896078.000000,295.000000,297.687718,-0.607602,-47.821732,35.111521,-24.150549,-0.058444,1.848791,0.359108,-0.612509,2.536052,-0.464721,-27.660773,-14.361274,-31.043767,-20.160960,49.472794,6.893218,1924.755838,4709.071059,1256.415142,-4752.909223,-6030.121092,3678.338016
1896080.000000,295.000000,294.838686,-0.590727,-110.540642,14.512109,-35.605904,0.262055,2.632827,0.568128,-1.403937,1.531861,0.147582,-65.622609,6.761204,-51.400312,-44.918032,7.750905,15.794408,792.664913,2314.596412,505.074987,-5225.902978,-7307.988279,2683.256756
1896082.000000,295.000000,298.025808,-0.574489,-87.629217,-4.697045,-53.559498,0.394037,3.018062,0.652149,-2.274076,0.314849,0.594307,-34.640372,13.638913,-60.196283,-52.988846,-18.335958,6.636785,-1537.351401,-1807.752149,-431.714963,-4397.189331,-7037.071605,1339.412014
1896084.000000,295.000000,292.263097,-0.545300,-41.434858,1.898019,-36.644138,0.138052,2.716996,0.580139,-3.006332,-0.857045,0.817218,13.158160,12.143877,-31.209321,-54.593019,-10.245857,-5.434817,-3915.762776,-6016.802135,-1290.103281,-1695.073788,-4619.557314,-182.838154
1896086.000000,295.000000,292.727461,-0.527003,-49.944400,13.722917,-13.631349,-0.513981,1.715030,0.365116,-3.288646,-1.626418,0.786575,10.070979,21.598474,-5.928682,-60.015380,-7.875556,-7.702667,-4858.587125,-8227.364159,-1745.761578,2596.873973,-317.455572,-1589.374559
1896088.000000,295.000000,294.715911,-0.561624,-61.682287,1.802049,-26.863093,-1.323006,0.344925,0.074269,-2.856238,-1.679418,0.521771,-10.887567,44.711715,-10.084167,-50.794720,-42.909666,-16.778926,-3714.487821,-7401.286347,-1650.131181,6940.242095,4280.059530,-2496.714171

t,temperature,ConvEKinTemp(ekin),sum_mom_xy,sum_vel[0],sum_vel[1],sum_vel[2],sum_vel_wk_up[0],sum_vel_wk_up[1],sum_vel_wk_up[2],sum_vel_wk_dw[0],sum_vel_wk_dw[1],sum_vel_wk_dw[2],sum_vel_up[0],sum_vel_up[1],sum_vel_up[2],sum_vel_dw[0],sum_vel_dw[1],sum_vel_dw[2],sum_f_wk_up[0],sum_f_wk_up[1],sum_f_wk_up[2],sum_f_wk_dw[0],sum_f_wk_dw[1],sum_f_wk_dw[2]
2017814.000000,295.000000,296.164878,0.461625,-20.342998,36.132419,10.866063,-1.394372,-0.704121,-1.636460,-0.990251,-1.062674,0.310059,-17.404582,22.585199,-38.243324,-2.938416,13.547220,49.109387,-580.666941,1129.100910,3832.905033,3399.202066,2760.922973,2450.825182
2017816.000000,295.000000,299.554872,0.453795,6.328739,48.345956,26.159146,-1.491006,-0.516236,-0.998122,-0.424209,-0.603060,0.718192,4.910401,43.045492,-24.880529,1.418338,5.300464,51.039675,398.760260,1483.265078,5387.073066,4499.433509,3713.387457,1063.026042
2017818.000000,295.000000,292.891047,0.472120,43.759999,72.966292,55.607100,-1.424633,-0.269410,-0.101173,0.325009,0.015116,0.895150,54.014095,74.992731,26.623327,-10.254097,-2.026438,28.983773,1344.587274,1850.573964,5701.149276,4513.320105,3355.700085,-768.213855
2017820.000000,295.000000,290.109042,0.500299,24.353317,78.964781,72.163158,-1.200796,0.038591,0.847924,1.076569,0.573758,0.767027,59.782351,79.932042,58.595864,-35.429034,-0.967261,13.567294,2214.307747,2270.001536,4536.858827,2839.393573,898.323342,-2586.100459
2017822.000000,295.000000,289.065182,0.517300,-15.600843,73.934393,59.979425,-0.832135,0.416470,1.603078,1.549436,0.723255,0.336073,23.755102,67.000358,43.879402,-39.355946,6.934034,16.100023,2712.628978,2432.603296,2039.121858,-2.014907,-2930.027798,-3815.755218
2017824.000000,295.000000,292.676082,0.538980,-1.767144,79.041747,35.177851,-0.380456,0.821452,1.942260,1.549131,0.235281,-0.299699,16.070556,65.078057,21.734509,-17.837701,13.963690,13.443342,2449.950686,1927.534145,-1195.788000,-2452.684443,-6046.192044,-3991.358647
2017826.000000,295.000000,296.514698,0.585862,44.563186,90.033454,28.130559,0.027497,1.142333,1.742644,1.140707,-0.771560,-0.964784,46.145676,73.450399,30.608393,-1.582490,16.583055,-2.477835,1306.871386,661.009582,-4264.063301,-3052.140256,-6557.002556,-2990.766534
2017828.000000,295.000000,297.918061,0.639427,46.355041,89.981606,41.451345,0.245106,1.252320,1.031923,0.632461,-1.863411,-1.463420,42.426082,68.459588,52.479050,3.928959,21.522019,-11.027704,-365.329825,-952.897711,-6248.477286,-1593.559304,-4298.803989,-1100.906991
2017830.000000,295.000000,297.126652,0.658722,-1.090992,78.350640,45.432417,0.184270,1.093591,-0.009296,0.367103,-2.579220,-1.647459,-14.404053,49.831050,40.616555,13.313061,28.519590,4.815862,-1912.953400,-2220.571105,-6512.074902,757.817867,-872.586649,1126.221382
2017832.000000,295.000000,294.636992,0.638312,-30.431375,69.522949,25.405726,-0.134264,0.723815,-1.094270,0.493291,-2.724549,-1.460553,-44.784456,41.169320,0.091078,14.353080,28.353629,25.314648,-2768.020742,-2624.792508,-4901.649482,2502.619056,1824.185943,3091.816417
2017834.000000,295.000000,296.694837,0.622715,-18.536089,64.234113,15.046155,-0.595173,0.286737,-1.910887,0.910002,-2.420765,-0.946150,-5.248221,50.187439,-10.043772,-13.287868,14.046674,25.089928,-2746.943710,-2116.671990,-1809.453043,2992.473366,3075.318166,4312.553476
2017836.000000,295.000000,297.760252,0.621305,-15.108688,53.298003,44.992910,-1.052558,-0.065713,-2.212584,1.408264,-1.908623,-0.228481,36.700951,59.030358,31.673087,-51.809639,-5.732355,13.319823,-2022.987353,-1035.697284,1936.902436,2643.529490,3460.922445,4502.724853
2017838.000000,295.000000,301.643095,0.613457,-40.380812,51.300068,80.703000,-1.389347,-0.238144,-1.890497,1.848359,-1.332223,0.520730,23.896270,63.201601,68.100896,-64.277082,-11.901532,12.602104,-863.276621,206.825824,5330.591721,2113.227424,3707.197289,3610.436750
2017840.000000,295.000000,304.269288,0.578875,-46.277489,77.247289,71.332007,-1.532983,-0.203668,-1.003313,2.200087,-0.714825,1.121311,-2.655749,74.822815,51.349080,-43.621740,2.424475,19.982928,552.072025,1354.632315,7464.413865,1426.680053,3635.002420,1827.619347
2017842.000000,295.000000,298.284359,0.546455,-11.863963,113.954993,35.604754,-1.441014,0.021912,0.239250,2.437586,-0.109522,1.425224,11.491408,86.874782,12.735352,-23.355371,27.080211,22.869402,2074.028658,2257.054151,7728.579371,6.770384,2380.789342,-415.141291
2017844.000000,295.000000,294.377683,0.558452,21.256331,129.706502,29.382012,-1.095666,0.397750,1.525983,2.438726,0.286918,1.355915,40.380229,82.535721,6.564402,-19.123898,47.170781,22.817610,3424.024185,2684.997501,5950.432907,-2418.813231,-363.303570,-2514.896320
2017846.000000,295.000000,295.437922,0.607659,28.267064,123.912661,48.765935,-0.525515,0.844836,2.516655,2.035951,0.226421,0.936994,25.964452,60.759084,22.153321,2.302612,63.153577,26.612615,4177.657148,2322.710651,2497.202970,-5066.013475,-3475.088619,-3879.866240
2017848.000000,295.000000,299.738761,0.655276,29.131912,120.647811,33.835305,0.170130,1.231555,2.932252,1.192325,-0.352231,0.290803,-19.482960,41.044509,3.212130,48.614873,79.603301,30.623176,3977.182258,1028.785434,-1756.703565,-6443.859312,-4979.857664,-4173.510288
2017850.000000,295.000000,299.083333,0.692784,40.887162,117.038124,-26.191909,0.832370,1.402813,2.639783,0.119310,-1.181426,-0.404001,-24.533948,31.622550,-53.426798,65.421110,85.415575,27.234889,2807.646053,-909.408923,-5674.727868,-5571.238825,-3694.430329,-3442.417991
2017852.000000,295.000000,294.248084,0.730106,46.613568,80.034260,-59.177832,1.299889,1.251385,1.695290,-0.808382,-1.796617,-0.976801,24.234604,21.237151,-79.058575,22.378965,58.797110,19.880743,1049.968961,-2829.161041,-8215.578027,-2907.269094,-356.570954,-2027.331609
2017854.000000,295.000000,291.416529,0.736172,22.982009,19.493737,-16.502790,1.474766,0.780306,0.327636,-1.292515,-1.856062,-1.314091,54.755286,10.621195,-38.178739,-31.773278,8.872543,21.675949,-727.254479,-4059.565219,-8715.365958,-46.941454,2931.036596,-365.829160
2017856.000000,295.000000,292.092086,0.693113,-13.130770,2.276054,32.848749,1.353703,0.104321,-1.123586,-1.300364,-1.368065,-1.375022,32.742688,21.444119,8.004511,-45.873458,-19.168065,24.844237,-2077.945050,-4303.346101,-7031.892204,1567.092084,4429.245626,1151.518517
2017858.000000,295.000000,296.425878,0.648281,-18.786283,44.863271,13.192889,1.007682,-0.612271,-2.294500,-1.039407,-0.630549,-1.183288,20.407760,46.760063,-1.486255,-39.194043,-1.896792,14.679144,-2816.921905,-3694.992333,-3588.711942,1693.304393,4010.226960,2225.453240
2017860.000000,295.000000,291.485736,0.636540,6.420803,79.087626,-19.807599,0.538649,-1.227600,-2.892026,-0.757475,0.037168,-0.812626,61.576096,53.361666,-23.818071,-55.155294,25.725960,4.010473,-2925.739468,-2506.286281,711.250253,1150.265456,2836.200978,2659.616207
2017862.000000,295.000000,295.340737,0.652358,22.543730,68.214822,19.872595,0.051471,-1.644965,-2.773549,-0.565938,0.509397,-0.369726,91.011281,37.852808,8.434869,-68.467550,30.362015,11.437727,-2382.637543,-852.893896,4734.573456,767.029603,1969.568222,2387.924046
2017864.000000,295.000000,292.011145,0.670533,21.644205,67.050917,82.389775,-0.345275,-1.787069,-1.985470,-0.438230,0.837334,0.027660,50.826627,38.497056,55.665614,-29.182422,28.553860,26.724162,-1121.341194,1250.089870,7436.773365,573.038615,1401.760801,1503.466293
2017866.000000,295.000000,293.897835,0.678018,28.495670,110.988086,63.165065,-0.531998,-1.578974,-0.747393,-0.342814,1.070708,0.277772,-5.200797,47.746954,31.866061,33.696468,63.241132,31.299004,742.558394,3565.765704,8133.508836,6.920631,427.063753,261.963127
2017868.000000,295.000000,286.488586,0.670904,37.641336,133.505805,-17.375867,-0.408387,-0.985373,0.606998,-0.341687,1.141849,0.321468,-1.998869,38.541248,-50.316875,39.640205,94.964557,32.941009,2699.691181,5420.556381,6673.659859,-1161.116763,-1181.350528,-975.278763
2017870.000000,295.000000,288.876760,0.639540,18.088827,81.878979,-43.671140,0.041140,-0.082859,1.718465,-0.535053,0.945136,0.159230,23.549042,14.329563,-81.158210,-5.460215,67.549416,37.487070,3903.228967,5930.999866,3484.802519,-2268.501223,-2564.423132,-1869.984944
2017872.000000,295.000000,289.118420,0.586008,-18.392993,18.515161,10.656323,0.691101,0.904697,2.298623,-0.912827,0.518102,-0.152361,9.157948,14.201633,-30.181892,-27.550942,4.313528,40.838215,3658.949539,4568.000862,-561.403773,-2268.099704,-2479.467943,-2238.327124
2017874.000000,295.000000,293.076856,0.605203,-34.150929,16.885216,47.115366,1.300384,1.665290,2.204548,-1.290515,0.105177,-0.525710,-23.151008,37.187662,14.457900,-10.999921,-20.302446,32.657466,1917.370468,1635.565169,-4405.928238,-829.634049,-647.681010,-2081.048257
2017876.000000,295.000000,293.930010,0.567001,-26.570017,50.014090,16.854466,1.619666,1.937578,1.470233,-1.428673,-0.002744,-0.872922,-13.975300,46.629368,2.539536,-12.594717,3.384723,14.314930,-655.942642,-1775.487467,-7050.616087,1142.071930,1706.464653,-1500.146169
2017878.000000,295.000000,290.234938,0.533363,-17.549445,56.197361,1.796909,1.510506,1.641917,0.295627,-1.238557,0.281321,-1.123374,34.088195,43.963363,-13.493967,-51.637640,12.233998,15.290877,-3081.119177,-4371.881805,-7761.312823,2188.949266,2806.552059,-600.410998
2017880.000000,295.000000,292.812337,0.494255,-12.807061,42.113514,56.948060,0.997480,0.913847,-0.997550,-0.874086,0.748547,-1.224176,53.835379,35.580819,17.128255,-66.642440,6.532695,39.819805,-4609.939677,-5325.561423,-6278.455657,1602.039814,1885.881181,517.422239
2017882.000000,295.000000,290.028964,0.441972,2.636896,62.535366,105.838800,0.229887,0.026951,-2.044053,-0.607356,1.062475,-1.139056,26.621824,41.330683,68.294453,-23.984928,21.204683,37.544347,-4983.534679,-4562.831042,-2983.346475,70.615298,-172.181217,1694.640331
2017884.000000,295.000000,292.560026,0.398891,30.376116,116.721520,68.254325,-0.599945,-0.732988,-2.541633,-0.595610,1.033671,-0.857658,3.852938,54.007137,53.972399,26.523177,62.714383,14.281926,-4336.525948,-2553.474777,1168.120795,-985.247386,-1721.771888,2691.230556
2017886.000000,295.000000,294.329351,0.387307,40.326626,128.256690,-6.082829,-1.322043,-1.158356,-2.347454,-0.759671,0.746804,-0.409850,10.011375,44.051360,-17.259308,30.315252,84.205330,11.176479,-2928.154322,74.810283,4996.529303,-749.734420,-1867.386622,3248.498478
2017888.000000,295.000000,297.011489,0.395185,26.206290,69.863103,-24.103746,-1.809596,-1.146063,-1.515531,-0.884499,0.435664,0.130971,12.301280,18.691834,-60.468467,13.905010,51.171269,36.364721,-1012.504752,2724.893236,7512.824310,316.213921,-1114.719396,3199.894070
2017890.000000,295.000000,293.592078,0.403804,20.358351,17.462780,6.491330,-1.978214,-0.692525,-0.264718,-0.831855,0.249868,0.663636,-9.048684,20.809091,-39.917718,29.407035,-3.346311,46.409048,1084.119067,4782.165352,8152.179556,1100.938803,-594.531615,2558.604484
2017892.000000,295.000000,290.539714,0.425660,19.740746,23.780713,7.060912,-1.797766,0.103589,1.092527,-0.648562,0.150705,1.089490,-27.361065,50.623214,-18.632113,47.101811,-26.842500,25.693026,2862.385351,5618.260827,6836.945745,1077.915808,-749.877257,1503.368770
2017894.000000,295.000000,291.775748,0.564030,-5.111085,42.002245,-32.265330,-1.321182,1.038975,2.231016,-0.469089,0.025694,1.339852,-17.585576,62.601344,-44.888669,12.474492,-20.599099,12.623339,3765.240023,4834.830644,3956.259167,820.259719,-889.475021,259.239030
2017896.000000,295.000000,293.361733,0.624363,-36.236819,26.947654,-40.283268,-0.694230,1.843948,2.890088,-0.332510,-0.122531,1.383301,4.725701,44.566656,-70.721802,-40.962519,-17.619001,30.438534,3506.300333,2588.585084,263.989769,1254.346401,-85.029502,-1014.306982
2017898.000000,295.000000,295.215862,0.658515,-38.725344,19.459146,5.550981,-0.110381,2.274903,2.934197,-0.123643,-0.136767,1.214559,12.499935,33.587847,-39.691963,-51.225279,-14.128701,45.242944,2287.463897,-341.314272,-3322.044194,2477.587738,1564.429976,-2217.571021
2017900.000000,295.000000,294.755644,0.675713,-18.449374,66.662478,34.986118,0.270514,2.218031,2.380871,0.288910,0.123690,0.845140,11.255222,48.489452,10.857933,-29.704596,18.173026,24.128185,675.068993,-2908.062295,-5958.299668,3450.142306,2723.914009,-3205.481915
2017902.000000,295.000000,292.793184,0.688244,-8.891964,125.896742,6.324313,0.382928,1.733817,1.388553,0.863418,0.577248,0.311180,16.555836,59.131427,8.903671,-25.447799,66.765315,-2.579358,-766.840950,-4361.606243,-7069.096845,2965.537170,2001.005170,-3726.255125
2017904.000000,295.000000,297.414817,0.697075,-12.397591,119.305551,-20.364902,0.255232,1.007509,0.211325,1.357199,0.910417,-0.309402,20.578619,41.512222,-33.323437,-32.976210,77.793329,12.958534,-1757.775998,-4578.585938,-6476.559556,929.768285,-620.270787,-3512.576121
2017906.000000,295.000000,293.625486,0.705880,10.146952,67.220950,2.105843,-0.037461,0.245100,-0.867401,1.512036,0.807125,-0.894586,17.869440,26.306152,-49.159546,-7.722489,40.914798,51.265389,-2299.678784,-3887.422309,-4441.146170,-1398.959639,-3542.152524,-2470.908703
2017908.000000,295.000000,295.922377,0.726416,60.129549,56.273509,25.969549,-0.420388,-0.402241,-1.607498,1.279078,0.217272,-1.306613,19.950798,32.435349,-35.294881,40.178751,23.838160,61.264429,-2428.088540,-2612.705982,-1565.132033,-2478.136380,-4838.194276,-798.211054
2017910.000000,295.000000,291.915301,0.758093,75.920691,86.203755,5.021641,-0.824715,-0.837358,-1.868766,0.866462,-0.588408,-1.440168,28.321784,42.144988,-38.203811,47.598906,44.058767,43.225452,-2048.732860,-835.517487,1405.552185,-1795.805043,-3877.405995,1078.176452
