frame(num),distance (nm)
0.000000,-0.110175
1.000000,-0.115068
2.000000,-0.121032
3.000000,-0.125192
4.000000,-0.130396
5.000000,-0.125859
6.000000,-0.127713
7.000000,-0.137326
8.000000,-0.122004
9.000000,-0.123067
10.000000,-0.127527
11.000000,-0.125615
12.000000,-0.126712
13.000000,-0.115880
14.000000,-0.111630
15.000000,-0.110138
16.000000,-0.113728
17.000000,-0.115653
18.000000,-0.115447
19.000000,-0.112229
20.000000,-0.109595
21.000000,-0.108990
22.000000,-0.111797
23.000000,-0.123052
24.000000,-0.118470
25.000000,-0.119995
26.000000,-0.116658
27.000000,-0.106481
28.000000,-0.108312
29.000000,-0.113680
30.000000,-0.121283
31.000000,-0.113422
32.000000,-0.110294
33.000000,-0.103404
34.000000,-0.106913
35.000000,-0.105535
36.000000,-0.103714
37.000000,-0.103350
38.000000,-0.105477
39.000000,-0.103888
40.000000,-0.092488
41.000000,-0.082909
42.000000,-0.082470
43.000000,-0.082943
44.000000,-0.085553
45.000000,-0.083630
46.000000,-0.078000
47.000000,-0.066715
48.000000,-0.070694
49.000000,-0.065296
50.000000,-0.057159
51.000000,-0.057902
52.000000,-0.050027
53.000000,-0.044275
54.000000,-0.042582
55.000000,-0.037620
56.000000,-0.035085
57.000000,-0.037273
58.000000,-0.030711
59.000000,-0.031917
60.000000,-0.023573
61.000000,-0.022492
62.000000,-0.018942
63.000000,-0.016329
64.000000,-0.011523
65.000000,-0.012943
66.000000,-0.014026
67.000000,-0.008677
68.000000,-0.010398
69.000000,-0.011053
70.000000,-0.003907
71.000000,-0.010407
72.000000,-0.008152
73.000000,-0.007616
74.000000,0.002705
75.000000,0.005115
76.000000,-0.002798
77.000000,0.006950
78.000000,0.009423
79.000000,0.009886
80.000000,0.010575
81.000000,0.017672
82.000000,0.013270
83.000000,0.014278
84.000000,0.010460
85.000000,0.013605
86.000000,0.016394
87.000000,0.020083
88.000000,0.021430
89.000000,0.016220
90.000000,0.023866
91.000000,0.022939
92.000000,0.016225
93.000000,0.025012
94.000000,0.026202
95.000000,0.027234
96.000000,0.022228
97.000000,0.023515
98.000000,0.030278
99.000000,0.042317
100.000000,0.046566
101.000000,0.048834
102.000000,0.055964
103.000000,0.051732
104.000000,0.049542
105.000000,0.061696
106.000000,0.071832
107.000000,0.065480
108.000000,0.068016
109.000000,0.071080
110.000000,0.072269
111.000000,0.073820
112.000000,0.084272
113.000000,0.078389
114.000000,0.083590
115.000000,0.082304
116.000000,0.088248
117.000000,0.090915
118.000000,0.098709
119.000000,0.098124
120.000000,0.095518
121.000000,0.102888
122.000000,0.096876
123.000000,0.095909
124.000000,0.098734
125.000000,0.097714
126.000000,0.091351
127.000000,0.098551
128.000000,0.100325
129.000000,0.097016
130.000000,0.097648
131.000000,0.096373
132.000000,0.097926
133.000000,0.094174
134.000000,0.092569
135.000000,0.093602
136.000000,0.100305
137.000000,0.097582
138.000000,0.098486
139.000000,0.097442
140.000000,0.090278
141.000000,0.099457
142.000000,0.099513
143.000000,0.090190
144.000000,0.097127
145.000000,0.096237
146.000000,0.097887
147.000000,0.097692
148.000000,0.093663
149.000000,0.095672
150.000000,0.099429
151.000000,0.101366
152.000000,0.093087
153.000000,0.086399
154.000000,0.095731
155.000000,0.097300
156.000000,0.089626
157.000000,0.090156
158.000000,0.098476
159.000000,0.086257
160.000000,0.092174
161.000000,0.089425
162.000000,0.092032
163.000000,0.086036
164.000000,0.080544
165.000000,0.088081
166.000000,0.087458
167.000000,0.093250
168.000000,0.094249
169.000000,0.093080
170.000000,0.082100
171.000000,0.081940
172.000000,0.085323
173.000000,0.088481
174.000000,0.084944
175.000000,0.080335
176.000000,0.075349
177.000000,0.066769
178.000000,0.077410
179.000000,0.076873
180.000000,0.073286
181.000000,0.072469
182.000000,0.064791
183.000000,0.061856
184.000000,0.066015
185.000000,0.066639
186.000000,0.064798
187.000000,0.071777
188.000000,0.068222
189.000000,0.057268
190.000000,0.055723
191.000000,0.059263
192.000000,0.057238
193.000000,0.059269
194.000000,0.061255
195.000000,0.051295
196.000000,0.046099
197.000000,0.048425
198.000000,0.043391
199.000000,0.051331
200.000000,0.052863
201.000000,0.046615
202.000000,0.032295
203.000000,0.036713
204.000000,0.036981
205.000000,0.037147
206.000000,0.042726
207.000000,0.045772
208.000000,0.038233
209.000000,0.038095
210.000000,0.040761
211.000000,0.037281
212.000000,0.042277
213.000000,0.040549
214.000000,0.033028
215.000000,0.030721
216.000000,0.033639
217.000000,0.023991
218.000000,0.027204
219.000000,0.029221
220.000000,0.030953
221.000000,0.024748
222.000000,0.030678
223.000000,0.028694
224.000000,0.026411
225.000000,0.036351
226.000000,0.035777
227.000000,0.032398
228.000000,0.030136
229.000000,0.037925
230.000000,0.030597
231.000000,0.027675
232.000000,0.035511
233.000000,0.036101
234.000000,0.033852
235.000000,0.027682
236.000000,0.029548
237.000000,0.030123
238.000000,0.036782
239.000000,0.037493
240.000000,0.033197
241.000000,0.039864
242.000000,0.039535
243.000000,0.038027
244.000000,0.032161
245.000000,0.036553
246.000000,0.042877
247.000000,0.037193
248.000000,0.039526
249.000000,0.035272
250.000000,0.023908
251.000000,0.032190
252.000000,0.038913
253.000000,0.030732
254.000000,0.020818
255.000000,0.029686
256.000000,0.025087
257.000000,0.028544
258.000000,0.033646
259.000000,0.033661
260.000000,0.024691
261.000000,0.018866
262.000000,0.014227
263.000000,0.016345
264.000000,0.017721
265.000000,0.018722
266.000000,0.007970
267.000000,0.000983
268.000000,-0.001505
269.000000,-0.007369
270.000000,-0.001528
271.000000,0.008427
272.000000,-0.004891
273.000000,-0.017899
274.000000,-0.017995
275.000000,-0.020355
276.000000,-0.026781
277.000000,-0.023152
278.000000,-0.014145
279.000000,-0.021011
280.000000,-0.032351
281.000000,-0.035566
282.000000,-0.041377
283.000000,-0.038979
284.000000,-0.035260
285.000000,-0.034375
286.000000,-0.038981
287.000000,-0.041048
288.000000,-0.046341
289.000000,-0.046612
290.000000,-0.037956
291.000000,-0.037311
292.000000,-0.036461
293.000000,-0.030048
294.000000,-0.039422
295.000000,-0.038135
296.000000,-0.036862
297.000000,-0.036454
298.000000,-0.030037
299.000000,-0.022868
300.000000,-0.033087
301.000000,-0.030028
302.000000,-0.038230
303.000000,-0.040360
304.000000,-0.031736
305.000000,-0.027733
306.000000,-0.022243
307.000000,-0.022421
308.000000,-0.028702
309.000000,-0.028368
310.000000,-0.019835
311.000000,-0.005630
312.000000,-0.009680
313.000000,-0.012465
314.000000,-0.016980
315.000000,-0.026014
316.000000,-0.018426
317.000000,-0.003283
318.000000,-0.000984
319.000000,-0.005466
320.000000,-0.006979
321.000000,-0.008893
322.000000,-0.011008
323.000000,-0.011564
324.000000,0.003407
325.000000,0.000331
326.000000,-0.002000
327.000000,-0.006900
328.000000,-0.002214
329.000000,-0.002097
330.000000,-0.002721
331.000000,-0.004805
332.000000,-0.004589
333.000000,-0.004558
334.000000,-0.006598
335.000000,-0.011789
336.000000,-0.004938
337.000000,0.001534
338.000000,-0.005803
339.000000,-0.000426
340.000000,-0.008200
341.000000,-0.013485
342.000000,-0.009789
343.000000,-0.008871
344.000000,-0.019817
345.000000,-0.018451
346.000000,-0.014922
347.000000,-0.019466
348.000000,-0.025330
349.000000,-0.018438
350.000000,-0.029047
351.000000,-0.038081
352.000000,-0.032968
353.000000,-0.028417
354.000000,-0.042728
355.000000,-0.046173
356.000000,-0.036692
357.000000,-0.047763
358.000000,-0.045710
359.000000,-0.039173
360.000000,-0.041898
361.000000,-0.048410
362.000000,-0.048955
363.000000,-0.051678
364.000000,-0.055074
365.000000,-0.052204
366.000000,-0.055077
367.000000,-0.058917
368.000000,-0.055065
369.000000,-0.065475
370.000000,-0.069071
371.000000,-0.059061
372.000000,-0.054339
373.000000,-0.059889
374.000000,-0.063211
375.000000,-0.075009
376.000000,-0.071131
377.000000,-0.068116
378.000000,-0.063173
379.000000,-0.064014
380.000000,-0.069529
381.000000,-0.068344
382.000000,-0.080311
383.000000,-0.069699
384.000000,-0.067354
385.000000,-0.072402
386.000000,-0.063035
387.000000,-0.065263
388.000000,-0.077682
389.000000,-0.080069
390.000000,-0.069262
391.000000,-0.068236
392.000000,-0.064224
393.000000,-0.072965
394.000000,-0.074426
395.000000,-0.071505
396.000000,-0.068411
397.000000,-0.071983
398.000000,-0.072311
399.000000,-0.066491
400.000000,-0.066420
401.000000,-0.076257
402.000000,-0.072361
403.000000,-0.077881
404.000000,-0.070696
405.000000,-0.060392
406.000000,-0.058274
407.000000,-0.069262
408.000000,-0.065252
409.000000,-0.070195
410.000000,-0.066541
411.000000,-0.050227
412.000000,-0.056644
413.000000,-0.067339
414.000000,-0.065001
415.000000,-0.057379
416.000000,-0.058637
417.000000,-0.055175
418.000000,-0.051218
419.000000,-0.053371
420.000000,-0.059047
421.000000,-0.050714
422.000000,-0.045576
423.000000,-0.055695
424.000000,-0.052341
425.000000,-0.049479
426.000000,-0.054497
427.000000,-0.053170
428.000000,-0.055765
429.000000,-0.056582
430.000000,-0.048474
431.000000,-0.048709
432.000000,-0.052413
433.000000,-0.052242
434.000000,-0.048077
435.000000,-0.057512
436.000000,-0.047910
437.000000,-0.050368
438.000000,-0.062166
439.000000,-0.061563
440.000000,-0.055325
441.000000,-0.066449
442.000000,-0.070100
443.000000,-0.057954
444.000000,-0.065686
445.000000,-0.086423
446.000000,-0.074592
447.000000,-0.083582
448.000000,-0.082349
449.000000,-0.077085
450.000000,-0.084039
451.000000,-0.090369
452.000000,-0.093222
453.000000,-0.096203
454.000000,-0.096093
455.000000,-0.094115
456.000000,-0.098231
457.000000,-0.095837
458.000000,-0.100102
459.000000,-0.104657
460.000000,-0.101161
461.000000,-0.102309
462.000000,-0.109310
463.000000,-0.104662
464.000000,-0.108387
465.000000,-0.114285
466.000000,-0.107951
467.000000,-0.119594
468.000000,-0.120273
469.000000,-0.116888
470.000000,-0.113432
471.000000,-0.122745
472.000000,-0.113195
473.000000,-0.115805
474.000000,-0.129302
475.000000,-0.128134
476.000000,-0.117018
477.000000,-0.129258
478.000000,-0.134520
479.000000,-0.128677
480.000000,-0.128748
481.000000,-0.137485
482.000000,-0.138719
483.000000,-0.132051
484.000000,-0.133876
485.000000,-0.125016
486.000000,-0.130580
487.000000,-0.130415
488.000000,-0.130751
489.000000,-0.127227
490.000000,-0.128735
491.000000,-0.126425
492.000000,-0.125752
493.000000,-0.129832
494.000000,-0.120815
495.000000,-0.126192
496.000000,-0.129779
497.000000,-0.130686
498.000000,-0.125279
499.000000,-0.114593
500.000000,-0.121931
501.000000,-0.128120
502.000000,-0.126079
503.000000,-0.122101
504.000000,-0.122487
505.000000,-0.118153
506.000000,-0.120197
507.000000,-0.120064
508.000000,-0.118054
509.000000,-0.116137
510.000000,-0.112588
511.000000,-0.112610
512.000000,-0.116877
513.000000,-0.115243
514.000000,-0.117191
515.000000,-0.123293
516.000000,-0.112793
517.000000,-0.112890
518.000000,-0.121843
519.000000,-0.116094
520.000000,-0.117147
521.000000,-0.116723
522.000000,-0.107471
523.000000,-0.102956
524.000000,-0.110242
525.000000,-0.113520
526.000000,-0.108600
527.000000,-0.103404
528.000000,-0.108191
529.000000,-0.109330
530.000000,-0.111184
531.000000,-0.116859
532.000000,-0.110337
533.000000,-0.111501
534.000000,-0.111695
535.000000,-0.113391
536.000000,-0.115009
537.000000,-0.120443
538.000000,-0.115696
539.000000,-0.118277
540.000000,-0.118740
541.000000,-0.109057
542.000000,-0.113194
543.000000,-0.115517
544.000000,-0.114057
545.000000,-0.106004
546.000000,-0.115081
547.000000,-0.111915
548.000000,-0.106379
549.000000,-0.110795
550.000000,-0.112969
551.000000,-0.111695
552.000000,-0.112386
553.000000,-0.121041
554.000000,-0.109497
555.000000,-0.106108
556.000000,-0.105371
557.000000,-0.112194
558.000000,-0.115515
559.000000,-0.112318
560.000000,-0.114691
561.000000,-0.108583
562.000000,-0.113263
563.000000,-0.120522
564.000000,-0.117678
565.000000,-0.122594
566.000000,-0.127964
567.000000,-0.132416
568.000000,-0.125022
569.000000,-0.123170
570.000000,-0.125132
571.000000,-0.128143
572.000000,-0.132689
573.000000,-0.129059
574.000000,-0.130735
575.000000,-0.130143
576.000000,-0.129144
577.000000,-0.129930
578.000000,-0.131566
579.000000,-0.143693
580.000000,-0.136191
581.000000,-0.140392
582.000000,-0.137623
583.000000,-0.136278
584.000000,-0.136319
585.000000,-0.142642
586.000000,-0.140026
587.000000,-0.137978
588.000000,-0.138251
589.000000,-0.135381
590.000000,-0.131284
591.000000,-0.137391
592.000000,-0.139471
593.000000,-0.131727
594.000000,-0.142724
595.000000,-0.137886
596.000000,-0.134309
597.000000,-0.139315
598.000000,-0.143376
599.000000,-0.138811
600.000000,-0.144922
601.000000,-0.142988
602.000000,-0.135263
603.000000,-0.142899
604.000000,-0.152972
605.000000,-0.140401
606.000000,-0.146492
607.000000,-0.142401
608.000000,-0.145622
609.000000,-0.144513
610.000000,-0.152817
611.000000,-0.144548
612.000000,-0.140371
613.000000,-0.141903
614.000000,-0.142160
615.000000,-0.141400
616.000000,-0.145039
617.000000,-0.157532
618.000000,-0.141607
619.000000,-0.141647
620.000000,-0.142567
621.000000,-0.146767
622.000000,-0.152520
623.000000,-0.156918
624.000000,-0.155766
625.000000,-0.145658
626.000000,-0.143021
627.000000,-0.149510
628.000000,-0.152267
629.000000,-0.154326
630.000000,-0.150438
631.000000,-0.141726
632.000000,-0.152856
633.000000,-0.141587
634.000000,-0.148248
635.000000,-0.142907
636.000000,-0.145665
637.000000,-0.143002
638.000000,-0.134296
639.000000,-0.135902
640.000000,-0.131146
641.000000,-0.134849
642.000000,-0.143107
643.000000,-0.137533
644.000000,-0.127605
645.000000,-0.122535
646.000000,-0.118816
647.000000,-0.121948
648.000000,-0.137065
649.000000,-0.129488
650.000000,-0.122101
651.000000,-0.122310
652.000000,-0.121549
653.000000,-0.119921
654.000000,-0.124158
655.000000,-0.136801
656.000000,-0.130445
657.000000,-0.115216
658.000000,-0.121955
659.000000,-0.128610
660.000000,-0.120195
661.000000,-0.131191
662.000000,-0.130940
663.000000,-0.125578
664.000000,-0.126893
665.000000,-0.124746
666.000000,-0.134753
667.000000,-0.138386
668.000000,-0.135651
669.000000,-0.135326
670.000000,-0.129977
671.000000,-0.130655
672.000000,-0.137084
673.000000,-0.131458
674.000000,-0.133381
675.000000,-0.137689
676.000000,-0.140630
677.000000,-0.136709
678.000000,-0.127740
679.000000,-0.141838
680.000000,-0.146178
681.000000,-0.138092
682.000000,-0.149350
683.000000,-0.151036
684.000000,-0.141840
685.000000,-0.144282
686.000000,-0.159145
687.000000,-0.149300
688.000000,-0.147960
689.000000,-0.150709
690.000000,-0.149776
691.000000,-0.149949
692.000000,-0.150916
693.000000,-0.153479
694.000000,-0.150214
695.000000,-0.156985
696.000000,-0.144378
697.000000,-0.139585
698.000000,-0.148026
699.000000,-0.154326
700.000000,-0.145009
701.000000,-0.143501
702.000000,-0.147275
703.000000,-0.140785
704.000000,-0.134206
705.000000,-0.146799
706.000000,-0.154250
707.000000,-0.150613
708.000000,-0.150523
709.000000,-0.138347
710.000000,-0.139087
711.000000,-0.141378
712.000000,-0.138651
713.000000,-0.143998
714.000000,-0.149763
715.000000,-0.141281
716.000000,-0.132071
717.000000,-0.132252
718.000000,-0.129466
719.000000,-0.134581
720.000000,-0.139188
721.000000,-0.139013
722.000000,-0.130367
723.000000,-0.128332
724.000000,-0.127855
725.000000,-0.134504
726.000000,-0.138512
727.000000,-0.142145
728.000000,-0.141583
729.000000,-0.134136
730.000000,-0.134885
731.000000,-0.131448
732.000000,-0.136694
733.000000,-0.148575
734.000000,-0.157093
735.000000,-0.152017
736.000000,-0.146546
737.000000,-0.140231
738.000000,-0.141006
739.000000,-0.151803
740.000000,-0.155335
741.000000,-0.153925
742.000000,-0.148642
743.000000,-0.151547
744.000000,-0.147739
745.000000,-0.143893
746.000000,-0.157910
747.000000,-0.165832
748.000000,-0.162249
749.000000,-0.166282
750.000000,-0.158162
751.000000,-0.147598
752.000000,-0.159607
753.000000,-0.165002
754.000000,-0.155457
755.000000,-0.160733
756.000000,-0.158000
757.000000,-0.145965
758.000000,-0.148406
759.000000,-0.157826
760.000000,-0.156401
761.000000,-0.152051
762.000000,-0.159027
763.000000,-0.143607
764.000000,-0.141593
765.000000,-0.145847
766.000000,-0.141356
767.000000,-0.141865
768.000000,-0.140966
769.000000,-0.128650
770.000000,-0.124750
771.000000,-0.120027
772.000000,-0.121914
773.000000,-0.129546
774.000000,-0.126984
775.000000,-0.117113
776.000000,-0.110086
777.000000,-0.112634
778.000000,-0.110082
779.000000,-0.106882
780.000000,-0.121616
781.000000,-0.112984
782.000000,-0.101843
783.000000,-0.105593
784.000000,-0.102557
785.000000,-0.096226
786.000000,-0.109218
787.000000,-0.102665
788.000000,-0.095859
789.000000,-0.098299
790.000000,-0.090230
791.000000,-0.083204
792.000000,-0.082487
793.000000,-0.096698
794.000000,-0.097665
795.000000,-0.085518
796.000000,-0.086038
797.000000,-0.085795
798.000000,-0.087972
799.000000,-0.087312
800.000000,-0.090648
801.000000,-0.088205
802.000000,-0.093058
803.000000,-0.093615
804.000000,-0.082441
805.000000,-0.077623
806.000000,-0.090115
807.000000,-0.101206
808.000000,-0.095807
809.000000,-0.089059
810.000000,-0.093291
811.000000,-0.087186
812.000000,-0.093751
813.000000,-0.104439
814.000000,-0.105109
815.000000,-0.102395
816.000000,-0.106438
817.000000,-0.104142
818.000000,-0.106201
819.000000,-0.107345
820.000000,-0.112991
821.000000,-0.118909
822.000000,-0.119383
823.000000,-0.118636
824.000000,-0.110873
825.000000,-0.113462
826.000000,-0.130477
827.000000,-0.129797
828.000000,-0.136365
829.000000,-0.134660
830.000000,-0.132038
831.000000,-0.133824
832.000000,-0.148656
833.000000,-0.143952
834.000000,-0.141537
835.000000,-0.147198
836.000000,-0.154824
837.000000,-0.144409
838.000000,-0.151167
839.000000,-0.159767
840.000000,-0.161025
841.000000,-0.149941
842.000000,-0.151948
843.000000,-0.162338
844.000000,-0.161614
845.000000,-0.157940
846.000000,-0.165256
847.000000,-0.160884
848.000000,-0.162626
849.000000,-0.161360
850.000000,-0.154861
851.000000,-0.165137
852.000000,-0.155628
853.000000,-0.157258
854.000000,-0.160271
855.000000,-0.164943
856.000000,-0.161977
857.000000,-0.160690
858.000000,-0.161939
859.000000,-0.161491
860.000000,-0.163610
861.000000,-0.157364
862.000000,-0.155789
863.000000,-0.162907
864.000000,-0.154222
865.000000,-0.140666
866.000000,-0.153550
867.000000,-0.158594
868.000000,-0.147961
869.000000,-0.148927
870.000000,-0.150885
871.000000,-0.139330
872.000000,-0.145026
873.000000,-0.151832
874.000000,-0.146566
875.000000,-0.145312
876.000000,-0.149633
877.000000,-0.142744
878.000000,-0.147885
879.000000,-0.147886
880.000000,-0.147973
881.000000,-0.141795
882.000000,-0.144383
883.000000,-0.142681
884.000000,-0.141781
885.000000,-0.143793
886.000000,-0.138538
887.000000,-0.144447
888.000000,-0.149307
889.000000,-0.137431
890.000000,-0.131530
891.000000,-0.141649
892.000000,-0.135516
893.000000,-0.131625
894.000000,-0.137881
895.000000,-0.134031
896.000000,-0.133307
897.000000,-0.135245
898.000000,-0.136267
899.000000,-0.137657
900.000000,-0.139414
901.000000,-0.140854
902.000000,-0.136721
903.000000,-0.138851
904.000000,-0.141228
905.000000,-0.140052
906.000000,-0.142288
907.000000,-0.145560
908.000000,-0.140268
909.000000,-0.145512
910.000000,-0.154440
911.000000,-0.158609
912.000000,-0.156135
913.000000,-0.155480
914.000000,-0.160613
915.000000,-0.162617
916.000000,-0.169374
917.000000,-0.162848
918.000000,-0.167441
919.000000,-0.169580
920.000000,-0.165789
921.000000,-0.166939
922.000000,-0.166819
923.000000,-0.168900
924.000000,-0.176823
925.000000,-0.174881
926.000000,-0.165635
927.000000,-0.169637
928.000000,-0.177814
929.000000,-0.179894
930.000000,-0.183091
931.000000,-0.192684
932.000000,-0.189017
933.000000,-0.193468
934.000000,-0.187997
935.000000,-0.200451
936.000000,-0.201275
937.000000,-0.203003
938.000000,-0.204884
939.000000,-0.205026
940.000000,-0.206096
941.000000,-0.211737
942.000000,-0.209362
943.000000,-0.209874
944.000000,-0.221588
945.000000,-0.222347
946.000000,-0.221417
947.000000,-0.227972
948.000000,-0.234248
949.000000,-0.228321
950.000000,-0.231184
951.000000,-0.240066
952.000000,-0.236146
953.000000,-0.242014
954.000000,-0.252964
955.000000,-0.244391
956.000000,-0.252206
957.000000,-0.250529
958.000000,-0.252312
959.000000,-0.260615
960.000000,-0.261498
961.000000,-0.259359
962.000000,-0.266950
963.000000,-0.268288
964.000000,-0.267958
965.000000,-0.261311
966.000000,-0.263347
967.000000,-0.265017
968.000000,-0.266531
969.000000,-0.261880
970.000000,-0.261146
971.000000,-0.261255
972.000000,-0.258267
973.000000,-0.250607
974.000000,-0.254781
975.000000,-0.256574
976.000000,-0.254698
977.000000,-0.247747
978.000000,-0.243012
979.000000,-0.244819
980.000000,-0.239579
981.000000,-0.231111
982.000000,-0.229972
983.000000,-0.234277
984.000000,-0.230238
985.000000,-0.220501
986.000000,-0.219257
987.000000,-0.217029
988.000000,-0.204280
989.000000,-0.208028
990.000000,-0.207517
991.000000,-0.200052
992.000000,-0.193652
993.000000,-0.190021
994.000000,-0.192937
995.000000,-0.190925
996.000000,-0.184407
997.000000,-0.185910
998.000000,-0.176390
999.000000,-0.173347
1000.000000,-0.176636
1001.000000,-0.175431
1002.000000,-0.180535
1003.000000,-0.173422
1004.000000,-0.168828
1005.000000,-0.167430
1006.000000,-0.172411
1007.000000,-0.174284
1008.000000,-0.168107
1009.000000,-0.172993
1010.000000,-0.165481
1011.000000,-0.167989
1012.000000,-0.166048
1013.000000,-0.173053
1014.000000,-0.172397
1015.000000,-0.183667
1016.000000,-0.177623
1017.000000,-0.169191
1018.000000,-0.169960
1019.000000,-0.172893
1020.000000,-0.173864
1021.000000,-0.181435
1022.000000,-0.179198
1023.000000,-0.174885
1024.000000,-0.168964
1025.000000,-0.168927
1026.000000,-0.177475
1027.000000,-0.188792
1028.000000,-0.193909
1029.000000,-0.190892
1030.000000,-0.186153
1031.000000,-0.178932
1032.000000,-0.192852
1033.000000,-0.200319
1034.000000,-0.200517
1035.000000,-0.197772
1036.000000,-0.197182
1037.000000,-0.194624
1038.000000,-0.196860
1039.000000,-0.208044
1040.000000,-0.209992
1041.000000,-0.208512
1042.000000,-0.211060
1043.000000,-0.210144
1044.000000,-0.213834
1045.000000,-0.216426
1046.000000,-0.212888
1047.000000,-0.221519
1048.000000,-0.215113
1049.000000,-0.215078
1050.000000,-0.226537
1051.000000,-0.223584
1052.000000,-0.224730
1053.000000,-0.230478
1054.000000,-0.222079
1055.000000,-0.219835
1056.000000,-0.223932
1057.000000,-0.229371
1058.000000,-0.233256
1059.000000,-0.230727
1060.000000,-0.224737
1061.000000,-0.230104
1062.000000,-0.228258
1063.000000,-0.231568
1064.000000,-0.228870
1065.000000,-0.227784
1066.000000,-0.242948
1067.000000,-0.234794
1068.000000,-0.219442
1069.000000,-0.220795
1070.000000,-0.231143
1071.000000,-0.227779
1072.000000,-0.222503
1073.000000,-0.233833
1074.000000,-0.218178
1075.000000,-0.218225
1076.000000,-0.226277
1077.000000,-0.214690
1078.000000,-0.213396
1079.000000,-0.218141
1080.000000,-0.217313
1081.000000,-0.214853
1082.000000,-0.209312
1083.000000,-0.209275
1084.000000,-0.205336
1085.000000,-0.199404
1086.000000,-0.201648
1087.000000,-0.202013
1088.000000,-0.197006
1089.000000,-0.196511
1090.000000,-0.193113
1091.000000,-0.192629
1092.000000,-0.190205
1093.000000,-0.198984
1094.000000,-0.184526
1095.000000,-0.185205
1096.000000,-0.184825
1097.000000,-0.182407
1098.000000,-0.184503
1099.000000,-0.183792
1100.000000,-0.187095
1101.000000,-0.185241
1102.000000,-0.175266
1103.000000,-0.169708
1104.000000,-0.176366
1105.000000,-0.178097
1106.000000,-0.173540
1107.000000,-0.169060
1108.000000,-0.176432
1109.000000,-0.175746
1110.000000,-0.178847
1111.000000,-0.176864
1112.000000,-0.171732
1113.000000,-0.168226
1114.000000,-0.172699
1115.000000,-0.173557
1116.000000,-0.174894
1117.000000,-0.170629
1118.000000,-0.167555
1119.000000,-0.176483
1120.000000,-0.164878
1121.000000,-0.162943
1122.000000,-0.178007
1123.000000,-0.179427
1124.000000,-0.172552
1125.000000,-0.171837
1126.000000,-0.167142
1127.000000,-0.166275
1128.000000,-0.170401
1129.000000,-0.170919
1130.000000,-0.162268
1131.000000,-0.166790
1132.000000,-0.171671
1133.000000,-0.161048
1134.000000,-0.158979
1135.000000,-0.168030
1136.000000,-0.173096
1137.000000,-0.173939
1138.000000,-0.176032
1139.000000,-0.162992
1140.000000,-0.163385
1141.000000,-0.167306
1142.000000,-0.177473
1143.000000,-0.176046
1144.000000,-0.178759
1145.000000,-0.174730
1146.000000,-0.170494
1147.000000,-0.179879
1148.000000,-0.181807
1149.000000,-0.182583
1150.000000,-0.189414
1151.000000,-0.201916
1152.000000,-0.191294
1153.000000,-0.183132
1154.000000,-0.194168
1155.000000,-0.201716
1156.000000,-0.205105
1157.000000,-0.203535
1158.000000,-0.203019
1159.000000,-0.204424
1160.000000,-0.206783
1161.000000,-0.216946
1162.000000,-0.222776
1163.000000,-0.230953
1164.000000,-0.234320
1165.000000,-0.229274
1166.000000,-0.237448
1167.000000,-0.248594
1168.000000,-0.246899
1169.000000,-0.254290
1170.000000,-0.257903
1171.000000,-0.253426
1172.000000,-0.255549
1173.000000,-0.260951
1174.000000,-0.268473
1175.000000,-0.273889
1176.000000,-0.276900
1177.000000,-0.274030
1178.000000,-0.271674
1179.000000,-0.269297
1180.000000,-0.286389
1181.000000,-0.290146
1182.000000,-0.302167
1183.000000,-0.294411
1184.000000,-0.286337
1185.000000,-0.288407
1186.000000,-0.293936
1187.000000,-0.300325
1188.000000,-0.303031
1189.000000,-0.303202
1190.000000,-0.291857
1191.000000,-0.285191
1192.000000,-0.287174
1193.000000,-0.296789
1194.000000,-0.302163
1195.000000,-0.293946
1196.000000,-0.282320
1197.000000,-0.280017
1198.000000,-0.277807
1199.000000,-0.277002
1200.000000,-0.277201
1201.000000,-0.283232
1202.000000,-0.272419
1203.000000,-0.262369
1204.000000,-0.258344
1205.000000,-0.256698
1206.000000,-0.257666
1207.000000,-0.249395
1208.000000,-0.244226
1209.000000,-0.238312
1210.000000,-0.233516
1211.000000,-0.228373
1212.000000,-0.224435
1213.000000,-0.216791
1214.000000,-0.216653
1215.000000,-0.210079
1216.000000,-0.201262
1217.000000,-0.190242
1218.000000,-0.192057
1219.000000,-0.189680
1220.000000,-0.186729
1221.000000,-0.182366
1222.000000,-0.174178
1223.000000,-0.172688
1224.000000,-0.170335
1225.000000,-0.170956
1226.000000,-0.167341
1227.000000,-0.167348
1228.000000,-0.167408
1229.000000,-0.159157
1230.000000,-0.155831
1231.000000,-0.151050
1232.000000,-0.154563
1233.000000,-0.152906
1234.000000,-0.156213
1235.000000,-0.158131
1236.000000,-0.148305
1237.000000,-0.142172
1238.000000,-0.149751
1239.000000,-0.152735
1240.000000,-0.157721
1241.000000,-0.156313
1242.000000,-0.139273
1243.000000,-0.135780
1244.000000,-0.141622
1245.000000,-0.145501
1246.000000,-0.150416
1247.000000,-0.150009
1248.000000,-0.140773
1249.000000,-0.141618
1250.000000,-0.145273
1251.000000,-0.149118
1252.000000,-0.161089
1253.000000,-0.160553
1254.000000,-0.154343
1255.000000,-0.146187
1256.000000,-0.152088
1257.000000,-0.150475
1258.000000,-0.152934
1259.000000,-0.163765
1260.000000,-0.164022
1261.000000,-0.156806
1262.000000,-0.161187
1263.000000,-0.165410
1264.000000,-0.166335
1265.000000,-0.167541
1266.000000,-0.176062
1267.000000,-0.169351
1268.000000,-0.165524
1269.000000,-0.173920
1270.000000,-0.180096
1271.000000,-0.184844
1272.000000,-0.184364
1273.000000,-0.182781
1274.000000,-0.181634
1275.000000,-0.179584
1276.000000,-0.188277
1277.000000,-0.194021
1278.000000,-0.186579
1279.000000,-0.187216
1280.000000,-0.184739
1281.000000,-0.183270
1282.000000,-0.192174
1283.000000,-0.205532
1284.000000,-0.200448
1285.000000,-0.194791
1286.000000,-0.199451
1287.000000,-0.197513
1288.000000,-0.201227
1289.000000,-0.211742
1290.000000,-0.218554
1291.000000,-0.219796
1292.000000,-0.216865
1293.000000,-0.213952
1294.000000,-0.223285
1295.000000,-0.228690
1296.000000,-0.228621
1297.000000,-0.231788
1298.000000,-0.229535
1299.000000,-0.231920
1300.000000,-0.228045
1301.000000,-0.219138
1302.000000,-0.231143
1303.000000,-0.231415
1304.000000,-0.230889
1305.000000,-0.227505
1306.000000,-0.230928
1307.000000,-0.230582
1308.000000,-0.233819
1309.000000,-0.229975
1310.000000,-0.231017
1311.000000,-0.235745
1312.000000,-0.229527
1313.000000,-0.234472
1314.000000,-0.241946
1315.000000,-0.240566
1316.000000,-0.241824
1317.000000,-0.244408
1318.000000,-0.248913
1319.000000,-0.240375
1320.000000,-0.244136
1321.000000,-0.250265
1322.000000,-0.244936
1323.000000,-0.247323
1324.000000,-0.242168
1325.000000,-0.237410
1326.000000,-0.244831
1327.000000,-0.245816
1328.000000,-0.239074
1329.000000,-0.246454
1330.000000,-0.238018
1331.000000,-0.234599
1332.000000,-0.234283
1333.000000,-0.241189
1334.000000,-0.238411
1335.000000,-0.235950
1336.000000,-0.232048
1337.000000,-0.239733
1338.000000,-0.238062
1339.000000,-0.238394
1340.000000,-0.247668
1341.000000,-0.244805
1342.000000,-0.238375
1343.000000,-0.230935
1344.000000,-0.233782
1345.000000,-0.237314
1346.000000,-0.241337
1347.000000,-0.229715
1348.000000,-0.227528
1349.000000,-0.227000
1350.000000,-0.226777
1351.000000,-0.222004
1352.000000,-0.222748
1353.000000,-0.225022
1354.000000,-0.225029
1355.000000,-0.218690
1356.000000,-0.214382
1357.000000,-0.220713
1358.000000,-0.217535
1359.000000,-0.214881
1360.000000,-0.207678
1361.000000,-0.219491
1362.000000,-0.219733
1363.000000,-0.209857
1364.000000,-0.210361
1365.000000,-0.213596
1366.000000,-0.206178
1367.000000,-0.206299
1368.000000,-0.206258
1369.000000,-0.208503
1370.000000,-0.200334
1371.000000,-0.195191
1372.000000,-0.202321
1373.000000,-0.206710
1374.000000,-0.205327
1375.000000,-0.211217
1376.000000,-0.204552
1377.000000,-0.204421
1378.000000,-0.205373
1379.000000,-0.201201
1380.000000,-0.204566
1381.000000,-0.215152
1382.000000,-0.215005
1383.000000,-0.207223
1384.000000,-0.205926
1385.000000,-0.200503
1386.000000,-0.206843
1387.000000,-0.215768
1388.000000,-0.222095
1389.000000,-0.217216
1390.000000,-0.206230
1391.000000,-0.206235
1392.000000,-0.214551
1393.000000,-0.215806
1394.000000,-0.215591
1395.000000,-0.222206
1396.000000,-0.218948
1397.000000,-0.213502
1398.000000,-0.208289
1399.000000,-0.215588
1400.000000,-0.222953
1401.000000,-0.225172
1402.000000,-0.226106
1403.000000,-0.228993
1404.000000,-0.222820
1405.000000,-0.225014
1406.000000,-0.228824
1407.000000,-0.231948
1408.000000,-0.227616
1409.000000,-0.227852
1410.000000,-0.228841
1411.000000,-0.225587
1412.000000,-0.217610
1413.000000,-0.223208
1414.000000,-0.226143
1415.000000,-0.220681
1416.000000,-0.224407
1417.000000,-0.220717
1418.000000,-0.218153
1419.000000,-0.215879
1420.000000,-0.214786
1421.000000,-0.213924
1422.000000,-0.222147
1423.000000,-0.218843
1424.000000,-0.214547
1425.000000,-0.207665
1426.000000,-0.210967
1427.000000,-0.209949
1428.000000,-0.209032
1429.000000,-0.208870
1430.000000,-0.206896
1431.000000,-0.197906
1432.000000,-0.189975
1433.000000,-0.188619
1434.000000,-0.195118
1435.000000,-0.196536
1436.000000,-0.193443
1437.000000,-0.193051
1438.000000,-0.186667
1439.000000,-0.180715
1440.000000,-0.182323
1441.000000,-0.184970
1442.000000,-0.188690
1443.000000,-0.190245
1444.000000,-0.183999
1445.000000,-0.179906
1446.000000,-0.177201
1447.000000,-0.173132
1448.000000,-0.182765
1449.000000,-0.186679
1450.000000,-0.179474
1451.000000,-0.176856
1452.000000,-0.178594
1453.000000,-0.172680
1454.000000,-0.170617
1455.000000,-0.179004
1456.000000,-0.180329
1457.000000,-0.175209
1458.000000,-0.172393
1459.000000,-0.173396
1460.000000,-0.181032
1461.000000,-0.176392
1462.000000,-0.177408
1463.000000,-0.182743
1464.000000,-0.179084
1465.000000,-0.180693
1466.000000,-0.185214
1467.000000,-0.184608
1468.000000,-0.179574
1469.000000,-0.187610
1470.000000,-0.186472
1471.000000,-0.183422
1472.000000,-0.185414
1473.000000,-0.196450
1474.000000,-0.199365
1475.000000,-0.193095
1476.000000,-0.201721
1477.000000,-0.198391
1478.000000,-0.194749
1479.000000,-0.201762
1480.000000,-0.204590
1481.000000,-0.205216
1482.000000,-0.212506
1483.000000,-0.211828
1484.000000,-0.202619
1485.000000,-0.215432
1486.000000,-0.215082
1487.000000,-0.218709
1488.000000,-0.216622
1489.000000,-0.221469
1490.000000,-0.219245
1491.000000,-0.213000
1492.000000,-0.220591
1493.000000,-0.217171
1494.000000,-0.223323
1495.000000,-0.222584
1496.000000,-0.225812
1497.000000,-0.222955
1498.000000,-0.220291
1499.000000,-0.222688
1500.000000,-0.229676
1501.000000,-0.222475
1502.000000,-0.223345
1503.000000,-0.231113
1504.000000,-0.227994
1505.000000,-0.223661
1506.000000,-0.230350
1507.000000,-0.222817
1508.000000,-0.215289
1509.000000,-0.225814
1510.000000,-0.220110
1511.000000,-0.212943
1512.000000,-0.218456
1513.000000,-0.218570
1514.000000,-0.208036
1515.000000,-0.213809
1516.000000,-0.210681
1517.000000,-0.204342
1518.000000,-0.210437
1519.000000,-0.208638
1520.000000,-0.195246
1521.000000,-0.198638
1522.000000,-0.204915
1523.000000,-0.195971
1524.000000,-0.196986
1525.000000,-0.194207
1526.000000,-0.189195
1527.000000,-0.188545
1528.000000,-0.189291
1529.000000,-0.187574
1530.000000,-0.188714
1531.000000,-0.185512
1532.000000,-0.172941
1533.000000,-0.172328
1534.000000,-0.184060
1535.000000,-0.183611
1536.000000,-0.171887
1537.000000,-0.176023
1538.000000,-0.177735
1539.000000,-0.156954
1540.000000,-0.162512
1541.000000,-0.174887
1542.000000,-0.178199
1543.000000,-0.169815
1544.000000,-0.164661
1545.000000,-0.161767
1546.000000,-0.151555
1547.000000,-0.161027
1548.000000,-0.162492
1549.000000,-0.159928
1550.000000,-0.157897
1551.000000,-0.154126
1552.000000,-0.145999
1553.000000,-0.153801
1554.000000,-0.155451
1555.000000,-0.148712
1556.000000,-0.149698
1557.000000,-0.148779
1558.000000,-0.143024
1559.000000,-0.142391
1560.000000,-0.148511
1561.000000,-0.147582
1562.000000,-0.146358
1563.000000,-0.149324
1564.000000,-0.145139
1565.000000,-0.143851
1566.000000,-0.147178
1567.000000,-0.152056
1568.000000,-0.142812
1569.000000,-0.146840
1570.000000,-0.149704
1571.000000,-0.147033
1572.000000,-0.150000
1573.000000,-0.143063
1574.000000,-0.143833
1575.000000,-0.151695
1576.000000,-0.157251
1577.000000,-0.144475
1578.000000,-0.141024
1579.000000,-0.145511
1580.000000,-0.140303
1581.000000,-0.146151
1582.000000,-0.159470
1583.000000,-0.160681
1584.000000,-0.147734
1585.000000,-0.147612
1586.000000,-0.149851
1587.000000,-0.148578
1588.000000,-0.158057
1589.000000,-0.169135
1590.000000,-0.164949
1591.000000,-0.160836
1592.000000,-0.152435
1593.000000,-0.148627
1594.000000,-0.166385
1595.000000,-0.176408
1596.000000,-0.170833
1597.000000,-0.177302
1598.000000,-0.167849
1599.000000,-0.161919
1600.000000,-0.168067
1601.000000,-0.183998
1602.000000,-0.194816
1603.000000,-0.184400
1604.000000,-0.186555
1605.000000,-0.188842
1606.000000,-0.182634
1607.000000,-0.194149
1608.000000,-0.206839
1609.000000,-0.213498
1610.000000,-0.216386
1611.000000,-0.211046
1612.000000,-0.205434
1613.000000,-0.208222
1614.000000,-0.211608
1615.000000,-0.212222
1616.000000,-0.222526
1617.000000,-0.225808
1618.000000,-0.219156
1619.000000,-0.216168
1620.000000,-0.217433
1621.000000,-0.218051
1622.000000,-0.220961
1623.000000,-0.225326
1624.000000,-0.226400
1625.000000,-0.221101
1626.000000,-0.221459
1627.000000,-0.224292
1628.000000,-0.224243
1629.000000,-0.232928
1630.000000,-0.225933
1631.000000,-0.217277
1632.000000,-0.210666
1633.000000,-0.211708
1634.000000,-0.209285
1635.000000,-0.210741
1636.000000,-0.212938
1637.000000,-0.214619
1638.000000,-0.213545
1639.000000,-0.208869
1640.000000,-0.201912
1641.000000,-0.208350
1642.000000,-0.208653
1643.000000,-0.203076
1644.000000,-0.206781
1645.000000,-0.199810
1646.000000,-0.201397
1647.000000,-0.206770
1648.000000,-0.196141
1649.000000,-0.192959
1650.000000,-0.200998
1651.000000,-0.191298
1652.000000,-0.188466
1653.000000,-0.183246
1654.000000,-0.182620
1655.000000,-0.184095
1656.000000,-0.190966
1657.000000,-0.183820
1658.000000,-0.181271
1659.000000,-0.175396
1660.000000,-0.185532
1661.000000,-0.183590
1662.000000,-0.187705
1663.000000,-0.188529
1664.000000,-0.182924
1665.000000,-0.185815
1666.000000,-0.189680
1667.000000,-0.188911
1668.000000,-0.200291
1669.000000,-0.191456
1670.000000,-0.189016
1671.000000,-0.194543
1672.000000,-0.193372
1673.000000,-0.192462
1674.000000,-0.200293
1675.000000,-0.199145
1676.000000,-0.189889
1677.000000,-0.203146
1678.000000,-0.200202
1679.000000,-0.196150
1680.000000,-0.197448
1681.000000,-0.208599
1682.000000,-0.202222
1683.000000,-0.202337
1684.000000,-0.201565
1685.000000,-0.196160
1686.000000,-0.199007
1687.000000,-0.209433
1688.000000,-0.205327
1689.000000,-0.198891
1690.000000,-0.205230
1691.000000,-0.201136
1692.000000,-0.195529
1693.000000,-0.202564
1694.000000,-0.207438
1695.000000,-0.207583
1696.000000,-0.208854
1697.000000,-0.198412
1698.000000,-0.195298
1699.000000,-0.201776
1700.000000,-0.208816
1701.000000,-0.201912
1702.000000,-0.198342
1703.000000,-0.200291
1704.000000,-0.191175
1705.000000,-0.188542
1706.000000,-0.196592
1707.000000,-0.196659
1708.000000,-0.188185
1709.000000,-0.191853
1710.000000,-0.189234
1711.000000,-0.186546
1712.000000,-0.183772
1713.000000,-0.192371
1714.000000,-0.189727
1715.000000,-0.184711
1716.000000,-0.191496
1717.000000,-0.190412
1718.000000,-0.181742
1719.000000,-0.193242
1720.000000,-0.199603
1721.000000,-0.194476
1722.000000,-0.183842
1723.000000,-0.186360
1724.000000,-0.194338
1725.000000,-0.186983
1726.000000,-0.181504
1727.000000,-0.185684
1728.000000,-0.191532
1729.000000,-0.181796
1730.000000,-0.177712
1731.000000,-0.179221
1732.000000,-0.185718
1733.000000,-0.188332
1734.000000,-0.190495
1735.000000,-0.191398
1736.000000,-0.182402
1737.000000,-0.190793
1738.000000,-0.191925
1739.000000,-0.195186
1740.000000,-0.198139
1741.000000,-0.199096
1742.000000,-0.194344
1743.000000,-0.195800
1744.000000,-0.202330
1745.000000,-0.207404
1746.000000,-0.202474
1747.000000,-0.208967
1748.000000,-0.206105
1749.000000,-0.204303
1750.000000,-0.209948
1751.000000,-0.214798
1752.000000,-0.214364
1753.000000,-0.203704
1754.000000,-0.204768
1755.000000,-0.206290
1756.000000,-0.205120
1757.000000,-0.206780
1758.000000,-0.200072
1759.000000,-0.203118
1760.000000,-0.203310
1761.000000,-0.201060
1762.000000,-0.193903
1763.000000,-0.198891
1764.000000,-0.199940
1765.000000,-0.191968
1766.000000,-0.201905
1767.000000,-0.195473
1768.000000,-0.189317
1769.000000,-0.193296
1770.000000,-0.198341
1771.000000,-0.198437
1772.000000,-0.190513
1773.000000,-0.187860
1774.000000,-0.188021
1775.000000,-0.189433
1776.000000,-0.184380
1777.000000,-0.186222
1778.000000,-0.189394
1779.000000,-0.180529
1780.000000,-0.177817
1781.000000,-0.179225
1782.000000,-0.184471
1783.000000,-0.179267
1784.000000,-0.171930
1785.000000,-0.174009
1786.000000,-0.180769
1787.000000,-0.187747
1788.000000,-0.174722
1789.000000,-0.184517
1790.000000,-0.180763
1791.000000,-0.177530
1792.000000,-0.185789
1793.000000,-0.187444
1794.000000,-0.184819
1795.000000,-0.187068
1796.000000,-0.190818
1797.000000,-0.190029
1798.000000,-0.181729
1799.000000,-0.187811
1800.000000,-0.188473
1801.000000,-0.188195
1802.000000,-0.191837
1803.000000,-0.200424
1804.000000,-0.197531
1805.000000,-0.200230
1806.000000,-0.203056
1807.000000,-0.206556
1808.000000,-0.211885
1809.000000,-0.214312
1810.000000,-0.216851
1811.000000,-0.220949
1812.000000,-0.219072
1813.000000,-0.220361
1814.000000,-0.221446
1815.000000,-0.218364
1816.000000,-0.217934
1817.000000,-0.226833
1818.000000,-0.226532
1819.000000,-0.231745
1820.000000,-0.228913
1821.000000,-0.227435
1822.000000,-0.237133
1823.000000,-0.234415
1824.000000,-0.237442
1825.000000,-0.237589
1826.000000,-0.242762
1827.000000,-0.242393
1828.000000,-0.233509
1829.000000,-0.232727
1830.000000,-0.248023
1831.000000,-0.246368
1832.000000,-0.231521
1833.000000,-0.234658
1834.000000,-0.237826
1835.000000,-0.228264
1836.000000,-0.236885
1837.000000,-0.235014
1838.000000,-0.226954
1839.000000,-0.228454
1840.000000,-0.223612
1841.000000,-0.217187
1842.000000,-0.216355
1843.000000,-0.226475
1844.000000,-0.223241
1845.000000,-0.223553
1846.000000,-0.214497
1847.000000,-0.206823
1848.000000,-0.216788
1849.000000,-0.210853
1850.000000,-0.207878
1851.000000,-0.197574
1852.000000,-0.196015
1853.000000,-0.199623
1854.000000,-0.195449
1855.000000,-0.188760
1856.000000,-0.189774
1857.000000,-0.185757
1858.000000,-0.184994
1859.000000,-0.181013
1860.000000,-0.182241
1861.000000,-0.185536
1862.000000,-0.181581
1863.000000,-0.181594
1864.000000,-0.176261
1865.000000,-0.172000
1866.000000,-0.167822
1867.000000,-0.170089
1868.000000,-0.173564
1869.000000,-0.174496
1870.000000,-0.164975
1871.000000,-0.171784
1872.000000,-0.167473
1873.000000,-0.156570
1874.000000,-0.163335
1875.000000,-0.164164
1876.000000,-0.162293
1877.000000,-0.167490
1878.000000,-0.159037
1879.000000,-0.160027
1880.000000,-0.167735
1881.000000,-0.158325
1882.000000,-0.158328
1883.000000,-0.157793
1884.000000,-0.164407
1885.000000,-0.160206
1886.000000,-0.159403
1887.000000,-0.155031
1888.000000,-0.151667
1889.000000,-0.151479
1890.000000,-0.161068
1891.000000,-0.160924
1892.000000,-0.159804
1893.000000,-0.156225
1894.000000,-0.157177
1895.000000,-0.154461
1896.000000,-0.162376
1897.000000,-0.173375
1898.000000,-0.172061
1899.000000,-0.173509
1900.000000,-0.166155
1901.000000,-0.160352
1902.000000,-0.172624
1903.000000,-0.173682
1904.000000,-0.174149
1905.000000,-0.178686
1906.000000,-0.174080
1907.000000,-0.170335
1908.000000,-0.169788
1909.000000,-0.180468
1910.000000,-0.184584
1911.000000,-0.183746
1912.000000,-0.180775
1913.000000,-0.180756
1914.000000,-0.182234
1915.000000,-0.194426
1916.000000,-0.187390
1917.000000,-0.196122
1918.000000,-0.195516
1919.000000,-0.200845
1920.000000,-0.205453
1921.000000,-0.200559
1922.000000,-0.209719
1923.000000,-0.212630
1924.000000,-0.214276
1925.000000,-0.219074
1926.000000,-0.214228
1927.000000,-0.218846
1928.000000,-0.225920
1929.000000,-0.222019
1930.000000,-0.218898
1931.000000,-0.222507
1932.000000,-0.221959
1933.000000,-0.226827
1934.000000,-0.236073
1935.000000,-0.233401
1936.000000,-0.234521
1937.000000,-0.231304
1938.000000,-0.234515
1939.000000,-0.238817
1940.000000,-0.244306
1941.000000,-0.246466
1942.000000,-0.249857
1943.000000,-0.248265
1944.000000,-0.243373
1945.000000,-0.244260
1946.000000,-0.249961
1947.000000,-0.258095
1948.000000,-0.260100
1949.000000,-0.250944
1950.000000,-0.253321
1951.000000,-0.249457
1952.000000,-0.248245
1953.000000,-0.249585
1954.000000,-0.251325
1955.000000,-0.257053
1956.000000,-0.246909
1957.000000,-0.244067
1958.000000,-0.242619
1959.000000,-0.241688
1960.000000,-0.241564
1961.000000,-0.242436
1962.000000,-0.247036
1963.000000,-0.248161
1964.000000,-0.244382
1965.000000,-0.229776
1966.000000,-0.237301
1967.000000,-0.235491
1968.000000,-0.239901
1969.000000,-0.241543
1970.000000,-0.239011
1971.000000,-0.226845
1972.000000,-0.222954
1973.000000,-0.214875
1974.000000,-0.222701
1975.000000,-0.223654
1976.000000,-0.223765
1977.000000,-0.223778
1978.000000,-0.216010
1979.000000,-0.205323
1980.000000,-0.195012
1981.000000,-0.200647
1982.000000,-0.207123
1983.000000,-0.208910
1984.000000,-0.198231
1985.000000,-0.191314
1986.000000,-0.187121
1987.000000,-0.173745
1988.000000,-0.182513
1989.000000,-0.186292
1990.000000,-0.179562
1991.000000,-0.180710
1992.000000,-0.172617
1993.000000,-0.164056
1994.000000,-0.166374
1995.000000,-0.169994
1996.000000,-0.173000
1997.000000,-0.166119
1998.000000,-0.167442
1999.000000,-0.170948
2000.000000,-0.161961
2001.000000,-0.158319
2002.000000,-0.161269
2003.000000,-0.166918
2004.000000,-0.162354
2005.000000,-0.166201
2006.000000,-0.167921
2007.000000,-0.161587
2008.000000,-0.160236
2009.000000,-0.154461
2010.000000,-0.160493
2011.000000,-0.162087
2012.000000,-0.165871
2013.000000,-0.163824
2014.000000,-0.150240
2015.000000,-0.149046
2016.000000,-0.161505
2017.000000,-0.160569
2018.000000,-0.169277
2019.000000,-0.165869
2020.000000,-0.153902
2021.000000,-0.153059
2022.000000,-0.157198
2023.000000,-0.158019
2024.000000,-0.166721
2025.000000,-0.175251
2026.000000,-0.169452
2027.000000,-0.151638
2028.000000,-0.151785
2029.000000,-0.158543
2030.000000,-0.170227
2031.000000,-0.172926
2032.000000,-0.170237
2033.000000,-0.166517
2034.000000,-0.165309
2035.000000,-0.168418
2036.000000,-0.172611
2037.000000,-0.176576
2038.000000,-0.177167
2039.000000,-0.183799
2040.000000,-0.181334
2041.000000,-0.176359
2042.000000,-0.182658
2043.000000,-0.190366
2044.000000,-0.188593
2045.000000,-0.191000
2046.000000,-0.197832
2047.000000,-0.195331
2048.000000,-0.195222
2049.000000,-0.205331
2050.000000,-0.197305
2051.000000,-0.200306
2052.000000,-0.208622
2053.000000,-0.212179
2054.000000,-0.213929
2055.000000,-0.209143
2056.000000,-0.207815
2057.000000,-0.214728
2058.000000,-0.223130
2059.000000,-0.214470
2060.000000,-0.229721
2061.000000,-0.231494
2062.000000,-0.224512
2063.000000,-0.230203
2064.000000,-0.232975
2065.000000,-0.234143
2066.000000,-0.239689
2067.000000,-0.245556
2068.000000,-0.240973
2069.000000,-0.238094
2070.000000,-0.240089
2071.000000,-0.241546
2072.000000,-0.247694
2073.000000,-0.255473
2074.000000,-0.256852
2075.000000,-0.244579
2076.000000,-0.244619
2077.000000,-0.255619
2078.000000,-0.254683
2079.000000,-0.260135
2080.000000,-0.257282
2081.000000,-0.248074
2082.000000,-0.248735
2083.000000,-0.253859
2084.000000,-0.250215
2085.000000,-0.253679
2086.000000,-0.253212
2087.000000,-0.259404
2088.000000,-0.242994
2089.000000,-0.242750
2090.000000,-0.252074
2091.000000,-0.249205
2092.000000,-0.254842
2093.000000,-0.252396
2094.000000,-0.238297
2095.000000,-0.244495
2096.000000,-0.248301
2097.000000,-0.244632
2098.000000,-0.249659
2099.000000,-0.243286
2100.000000,-0.232941
2101.000000,-0.232719
2102.000000,-0.236717
2103.000000,-0.237626
2104.000000,-0.240102
2105.000000,-0.236017
2106.000000,-0.227606
2107.000000,-0.225046
2108.000000,-0.226171
2109.000000,-0.222675
2110.000000,-0.222761
2111.000000,-0.217775
2112.000000,-0.218272
2113.000000,-0.209952
2114.000000,-0.203173
2115.000000,-0.204810
2116.000000,-0.206528
2117.000000,-0.207601
2118.000000,-0.204535
2119.000000,-0.204559
2120.000000,-0.201023
2121.000000,-0.196016
2122.000000,-0.199429
2123.000000,-0.205554
2124.000000,-0.205896
2125.000000,-0.201136
2126.000000,-0.201432
2127.000000,-0.194049
2128.000000,-0.195761
2129.000000,-0.203813
2130.000000,-0.205937
2131.000000,-0.202517
2132.000000,-0.196344
2133.000000,-0.194218
2134.000000,-0.201556
2135.000000,-0.203346
2136.000000,-0.210109
2137.000000,-0.211662
2138.000000,-0.213663
2139.000000,-0.208761
2140.000000,-0.204531
2141.000000,-0.211428
2142.000000,-0.223321
2143.000000,-0.226589
2144.000000,-0.224554
2145.000000,-0.220559
2146.000000,-0.223642
2147.000000,-0.221917
2148.000000,-0.230957
2149.000000,-0.242739
2150.000000,-0.236552
2151.000000,-0.236043
2152.000000,-0.232891
2153.000000,-0.236138
2154.000000,-0.237576
2155.000000,-0.247659
2156.000000,-0.249452
2157.000000,-0.250871
2158.000000,-0.240501
2159.000000,-0.243665
2160.000000,-0.245634
2161.000000,-0.252023
2162.000000,-0.255290
2163.000000,-0.262884
2164.000000,-0.265018
2165.000000,-0.258481
2166.000000,-0.267870
2167.000000,-0.268233
2168.000000,-0.271960
2169.000000,-0.281266
2170.000000,-0.284962
2171.000000,-0.278592
2172.000000,-0.275272
2173.000000,-0.277699
2174.000000,-0.288019
2175.000000,-0.286453
2176.000000,-0.282857
2177.000000,-0.284746
2178.000000,-0.285365
2179.000000,-0.280774
2180.000000,-0.288333
2181.000000,-0.291161
2182.000000,-0.281771
2183.000000,-0.285072
2184.000000,-0.289441
2185.000000,-0.286665
2186.000000,-0.291545
2187.000000,-0.292655
2188.000000,-0.291456
2189.000000,-0.282368
2190.000000,-0.292056
2191.000000,-0.296174
2192.000000,-0.287557
2193.000000,-0.284386
2194.000000,-0.287036
2195.000000,-0.289708
2196.000000,-0.289237
2197.000000,-0.283391
2198.000000,-0.280595
2199.000000,-0.283375
2200.000000,-0.279720
2201.000000,-0.277348
2202.000000,-0.277683
2203.000000,-0.283537
2204.000000,-0.281553
2205.000000,-0.273472
2206.000000,-0.274867
2207.000000,-0.280021
2208.000000,-0.272234
2209.000000,-0.266973
2210.000000,-0.273655
2211.000000,-0.274427
2212.000000,-0.268573
2213.000000,-0.275315
2214.000000,-0.269481
2215.000000,-0.261710
2216.000000,-0.264839
2217.000000,-0.273793
2218.000000,-0.272769
2219.000000,-0.278118
2220.000000,-0.271617
2221.000000,-0.268550
2222.000000,-0.271183
2223.000000,-0.273395
2224.000000,-0.268409
2225.000000,-0.278201
2226.000000,-0.281167
2227.000000,-0.271255
2228.000000,-0.270024
2229.000000,-0.269449
2230.000000,-0.265413
2231.000000,-0.267356
2232.000000,-0.273920
2233.000000,-0.272900
2234.000000,-0.263932
2235.000000,-0.263014
2236.000000,-0.265859
2237.000000,-0.261356
2238.000000,-0.261973
2239.000000,-0.264243
2240.000000,-0.269162
2241.000000,-0.266741
2242.000000,-0.261772
2243.000000,-0.260829
2244.000000,-0.268156
2245.000000,-0.264939
2246.000000,-0.263580
2247.000000,-0.267362
2248.000000,-0.262850
2249.000000,-0.257792
2250.000000,-0.255208
2251.000000,-0.250330
2252.000000,-0.260975
2253.000000,-0.260962
2254.000000,-0.257211
2255.000000,-0.252712
2256.000000,-0.244737
2257.000000,-0.239812
2258.000000,-0.243768
2259.000000,-0.261041
2260.000000,-0.253163
2261.000000,-0.251210
2262.000000,-0.247265
2263.000000,-0.247383
2264.000000,-0.246703
2265.000000,-0.244703
2266.000000,-0.251368
2267.000000,-0.256328
2268.000000,-0.254777
2269.000000,-0.247801
2270.000000,-0.236363
2271.000000,-0.242311
2272.000000,-0.252370
2273.000000,-0.245284
2274.000000,-0.246440
2275.000000,-0.243466
2276.000000,-0.234660
2277.000000,-0.228970
2278.000000,-0.227655
2279.000000,-0.235345
2280.000000,-0.237606
2281.000000,-0.234144
2282.000000,-0.232513
2283.000000,-0.231873
2284.000000,-0.220026
2285.000000,-0.227069
2286.000000,-0.236579
2287.000000,-0.234112
