frame(num),distance (nm)
0.000000,1.627108
1.000000,1.664183
2.000000,1.748224
3.000000,1.752658
4.000000,1.767475
5.000000,1.772132
6.000000,1.776461
7.000000,1.749331
8.000000,1.807741
9.000000,1.761346
10.000000,1.783312
11.000000,1.834600
12.000000,1.816628
13.000000,1.731438
14.000000,1.685697
15.000000,1.668491
16.000000,1.657685
17.000000,1.640263
18.000000,1.620089
19.000000,1.656324
20.000000,1.684420
21.000000,1.648318
22.000000,1.607483
23.000000,1.612596
24.000000,1.616457
25.000000,1.619725
26.000000,1.586811
27.000000,1.587939
28.000000,1.532850
29.000000,1.465418
30.000000,1.544677
31.000000,1.562803
32.000000,1.554833
33.000000,1.541252
34.000000,1.527698
35.000000,1.493445
36.000000,1.450169
37.000000,1.453259
38.000000,1.480528
39.000000,1.514391
40.000000,1.504367
41.000000,1.510015
42.000000,1.517357
43.000000,1.474280
44.000000,1.449318
45.000000,1.468946
46.000000,1.490440
47.000000,1.444088
48.000000,1.441849
49.000000,1.459854
50.000000,1.470041
51.000000,1.446728
52.000000,1.448574
53.000000,1.464920
54.000000,1.481977
55.000000,1.459485
56.000000,1.456056
57.000000,1.467469
58.000000,1.455926
59.000000,1.434436
60.000000,1.457487
61.000000,1.458173
62.000000,1.471237
63.000000,1.451829
64.000000,1.460010
65.000000,1.450420
66.000000,1.465183
67.000000,1.467101
68.000000,1.477848
69.000000,1.399490
70.000000,1.413559
71.000000,1.397878
72.000000,1.416437
73.000000,1.471760
74.000000,1.451640
75.000000,1.466183
76.000000,1.466186
77.000000,1.466787
78.000000,1.450602
79.000000,1.451915
80.000000,1.444105
81.000000,1.461774
82.000000,1.476948
83.000000,1.467705
84.000000,1.461388
85.000000,1.443660
86.000000,1.412884
87.000000,1.405955
88.000000,1.401529
89.000000,1.411898
90.000000,1.361325
91.000000,1.420072
92.000000,1.426541
93.000000,1.393945
94.000000,1.347562
95.000000,1.354986
96.000000,1.373647
97.000000,1.324185
98.000000,1.340735
99.000000,1.376042
100.000000,1.327427
101.000000,1.362735
102.000000,1.388555
103.000000,1.340525
104.000000,1.412860
105.000000,1.433668
106.000000,1.438302
107.000000,1.410847
108.000000,1.476820
109.000000,1.475765
110.000000,1.361683
111.000000,1.339658
112.000000,1.406163
113.000000,1.371933
114.000000,1.374985
115.000000,1.374985
116.000000,1.369979
117.000000,1.389948
118.000000,1.378452
119.000000,1.428407
120.000000,1.420475
121.000000,1.380023
122.000000,1.376223
123.000000,1.369541
124.000000,1.347883
125.000000,1.396131
126.000000,1.354433
127.000000,1.360387
128.000000,1.366544
129.000000,1.359811
130.000000,1.369968
131.000000,1.348142
132.000000,1.347181
133.000000,1.347112
134.000000,1.357097
135.000000,1.372226
136.000000,1.371085
137.000000,1.364386
138.000000,1.347567
139.000000,1.350080
140.000000,1.356844
141.000000,1.367440
142.000000,1.360505
143.000000,1.351675
144.000000,1.350992
145.000000,1.358553
146.000000,1.348159
147.000000,1.341690
148.000000,1.335066
149.000000,1.324776
150.000000,1.334446
151.000000,1.334243
152.000000,1.333553
153.000000,1.338223
154.000000,1.329193
155.000000,1.347710
156.000000,1.343959
157.000000,1.380391
158.000000,1.367894
159.000000,1.371907
160.000000,1.385332
161.000000,1.379865
162.000000,1.376935
163.000000,1.378925
164.000000,1.385045
165.000000,1.394076
166.000000,1.418821
167.000000,1.422241
168.000000,1.403196
169.000000,1.403671
170.000000,1.392485
171.000000,1.378730
172.000000,1.365942
173.000000,1.399092
174.000000,1.406114
175.000000,1.395588
176.000000,1.406350
177.000000,1.402939
178.000000,1.386996
179.000000,1.395507
180.000000,1.407490
181.000000,1.409500
182.000000,1.406384
183.000000,1.396806
184.000000,1.386419
185.000000,1.410535
186.000000,1.401805
187.000000,1.399633
188.000000,1.391503
189.000000,1.370832
190.000000,1.380202
191.000000,1.395496
192.000000,1.397840
193.000000,1.410124
194.000000,1.407136
195.000000,1.405786
196.000000,1.396648
197.000000,1.404596
198.000000,1.407183
199.000000,1.399744
200.000000,1.400975
201.000000,1.392220
202.000000,1.399448
203.000000,1.396608
204.000000,1.398521
205.000000,1.400610
206.000000,1.385662
207.000000,1.387292
208.000000,1.406094
209.000000,1.395091
210.000000,1.399266
211.000000,1.389922
212.000000,1.380772
213.000000,1.381976
214.000000,1.387192
215.000000,1.391062
216.000000,1.390806
217.000000,1.382191
218.000000,1.383389
219.000000,1.395296
220.000000,1.385093
221.000000,1.385193
222.000000,1.403074
223.000000,1.395754
224.000000,1.387006
225.000000,1.395061
226.000000,1.393569
227.000000,1.403102
228.000000,1.425486
229.000000,1.423582
230.000000,1.424595
231.000000,1.441673
232.000000,1.418917
233.000000,1.419310
234.000000,1.414730
235.000000,1.412032
236.000000,1.398111
237.000000,1.396476
238.000000,1.402619
239.000000,1.389339
240.000000,1.391513
241.000000,1.375977
242.000000,1.389995
243.000000,1.391990
244.000000,1.396307
245.000000,1.392601
246.000000,1.399148
247.000000,1.409785
248.000000,1.398869
249.000000,1.383153
250.000000,1.385901
251.000000,1.388310
252.000000,1.381899
253.000000,1.393735
254.000000,1.381199
255.000000,1.379296
256.000000,1.407279
257.000000,1.405932
258.000000,1.399088
259.000000,1.379266
260.000000,1.365971
261.000000,1.371175
262.000000,1.377882
263.000000,1.386686
264.000000,1.393846
265.000000,1.395662
266.000000,1.383235
267.000000,1.372955
268.000000,1.389099
269.000000,1.375046
270.000000,1.378966
271.000000,1.396881
272.000000,1.394135
273.000000,1.391507
274.000000,1.388369
275.000000,1.377972
276.000000,1.379102
277.000000,1.379423
278.000000,1.381852
279.000000,1.383859
280.000000,1.387316
281.000000,1.392127
282.000000,1.386879
283.000000,1.373628
284.000000,1.387315
285.000000,1.390539
286.000000,1.395319
287.000000,1.397829
288.000000,1.393802
289.000000,1.405740
290.000000,1.387447
291.000000,1.374114
292.000000,1.352806
293.000000,1.370152
294.000000,1.360935
295.000000,1.343428
296.000000,1.373067
297.000000,1.382299
298.000000,1.400212
299.000000,1.391285
300.000000,1.406418
301.000000,1.393172
302.000000,1.391364
303.000000,1.391651
304.000000,1.410477
305.000000,1.417353
306.000000,1.415935
307.000000,1.399690
308.000000,1.391106
309.000000,1.381911
310.000000,1.376974
311.000000,1.380172
312.000000,1.367082
313.000000,1.365759
314.000000,1.363315
315.000000,1.372433
316.000000,1.357697
317.000000,1.356796
318.000000,1.363405
319.000000,1.344208
320.000000,1.350224
321.000000,1.358246
322.000000,1.345417
323.000000,1.355233
324.000000,1.359884
325.000000,1.377195
326.000000,1.372608
327.000000,1.356560
328.000000,1.384746
329.000000,1.349657
330.000000,1.390338
331.000000,1.400563
332.000000,1.352666
333.000000,1.351196
334.000000,1.370192
335.000000,1.372130
336.000000,1.396077
337.000000,1.400277
338.000000,1.387300
339.000000,1.360828
340.000000,1.373086
341.000000,1.357072
342.000000,1.377042
343.000000,1.381654
344.000000,1.402101
345.000000,1.399620
346.000000,1.388291
347.000000,1.396578
348.000000,1.413538
349.000000,1.356702
350.000000,1.364287
351.000000,1.354095
352.000000,1.380605
353.000000,1.427818
354.000000,1.358521
355.000000,1.359056
356.000000,1.340901
357.000000,1.331874
358.000000,1.338383
359.000000,1.350548
360.000000,1.327442
361.000000,1.319289
362.000000,1.310447
363.000000,1.309416
364.000000,1.355694
365.000000,1.314023
366.000000,1.317255
367.000000,1.320391
368.000000,1.325120
369.000000,1.361084
370.000000,1.312784
371.000000,1.327540
372.000000,1.336531
373.000000,1.335866
374.000000,1.346014
375.000000,1.309050
376.000000,1.320340
377.000000,1.305461
378.000000,1.294504
379.000000,1.341168
380.000000,1.346234
381.000000,1.364427
382.000000,1.394997
383.000000,1.370928
384.000000,1.362643
385.000000,1.352012
386.000000,1.370957
387.000000,1.366409
388.000000,1.386068
389.000000,1.375103
390.000000,1.324349
391.000000,1.360471
392.000000,1.351852
393.000000,1.347772
394.000000,1.365781
395.000000,1.365279
396.000000,1.350237
397.000000,1.360761
398.000000,1.404115
399.000000,1.421650
400.000000,1.350586
401.000000,1.352067
402.000000,1.352402
403.000000,1.352094
404.000000,1.374202
405.000000,1.347375
406.000000,1.384756
407.000000,1.351724
408.000000,1.361563
409.000000,1.404782
410.000000,1.413013
411.000000,1.416270
412.000000,1.348584
413.000000,1.361892
414.000000,1.392792
415.000000,1.353107
416.000000,1.346160
417.000000,1.391490
418.000000,1.396250
419.000000,1.348099
420.000000,1.345015
421.000000,1.341144
422.000000,1.341466
423.000000,1.342566
424.000000,1.375582
425.000000,1.330214
426.000000,1.337147
427.000000,1.370852
428.000000,1.380230
429.000000,1.400590
430.000000,1.407878
431.000000,1.413140
432.000000,1.353163
433.000000,1.356153
434.000000,1.398267
435.000000,1.393506
436.000000,1.361445
437.000000,1.338853
438.000000,1.333640
439.000000,1.350697
440.000000,1.394387
441.000000,1.417601
442.000000,1.410459
443.000000,1.379197
444.000000,1.363434
445.000000,1.376480
446.000000,1.373244
447.000000,1.369981
448.000000,1.381100
449.000000,1.390162
450.000000,1.382581
451.000000,1.419575
452.000000,1.383443
453.000000,1.416926
454.000000,1.383757
455.000000,1.358237
456.000000,1.395761
457.000000,1.403155
458.000000,1.395639
459.000000,1.396438
460.000000,1.389338
461.000000,1.396808
462.000000,1.348915
463.000000,1.358529
464.000000,1.382406
465.000000,1.386263
466.000000,1.404406
467.000000,1.419491
468.000000,1.369706
469.000000,1.352348
470.000000,1.367175
471.000000,1.357037
472.000000,1.341085
473.000000,1.343545
474.000000,1.368121
475.000000,1.352418
476.000000,1.366109
477.000000,1.376615
478.000000,1.371547
479.000000,1.363550
480.000000,1.373463
481.000000,1.382156
482.000000,1.364406
483.000000,1.356731
484.000000,1.369828
485.000000,1.368612
486.000000,1.372251
487.000000,1.373991
488.000000,1.371079
489.000000,1.372257
490.000000,1.361626
491.000000,1.364598
492.000000,1.379577
493.000000,1.382513
494.000000,1.401863
495.000000,1.397378
496.000000,1.386495
497.000000,1.339361
498.000000,1.341931
499.000000,1.357927
500.000000,1.354592
501.000000,1.343993
502.000000,1.344546
503.000000,1.349360
504.000000,1.345392
505.000000,1.347974
506.000000,1.343419
507.000000,1.343188
508.000000,1.333694
509.000000,1.343633
510.000000,1.342805
511.000000,1.337325
512.000000,1.339666
513.000000,1.359724
514.000000,1.372150
515.000000,1.341793
516.000000,1.391159
517.000000,1.395478
518.000000,1.390524
519.000000,1.402187
520.000000,1.420522
521.000000,1.415076
522.000000,1.398201
523.000000,1.352296
524.000000,1.403626
525.000000,1.390319
526.000000,1.395263
527.000000,1.352283
528.000000,1.355015
529.000000,1.367239
530.000000,1.406042
531.000000,1.392887
532.000000,1.392926
533.000000,1.416329
534.000000,1.380582
535.000000,1.415915
536.000000,1.413972
537.000000,1.396916
538.000000,1.414702
539.000000,1.417984
540.000000,1.429138
541.000000,1.410527
542.000000,1.415178
543.000000,1.366106
544.000000,1.396835
545.000000,1.408977
546.000000,1.432275
547.000000,1.421159
548.000000,1.371723
549.000000,1.396191
550.000000,1.424041
551.000000,1.417149
552.000000,1.410620
553.000000,1.405071
554.000000,1.409176
555.000000,1.363076
556.000000,1.355747
557.000000,1.364823
558.000000,1.373973
559.000000,1.378128
560.000000,1.382102
561.000000,1.365779
562.000000,1.397511
563.000000,1.395557
564.000000,1.367820
565.000000,1.379011
566.000000,1.369995
567.000000,1.367455
568.000000,1.389561
569.000000,1.393285
570.000000,1.377051
571.000000,1.362819
572.000000,1.357081
573.000000,1.361768
574.000000,1.353793
575.000000,1.357469
576.000000,1.397218
577.000000,1.401195
578.000000,1.410090
579.000000,1.400252
580.000000,1.413306
581.000000,1.389941
582.000000,1.403274
583.000000,1.452962
584.000000,1.398396
585.000000,1.363350
586.000000,1.401221
587.000000,1.425327
588.000000,1.412719
589.000000,1.420708
590.000000,1.419993
591.000000,1.407115
592.000000,1.399444
593.000000,1.414155
594.000000,1.370492
595.000000,1.367103
596.000000,1.412900
597.000000,1.412803
598.000000,1.406422
599.000000,1.418524
600.000000,1.419517
601.000000,1.428173
602.000000,1.441372
603.000000,1.393888
604.000000,1.357753
605.000000,1.451122
606.000000,1.454372
607.000000,1.427897
608.000000,1.414345
609.000000,1.416065
610.000000,1.424232
611.000000,1.445343
612.000000,1.427786
613.000000,1.403318
614.000000,1.399396
615.000000,1.418499
616.000000,1.408140
617.000000,1.398720
618.000000,1.382696
619.000000,1.371752
620.000000,1.350597
621.000000,1.381804
622.000000,1.399331
623.000000,1.377937
624.000000,1.371461
625.000000,1.409189
626.000000,1.359941
627.000000,1.340955
628.000000,1.353288
629.000000,1.373889
630.000000,1.357950
631.000000,1.411283
632.000000,1.432087
633.000000,1.430931
634.000000,1.424733
635.000000,1.426922
636.000000,1.388958
637.000000,1.392679
638.000000,1.413377
639.000000,1.416823
640.000000,1.405417
641.000000,1.398143
642.000000,1.395706
643.000000,1.395368
644.000000,1.386070
645.000000,1.415287
646.000000,1.413509
647.000000,1.413994
648.000000,1.434427
649.000000,1.430661
650.000000,1.439260
651.000000,1.468871
652.000000,1.427866
653.000000,1.420900
654.000000,1.417003
655.000000,1.417681
656.000000,1.412300
657.000000,1.400204
658.000000,1.409849
659.000000,1.371758
660.000000,1.411386
661.000000,1.413325
662.000000,1.406318
663.000000,1.404424
664.000000,1.431980
665.000000,1.438648
666.000000,1.436453
667.000000,1.433883
668.000000,1.370670
669.000000,1.367968
670.000000,1.386187
671.000000,1.444445
672.000000,1.451120
673.000000,1.455495
674.000000,1.438127
675.000000,1.433895
676.000000,1.418961
677.000000,1.406073
678.000000,1.410927
679.000000,1.398103
680.000000,1.411590
681.000000,1.418090
682.000000,1.444653
683.000000,1.435279
684.000000,1.428711
685.000000,1.400652
686.000000,1.396961
687.000000,1.397338
688.000000,1.446337
689.000000,1.443601
690.000000,1.440708
691.000000,1.456353
692.000000,1.452703
693.000000,1.443749
694.000000,1.463406
695.000000,1.473514
696.000000,1.433960
697.000000,1.427236
698.000000,1.422091
699.000000,1.425427
700.000000,1.424384
701.000000,1.438218
702.000000,1.439396
703.000000,1.424984
704.000000,1.413573
705.000000,1.401157
706.000000,1.399502
707.000000,1.426605
708.000000,1.432242
709.000000,1.408466
710.000000,1.400956
711.000000,1.411134
712.000000,1.425068
713.000000,1.431713
714.000000,1.420807
715.000000,1.415016
716.000000,1.408833
717.000000,1.423548
718.000000,1.435853
719.000000,1.426345
720.000000,1.422068
721.000000,1.421160
722.000000,1.420173
723.000000,1.407799
724.000000,1.383477
725.000000,1.407202
726.000000,1.389041
727.000000,1.397350
728.000000,1.373942
729.000000,1.371973
730.000000,1.378812
731.000000,1.368745
732.000000,1.437662
733.000000,1.435517
734.000000,1.423469
735.000000,1.429414
736.000000,1.428990
737.000000,1.440453
738.000000,1.423004
739.000000,1.408929
740.000000,1.416369
741.000000,1.387220
742.000000,1.395472
743.000000,1.375930
744.000000,1.388680
745.000000,1.384512
746.000000,1.382112
747.000000,1.395908
748.000000,1.393789
749.000000,1.416376
750.000000,1.421361
751.000000,1.392323
752.000000,1.403813
753.000000,1.429275
754.000000,1.392582
755.000000,1.388803
756.000000,1.402749
757.000000,1.400274
758.000000,1.394615
759.000000,1.377640
760.000000,1.362313
761.000000,1.358565
762.000000,1.361499
763.000000,1.376692
764.000000,1.380291
765.000000,1.374625
766.000000,1.393596
767.000000,1.395333
768.000000,1.383417
769.000000,1.379236
770.000000,1.374567
771.000000,1.376534
772.000000,1.366746
773.000000,1.385212
774.000000,1.386593
775.000000,1.410119
776.000000,1.391857
777.000000,1.393039
778.000000,1.379594
779.000000,1.373966
780.000000,1.389610
781.000000,1.366055
782.000000,1.384466
783.000000,1.373358
784.000000,1.385240
785.000000,1.343583
786.000000,1.335988
787.000000,1.331271
788.000000,1.381739
789.000000,1.392803
790.000000,1.390904
791.000000,1.372155
792.000000,1.380882
793.000000,1.376585
794.000000,1.347241
795.000000,1.337369
796.000000,1.381457
797.000000,1.386975
798.000000,1.363060
799.000000,1.365980
800.000000,1.342233
801.000000,1.340477
802.000000,1.368646
803.000000,1.380236
804.000000,1.381315
805.000000,1.361474
806.000000,1.379102
807.000000,1.399841
808.000000,1.408865
809.000000,1.387399
810.000000,1.360876
811.000000,1.367066
812.000000,1.362498
813.000000,1.402706
814.000000,1.387859
815.000000,1.333216
816.000000,1.373957
817.000000,1.383025
818.000000,1.400422
819.000000,1.398933
820.000000,1.384692
821.000000,1.374632
822.000000,1.369053
823.000000,1.385229
824.000000,1.391520
825.000000,1.406519
826.000000,1.401872
827.000000,1.381438
828.000000,1.384728
829.000000,1.386459
830.000000,1.370046
831.000000,1.387222
832.000000,1.376280
833.000000,1.384475
834.000000,1.380116
835.000000,1.376132
836.000000,1.374947
837.000000,1.369925
838.000000,1.376339
839.000000,1.361613
840.000000,1.377385
841.000000,1.381550
842.000000,1.369683
843.000000,1.379192
844.000000,1.386065
845.000000,1.392305
846.000000,1.369114
847.000000,1.375102
848.000000,1.369071
849.000000,1.355004
850.000000,1.369630
851.000000,1.385031
852.000000,1.380675
853.000000,1.377632
854.000000,1.359787
855.000000,1.397486
856.000000,1.437191
857.000000,1.439175
858.000000,1.389532
859.000000,1.397395
860.000000,1.402195
861.000000,1.385509
862.000000,1.371317
863.000000,1.447767
864.000000,1.399268
865.000000,1.386868
866.000000,1.376285
867.000000,1.370669
868.000000,1.377490
869.000000,1.394606
870.000000,1.401487
871.000000,1.398427
872.000000,1.474813
873.000000,1.419673
874.000000,1.400917
875.000000,1.399300
876.000000,1.396188
877.000000,1.379450
878.000000,1.374391
879.000000,1.393429
880.000000,1.393103
881.000000,1.407341
882.000000,1.426940
883.000000,1.424048
884.000000,1.397337
885.000000,1.391283
886.000000,1.382366
887.000000,1.369928
888.000000,1.382756
889.000000,1.401481
890.000000,1.401281
891.000000,1.403651
892.000000,1.393420
893.000000,1.385224
894.000000,1.397137
895.000000,1.397125
896.000000,1.407191
897.000000,1.415711
898.000000,1.405032
899.000000,1.405414
900.000000,1.405258
901.000000,1.398407
902.000000,1.399417
903.000000,1.381026
904.000000,1.380077
905.000000,1.431794
906.000000,1.435263
907.000000,1.388306
908.000000,1.440458
909.000000,1.400421
910.000000,1.392460
911.000000,1.403712
912.000000,1.402502
913.000000,1.415665
914.000000,1.394377
915.000000,1.384483
916.000000,1.379626
917.000000,1.373045
918.000000,1.376847
919.000000,1.399786
920.000000,1.412115
921.000000,1.463328
922.000000,1.467022
923.000000,1.436969
924.000000,1.394642
925.000000,1.403489
926.000000,1.396321
927.000000,1.369494
928.000000,1.411960
929.000000,1.425137
930.000000,1.410516
931.000000,1.374442
932.000000,1.374192
933.000000,1.400407
934.000000,1.386709
935.000000,1.362587
936.000000,1.374714
937.000000,1.362211
938.000000,1.355265
939.000000,1.366449
940.000000,1.390324
941.000000,1.378914
942.000000,1.373204
943.000000,1.360726
944.000000,1.407846
945.000000,1.341681
946.000000,1.341700
947.000000,1.391630
948.000000,1.397261
949.000000,1.336677
950.000000,1.336096
951.000000,1.344654
952.000000,1.348915
953.000000,1.395341
954.000000,1.372862
955.000000,1.344178
956.000000,1.382100
957.000000,1.323941
958.000000,1.332152
959.000000,1.341624
960.000000,1.344298
961.000000,1.345342
962.000000,1.350367
963.000000,1.359169
964.000000,1.332744
965.000000,1.332424
966.000000,1.330150
967.000000,1.332313
968.000000,1.328735
969.000000,1.330258
970.000000,1.341930
971.000000,1.345499
972.000000,1.341285
973.000000,1.333630
974.000000,1.344122
975.000000,1.358023
976.000000,1.360815
977.000000,1.375216
978.000000,1.387829
979.000000,1.381682
980.000000,1.365460
981.000000,1.360086
982.000000,1.342159
983.000000,1.351507
984.000000,1.352991
985.000000,1.360600
986.000000,1.342246
987.000000,1.338925
988.000000,1.349662
989.000000,1.346752
990.000000,1.353971
991.000000,1.350106
992.000000,1.366229
993.000000,1.359437
994.000000,1.367077
995.000000,1.362876
996.000000,1.373459
997.000000,1.365919
998.000000,1.351915
999.000000,1.348050
1000.000000,1.359055
1001.000000,1.355346
1002.000000,1.356554
1003.000000,1.362581
1004.000000,1.341527
1005.000000,1.346953
1006.000000,1.352516
1007.000000,1.354874
1008.000000,1.354557
1009.000000,1.340958
1010.000000,1.340218
1011.000000,1.338884
1012.000000,1.340223
1013.000000,1.358733
1014.000000,1.361860
1015.000000,1.342371
1016.000000,1.328703
1017.000000,1.335485
1018.000000,1.337339
1019.000000,1.335750
1020.000000,1.344068
1021.000000,1.322685
1022.000000,1.333207
1023.000000,1.333613
1024.000000,1.350028
1025.000000,1.392654
1026.000000,1.342627
1027.000000,1.361270
1028.000000,1.397351
1029.000000,1.394013
1030.000000,1.347499
1031.000000,1.352666
1032.000000,1.352453
1033.000000,1.339218
1034.000000,1.336903
1035.000000,1.321594
1036.000000,1.330459
1037.000000,1.362189
1038.000000,1.388347
1039.000000,1.392030
1040.000000,1.400212
1041.000000,1.369337
1042.000000,1.407873
1043.000000,1.417031
1044.000000,1.420904
1045.000000,1.362029
1046.000000,1.399414
1047.000000,1.396976
1048.000000,1.401351
1049.000000,1.350831
1050.000000,1.349123
1051.000000,1.396531
1052.000000,1.394986
1053.000000,1.396490
1054.000000,1.398574
1055.000000,1.423742
1056.000000,1.413111
1057.000000,1.391609
1058.000000,1.397259
1059.000000,1.351048
1060.000000,1.345965
1061.000000,1.384319
1062.000000,1.343064
1063.000000,1.346389
1064.000000,1.366058
1065.000000,1.375143
1066.000000,1.357008
1067.000000,1.352788
1068.000000,1.359698
1069.000000,1.365722
1070.000000,1.381386
1071.000000,1.424262
1072.000000,1.386327
1073.000000,1.384718
1074.000000,1.351881
1075.000000,1.338512
1076.000000,1.340779
1077.000000,1.353006
1078.000000,1.395066
1079.000000,1.406592
1080.000000,1.360600
1081.000000,1.412848
1082.000000,1.408088
1083.000000,1.404387
1084.000000,1.358305
1085.000000,1.358276
1086.000000,1.389854
1087.000000,1.339046
1088.000000,1.342911
1089.000000,1.352304
1090.000000,1.350156
1091.000000,1.348645
1092.000000,1.367689
1093.000000,1.346672
1094.000000,1.355860
1095.000000,1.353055
1096.000000,1.356552
1097.000000,1.355976
1098.000000,1.356276
1099.000000,1.372948
1100.000000,1.374617
1101.000000,1.359551
1102.000000,1.358086
1103.000000,1.365781
1104.000000,1.360638
1105.000000,1.354779
1106.000000,1.344992
1107.000000,1.358671
1108.000000,1.370395
1109.000000,1.340172
1110.000000,1.328911
1111.000000,1.323716
1112.000000,1.359003
1113.000000,1.366188
1114.000000,1.365510
1115.000000,1.370795
1116.000000,1.346844
1117.000000,1.347815
1118.000000,1.349065
1119.000000,1.354106
1120.000000,1.339134
1121.000000,1.342347
1122.000000,1.341126
1123.000000,1.343737
1124.000000,1.350767
1125.000000,1.350013
1126.000000,1.351718
1127.000000,1.353971
1128.000000,1.347824
1129.000000,1.360824
1130.000000,1.364828
1131.000000,1.360892
1132.000000,1.360400
1133.000000,1.351479
1134.000000,1.336012
1135.000000,1.328416
1136.000000,1.329034
1137.000000,1.333987
1138.000000,1.341116
1139.000000,1.353699
1140.000000,1.332343
1141.000000,1.345634
1142.000000,1.342255
1143.000000,1.339028
1144.000000,1.340762
1145.000000,1.311166
1146.000000,1.337481
1147.000000,1.332430
1148.000000,1.337243
1149.000000,1.337476
1150.000000,1.336002
1151.000000,1.353958
1152.000000,1.379595
1153.000000,1.363580
1154.000000,1.351781
1155.000000,1.351276
1156.000000,1.343373
1157.000000,1.316819
1158.000000,1.308167
1159.000000,1.295878
1160.000000,1.324580
1161.000000,1.326533
1162.000000,1.317163
1163.000000,1.317003
1164.000000,1.326662
1165.000000,1.326325
1166.000000,1.320727
1167.000000,1.313053
1168.000000,1.304562
1169.000000,1.300350
1170.000000,1.309399
1171.000000,1.306939
1172.000000,1.309603
1173.000000,1.355227
1174.000000,1.346211
1175.000000,1.350301
1176.000000,1.358818
1177.000000,1.358289
1178.000000,1.359541
1179.000000,1.300246
1180.000000,1.308242
1181.000000,1.299987
1182.000000,1.308131
1183.000000,1.348155
1184.000000,1.301558
1185.000000,1.287761
1186.000000,1.326802
1187.000000,1.276603
1188.000000,1.318163
1189.000000,1.265614
1190.000000,1.312674
1191.000000,1.281250
1192.000000,1.286262
1193.000000,1.307163
1194.000000,1.312115
1195.000000,1.306905
1196.000000,1.314692
1197.000000,1.297244
1198.000000,1.299718
1199.000000,1.317202
1200.000000,1.314874
1201.000000,1.308351
1202.000000,1.292665
1203.000000,1.293189
1204.000000,1.290307
1205.000000,1.289243
1206.000000,1.311801
1207.000000,1.322417
1208.000000,1.314881
1209.000000,1.314330
1210.000000,1.315676
1211.000000,1.325599
1212.000000,1.315221
1213.000000,1.327647
1214.000000,1.334983
1215.000000,1.325727
1216.000000,1.327263
1217.000000,1.330821
1218.000000,1.338901
1219.000000,1.336354
1220.000000,1.342636
1221.000000,1.327052
1222.000000,1.319934
1223.000000,1.307189
1224.000000,1.340045
1225.000000,1.345906
1226.000000,1.331409
1227.000000,1.338095
1228.000000,1.322882
1229.000000,1.354527
1230.000000,1.354738
1231.000000,1.317526
1232.000000,1.320076
1233.000000,1.335583
1234.000000,1.349874
1235.000000,1.337599
1236.000000,1.333141
1237.000000,1.328819
1238.000000,1.324749
1239.000000,1.328420
1240.000000,1.329686
1241.000000,1.318530
1242.000000,1.332262
1243.000000,1.337876
1244.000000,1.328089
1245.000000,1.334243
1246.000000,1.366441
1247.000000,1.340682
1248.000000,1.325018
1249.000000,1.326171
1250.000000,1.388457
1251.000000,1.393048
1252.000000,1.392040
1253.000000,1.384490
1254.000000,1.389429
1255.000000,1.395757
1256.000000,1.376011
1257.000000,1.351962
1258.000000,1.377654
1259.000000,1.360056
1260.000000,1.363998
1261.000000,1.375540
1262.000000,1.341946
1263.000000,1.351085
1264.000000,1.382219
1265.000000,1.387053
1266.000000,1.394461
1267.000000,1.328251
1268.000000,1.375558
1269.000000,1.330850
1270.000000,1.324045
1271.000000,1.337810
1272.000000,1.335564
1273.000000,1.336483
1274.000000,1.342217
1275.000000,1.347087
1276.000000,1.402769
1277.000000,1.357493
1278.000000,1.353310
1279.000000,1.342605
1280.000000,1.325325
1281.000000,1.339252
1282.000000,1.302361
1283.000000,1.346912
1284.000000,1.331300
1285.000000,1.317477
1286.000000,1.318658
1287.000000,1.329311
1288.000000,1.340155
1289.000000,1.349849
1290.000000,1.334403
1291.000000,1.321033
1292.000000,1.341872
1293.000000,1.351106
1294.000000,1.337547
1295.000000,1.326529
1296.000000,1.338262
1297.000000,1.337614
1298.000000,1.344939
1299.000000,1.336463
1300.000000,1.328070
1301.000000,1.330625
1302.000000,1.340996
1303.000000,1.359599
1304.000000,1.308807
1305.000000,1.314959
1306.000000,1.329895
1307.000000,1.367440
1308.000000,1.308795
1309.000000,1.332407
1310.000000,1.350639
1311.000000,1.361556
1312.000000,1.370599
1313.000000,1.364805
1314.000000,1.360662
1315.000000,1.335343
1316.000000,1.341245
1317.000000,1.344272
1318.000000,1.330374
1319.000000,1.326348
1320.000000,1.316037
1321.000000,1.327291
1322.000000,1.322200
1323.000000,1.325731
1324.000000,1.332424
1325.000000,1.340073
1326.000000,1.339763
1327.000000,1.353182
1328.000000,1.366914
1329.000000,1.355881
1330.000000,1.352325
1331.000000,1.338681
1332.000000,1.346707
1333.000000,1.352711
1334.000000,1.343336
1335.000000,1.321370
1336.000000,1.330314
1337.000000,1.347439
1338.000000,1.343862
1339.000000,1.333673
1340.000000,1.329434
1341.000000,1.335384
1342.000000,1.335934
1343.000000,1.361456
1344.000000,1.349950
1345.000000,1.327918
1346.000000,1.320817
1347.000000,1.319736
1348.000000,1.342944
1349.000000,1.345106
1350.000000,1.324376
1351.000000,1.321568
1352.000000,1.335947
1353.000000,1.327563
1354.000000,1.341535
1355.000000,1.342948
1356.000000,1.338029
1357.000000,1.344372
1358.000000,1.343196
1359.000000,1.352174
1360.000000,1.344912
1361.000000,1.354145
1362.000000,1.354908
1363.000000,1.350416
1364.000000,1.360527
1365.000000,1.352939
1366.000000,1.346102
1367.000000,1.326901
1368.000000,1.319542
1369.000000,1.340102
1370.000000,1.350621
1371.000000,1.346011
1372.000000,1.330938
1373.000000,1.341817
1374.000000,1.339654
1375.000000,1.330333
1376.000000,1.330926
1377.000000,1.336837
1378.000000,1.329139
1379.000000,1.331774
1380.000000,1.335133
1381.000000,1.327331
1382.000000,1.339177
1383.000000,1.336488
1384.000000,1.315022
1385.000000,1.320679
1386.000000,1.329121
1387.000000,1.316321
1388.000000,1.333696
1389.000000,1.340789
1390.000000,1.337003
1391.000000,1.330386
1392.000000,1.331740
1393.000000,1.331371
1394.000000,1.334952
1395.000000,1.328514
1396.000000,1.319761
1397.000000,1.329049
1398.000000,1.333848
1399.000000,1.335443
1400.000000,1.341922
1401.000000,1.346128
1402.000000,1.318874
1403.000000,1.319765
1404.000000,1.337192
1405.000000,1.333674
1406.000000,1.315799
1407.000000,1.309610
1408.000000,1.314297
1409.000000,1.327140
1410.000000,1.345101
1411.000000,1.343479
1412.000000,1.325027
1413.000000,1.335935
1414.000000,1.349785
1415.000000,1.340451
1416.000000,1.338715
1417.000000,1.343297
1418.000000,1.339291
1419.000000,1.332993
1420.000000,1.338067
1421.000000,1.341522
1422.000000,1.332409
1423.000000,1.345473
1424.000000,1.332439
1425.000000,1.328469
1426.000000,1.326616
1427.000000,1.331031
1428.000000,1.339302
1429.000000,1.338960
1430.000000,1.358186
1431.000000,1.349744
1432.000000,1.343342
1433.000000,1.343299
1434.000000,1.335264
1435.000000,1.351606
1436.000000,1.344250
1437.000000,1.347600
1438.000000,1.361248
1439.000000,1.350126
1440.000000,1.343857
1441.000000,1.348462
1442.000000,1.350975
1443.000000,1.341468
1444.000000,1.329140
1445.000000,1.338430
1446.000000,1.342583
1447.000000,1.360028
1448.000000,1.358749
1449.000000,1.358996
1450.000000,1.347511
1451.000000,1.330016
1452.000000,1.333800
1453.000000,1.349596
1454.000000,1.352536
1455.000000,1.352562
1456.000000,1.352198
1457.000000,1.361356
1458.000000,1.363259
1459.000000,1.348943
1460.000000,1.370875
1461.000000,1.356338
1462.000000,1.362021
1463.000000,1.358068
1464.000000,1.339112
1465.000000,1.349986
1466.000000,1.354411
1467.000000,1.360438
1468.000000,1.370002
1469.000000,1.361505
1470.000000,1.337361
1471.000000,1.349306
1472.000000,1.347645
1473.000000,1.333671
1474.000000,1.331784
1475.000000,1.348444
1476.000000,1.347872
1477.000000,1.350628
1478.000000,1.350594
1479.000000,1.339905
1480.000000,1.342796
1481.000000,1.360702
1482.000000,1.347895
1483.000000,1.359639
1484.000000,1.370039
1485.000000,1.401102
1486.000000,1.336932
1487.000000,1.389098
1488.000000,1.370116
1489.000000,1.340947
1490.000000,1.382836
1491.000000,1.376824
1492.000000,1.379183
1493.000000,1.381065
1494.000000,1.390723
1495.000000,1.394653
1496.000000,1.390419
1497.000000,1.394345
1498.000000,1.401963
1499.000000,1.371293
1500.000000,1.370880
1501.000000,1.391544
1502.000000,1.394396
1503.000000,1.380550
1504.000000,1.378141
1505.000000,1.346874
1506.000000,1.341807
1507.000000,1.360144
1508.000000,1.395694
1509.000000,1.399438
1510.000000,1.388810
1511.000000,1.345735
1512.000000,1.384239
1513.000000,1.388425
1514.000000,1.344973
1515.000000,1.361313
1516.000000,1.415186
1517.000000,1.387669
1518.000000,1.385603
1519.000000,1.372085
1520.000000,1.353118
1521.000000,1.354693
1522.000000,1.348264
1523.000000,1.346678
1524.000000,1.350874
1525.000000,1.364581
1526.000000,1.405980
1527.000000,1.385708
1528.000000,1.380823
1529.000000,1.395274
1530.000000,1.357969
1531.000000,1.356526
1532.000000,1.334012
1533.000000,1.334865
1534.000000,1.344484
1535.000000,1.360836
1536.000000,1.385674
1537.000000,1.371988
1538.000000,1.398469
1539.000000,1.389872
1540.000000,1.399481
1541.000000,1.415506
1542.000000,1.401929
1543.000000,1.398062
1544.000000,1.404519
1545.000000,1.407282
1546.000000,1.409772
1547.000000,1.410099
1548.000000,1.411296
1549.000000,1.410103
1550.000000,1.389665
1551.000000,1.402958
1552.000000,1.417450
1553.000000,1.427511
1554.000000,1.410664
1555.000000,1.392165
1556.000000,1.380682
1557.000000,1.342650
1558.000000,1.354812
1559.000000,1.369882
1560.000000,1.432881
1561.000000,1.403556
1562.000000,1.400319
1563.000000,1.404964
1564.000000,1.355566
1565.000000,1.421565
1566.000000,1.367686
1567.000000,1.383830
1568.000000,1.373376
1569.000000,1.374046
1570.000000,1.378054
1571.000000,1.368537
1572.000000,1.366473
1573.000000,1.351863
1574.000000,1.339074
1575.000000,1.350984
1576.000000,1.344705
1577.000000,1.368470
1578.000000,1.360406
1579.000000,1.360320
1580.000000,1.351603
1581.000000,1.366853
1582.000000,1.374821
1583.000000,1.377261
1584.000000,1.378755
1585.000000,1.383252
1586.000000,1.384720
1587.000000,1.389780
1588.000000,1.343761
1589.000000,1.385348
1590.000000,1.381870
1591.000000,1.356831
1592.000000,1.354811
1593.000000,1.329137
1594.000000,1.347039
1595.000000,1.360241
1596.000000,1.355105
1597.000000,1.341444
1598.000000,1.336741
1599.000000,1.341476
1600.000000,1.328867
1601.000000,1.334513
1602.000000,1.323130
1603.000000,1.332291
1604.000000,1.351254
1605.000000,1.353214
1606.000000,1.350808
1607.000000,1.358865
1608.000000,1.352169
1609.000000,1.353181
1610.000000,1.340854
1611.000000,1.350846
1612.000000,1.356135
1613.000000,1.398351
1614.000000,1.358086
1615.000000,1.398153
1616.000000,1.407969
1617.000000,1.469262
1618.000000,1.397102
1619.000000,1.421215
1620.000000,1.335340
1621.000000,1.327533
1622.000000,1.325416
1623.000000,1.327450
1624.000000,1.340822
1625.000000,1.333269
1626.000000,1.339439
1627.000000,1.324847
1628.000000,1.311455
1629.000000,1.323995
1630.000000,1.324184
1631.000000,1.331836
1632.000000,1.347191
1633.000000,1.369995
1634.000000,1.370491
1635.000000,1.409189
1636.000000,1.388031
1637.000000,1.377165
1638.000000,1.410715
1639.000000,1.382744
1640.000000,1.384808
1641.000000,1.392905
1642.000000,1.420368
1643.000000,1.427035
1644.000000,1.394155
1645.000000,1.374617
1646.000000,1.405820
1647.000000,1.373551
1648.000000,1.380489
1649.000000,1.382066
1650.000000,1.408572
1651.000000,1.377623
1652.000000,1.379673
1653.000000,1.363777
1654.000000,1.430040
1655.000000,1.380178
1656.000000,1.356998
1657.000000,1.402231
1658.000000,1.393673
1659.000000,1.394014
1660.000000,1.330295
1661.000000,1.390798
1662.000000,1.385070
1663.000000,1.379803
1664.000000,1.392065
1665.000000,1.348666
1666.000000,1.406574
1667.000000,1.400154
1668.000000,1.373216
1669.000000,1.374211
1670.000000,1.361726
1671.000000,1.367802
1672.000000,1.390522
1673.000000,1.402105
1674.000000,1.409448
1675.000000,1.417157
1676.000000,1.413632
1677.000000,1.392161
1678.000000,1.331288
1679.000000,1.404156
1680.000000,1.359474
1681.000000,1.340551
1682.000000,1.347807
1683.000000,1.346581
1684.000000,1.347532
1685.000000,1.410268
1686.000000,1.348860
1687.000000,1.365325
1688.000000,1.390140
1689.000000,1.397386
1690.000000,1.385543
1691.000000,1.388753
1692.000000,1.394485
1693.000000,1.340988
1694.000000,1.332019
1695.000000,1.335889
1696.000000,1.335572
1697.000000,1.345371
1698.000000,1.327502
1699.000000,1.317539
1700.000000,1.325795
1701.000000,1.328848
1702.000000,1.320042
1703.000000,1.334224
1704.000000,1.403108
1705.000000,1.341402
1706.000000,1.343746
1707.000000,1.379233
1708.000000,1.397998
1709.000000,1.390579
1710.000000,1.338399
1711.000000,1.325866
1712.000000,1.318475
1713.000000,1.325411
1714.000000,1.385208
1715.000000,1.443932
1716.000000,1.393993
1717.000000,1.386877
1718.000000,1.392011
1719.000000,1.375553
1720.000000,1.328132
1721.000000,1.371900
1722.000000,1.390497
1723.000000,1.385220
1724.000000,1.342438
1725.000000,1.385561
1726.000000,1.378222
1727.000000,1.393985
1728.000000,1.379722
1729.000000,1.372481
1730.000000,1.307537
1731.000000,1.329811
1732.000000,1.336387
1733.000000,1.338018
1734.000000,1.327980
1735.000000,1.372680
1736.000000,1.390272
1737.000000,1.391193
1738.000000,1.387879
1739.000000,1.379153
1740.000000,1.371228
1741.000000,1.358272
1742.000000,1.390509
1743.000000,1.384807
1744.000000,1.324462
1745.000000,1.324746
1746.000000,1.352579
1747.000000,1.333346
1748.000000,1.296594
1749.000000,1.313816
1750.000000,1.307337
1751.000000,1.302615
1752.000000,1.311755
1753.000000,1.331355
1754.000000,1.325439
1755.000000,1.332675
1756.000000,1.379444
1757.000000,1.388579
1758.000000,1.399517
1759.000000,1.410730
1760.000000,1.401402
1761.000000,1.396786
1762.000000,1.348552
1763.000000,1.334524
1764.000000,1.313174
1765.000000,1.331494
1766.000000,1.347975
1767.000000,1.343833
1768.000000,1.390034
1769.000000,1.406896
1770.000000,1.416402
1771.000000,1.407346
1772.000000,1.387695
1773.000000,1.356300
1774.000000,1.363052
1775.000000,1.367775
1776.000000,1.359881
1777.000000,1.397087
1778.000000,1.374679
1779.000000,1.391548
1780.000000,1.406674
1781.000000,1.355609
1782.000000,1.342184
1783.000000,1.347771
1784.000000,1.351558
1785.000000,1.393943
1786.000000,1.348786
1787.000000,1.408897
1788.000000,1.424678
1789.000000,1.396257
1790.000000,1.386197
1791.000000,1.370341
1792.000000,1.396491
1793.000000,1.412416
1794.000000,1.422506
1795.000000,1.400351
1796.000000,1.381568
1797.000000,1.356550
1798.000000,1.362760
1799.000000,1.378002
1800.000000,1.328989
1801.000000,1.374567
1802.000000,1.332995
1803.000000,1.379259
1804.000000,1.375168
1805.000000,1.355504
1806.000000,1.303603
1807.000000,1.383939
1808.000000,1.401444
1809.000000,1.410716
1810.000000,1.380302
1811.000000,1.379893
1812.000000,1.370002
1813.000000,1.359125
1814.000000,1.379602
1815.000000,1.376879
1816.000000,1.377918
1817.000000,1.372079
1818.000000,1.376869
1819.000000,1.440912
1820.000000,1.449800
1821.000000,1.437764
1822.000000,1.378264
1823.000000,1.378283
1824.000000,1.401639
1825.000000,1.408823
1826.000000,1.400596
1827.000000,1.440551
1828.000000,1.415696
1829.000000,1.357339
1830.000000,1.372251
1831.000000,1.367939
1832.000000,1.367857
1833.000000,1.333622
1834.000000,1.385142
1835.000000,1.373208
1836.000000,1.390222
1837.000000,1.385113
1838.000000,1.380899
1839.000000,1.383328
1840.000000,1.382565
1841.000000,1.383675
1842.000000,1.383423
1843.000000,1.387373
1844.000000,1.330055
1845.000000,1.376809
1846.000000,1.307052
1847.000000,1.369842
1848.000000,1.381550
1849.000000,1.403085
1850.000000,1.380760
1851.000000,1.378836
1852.000000,1.323137
1853.000000,1.323897
1854.000000,1.332223
1855.000000,1.395038
1856.000000,1.389451
1857.000000,1.386555
1858.000000,1.394240
1859.000000,1.323460
1860.000000,1.325741
1861.000000,1.339362
1862.000000,1.342809
1863.000000,1.386275
1864.000000,1.339571
1865.000000,1.329859
1866.000000,1.325624
1867.000000,1.319506
1868.000000,1.356070
1869.000000,1.314206
1870.000000,1.311070
1871.000000,1.335095
1872.000000,1.387480
1873.000000,1.328130
1874.000000,1.372949
1875.000000,1.377456
1876.000000,1.385250
1877.000000,1.388700
1878.000000,1.393658
1879.000000,1.348777
1880.000000,1.342279
1881.000000,1.346439
1882.000000,1.403141
1883.000000,1.333716
1884.000000,1.339980
1885.000000,1.357909
1886.000000,1.340797
1887.000000,1.331568
1888.000000,1.316043
1889.000000,1.377005
1890.000000,1.369696
1891.000000,1.390872
1892.000000,1.387554
1893.000000,1.410054
1894.000000,1.401552
1895.000000,1.411511
1896.000000,1.398462
1897.000000,1.351874
1898.000000,1.394555
1899.000000,1.394931
1900.000000,1.388826
1901.000000,1.383669
1902.000000,1.323477
1903.000000,1.318484
1904.000000,1.356177
1905.000000,1.355967
1906.000000,1.357142
1907.000000,1.363345
1908.000000,1.403847
1909.000000,1.416751
1910.000000,1.350427
1911.000000,1.335357
1912.000000,1.345085
1913.000000,1.396140
1914.000000,1.385040
1915.000000,1.373646
1916.000000,1.382585
1917.000000,1.362346
1918.000000,1.374050
1919.000000,1.369701
1920.000000,1.360661
1921.000000,1.342729
1922.000000,1.369121
1923.000000,1.361963
1924.000000,1.348557
1925.000000,1.341039
1926.000000,1.302828
1927.000000,1.347078
1928.000000,1.352115
1929.000000,1.355815
1930.000000,1.342467
1931.000000,1.351102
1932.000000,1.342290
1933.000000,1.345291
1934.000000,1.366880
1935.000000,1.365451
1936.000000,1.353804
1937.000000,1.367286
1938.000000,1.361393
1939.000000,1.347336
1940.000000,1.343181
1941.000000,1.363912
1942.000000,1.363040
1943.000000,1.368560
1944.000000,1.376152
1945.000000,1.368069
1946.000000,1.350494
1947.000000,1.350658
1948.000000,1.343736
1949.000000,1.354464
1950.000000,1.366188
1951.000000,1.380623
1952.000000,1.381624
1953.000000,1.369183
1954.000000,1.311563
1955.000000,1.302147
1956.000000,1.312457
1957.000000,1.355496
1958.000000,1.357895
1959.000000,1.298347
1960.000000,1.336887
1961.000000,1.332607
1962.000000,1.351800
1963.000000,1.351032
1964.000000,1.355720
1965.000000,1.365331
1966.000000,1.366995
1967.000000,1.341632
1968.000000,1.383510
1969.000000,1.392356
1970.000000,1.405457
1971.000000,1.391791
1972.000000,1.385608
1973.000000,1.368297
1974.000000,1.381641
1975.000000,1.364970
1976.000000,1.359588
1977.000000,1.370614
1978.000000,1.367626
1979.000000,1.385119
1980.000000,1.391986
1981.000000,1.404902
1982.000000,1.401620
1983.000000,1.415290
1984.000000,1.412087
1985.000000,1.387942
1986.000000,1.382219
1987.000000,1.376616
1988.000000,1.375521
1989.000000,1.376609
1990.000000,1.382458
1991.000000,1.371486
1992.000000,1.368734
1993.000000,1.373001
1994.000000,1.378183
1995.000000,1.332660
1996.000000,1.327168
1997.000000,1.316020
1998.000000,1.316573
1999.000000,1.311978
2000.000000,1.370724
2001.000000,1.378043
2002.000000,1.382594
2003.000000,1.386525
2004.000000,1.386784
2005.000000,1.378715
2006.000000,1.361156
2007.000000,1.366004
2008.000000,1.391181
2009.000000,1.377401
2010.000000,1.338203
2011.000000,1.390457
2012.000000,1.378503
2013.000000,1.324653
2014.000000,1.380233
2015.000000,1.372036
2016.000000,1.318914
2017.000000,1.369299
2018.000000,1.386911
2019.000000,1.392614
2020.000000,1.389460
2021.000000,1.385142
2022.000000,1.390473
2023.000000,1.397252
2024.000000,1.408612
2025.000000,1.401954
2026.000000,1.347001
2027.000000,1.412163
2028.000000,1.399416
2029.000000,1.384745
2030.000000,1.328636
2031.000000,1.339592
2032.000000,1.377077
2033.000000,1.391420
2034.000000,1.401221
2035.000000,1.367620
2036.000000,1.361056
2037.000000,1.371865
2038.000000,1.383085
2039.000000,1.397129
2040.000000,1.384056
2041.000000,1.384492
2042.000000,1.374314
2043.000000,1.363384
2044.000000,1.304019
2045.000000,1.352195
2046.000000,1.359859
2047.000000,1.376713
2048.000000,1.394676
2049.000000,1.371568
2050.000000,1.367445
2051.000000,1.362808
2052.000000,1.371050
2053.000000,1.398741
2054.000000,1.403915
2055.000000,1.400630
2056.000000,1.389103
2057.000000,1.367113
2058.000000,1.372080
2059.000000,1.373729
2060.000000,1.377182
2061.000000,1.374518
2062.000000,1.381921
2063.000000,1.376302
2064.000000,1.314131
2065.000000,1.359357
2066.000000,1.361501
2067.000000,1.357479
2068.000000,1.323150
2069.000000,1.382176
2070.000000,1.361778
2071.000000,1.354588
2072.000000,1.357137
2073.000000,1.345211
2074.000000,1.323666
2075.000000,1.345608
2076.000000,1.360215
2077.000000,1.366093
2078.000000,1.357035
2079.000000,1.364886
2080.000000,1.387978
2081.000000,1.333133
2082.000000,1.320722
2083.000000,1.360960
2084.000000,1.362807
2085.000000,1.331122
2086.000000,1.329288
2087.000000,1.324722
2088.000000,1.321694
2089.000000,1.379866
2090.000000,1.379064
2091.000000,1.395158
2092.000000,1.379040
2093.000000,1.346556
2094.000000,1.330135
2095.000000,1.329980
2096.000000,1.344043
2097.000000,1.340296
2098.000000,1.333517
2099.000000,1.300057
2100.000000,1.304959
2101.000000,1.343190
2102.000000,1.359234
2103.000000,1.356513
2104.000000,1.371328
2105.000000,1.344718
2106.000000,1.381363
2107.000000,1.373628
2108.000000,1.308070
2109.000000,1.315555
2110.000000,1.310887
2111.000000,1.329379
2112.000000,1.333856
2113.000000,1.335368
2114.000000,1.340826
2115.000000,1.338534
2116.000000,1.333139
2117.000000,1.371986
2118.000000,1.346781
2119.000000,1.347759
2120.000000,1.364333
2121.000000,1.319799
2122.000000,1.370051
2123.000000,1.365565
2124.000000,1.373839
2125.000000,1.379997
2126.000000,1.387643
2127.000000,1.386517
2128.000000,1.367256
2129.000000,1.359510
2130.000000,1.372337
2131.000000,1.376537
2132.000000,1.384744
2133.000000,1.335020
2134.000000,1.331159
2135.000000,1.391195
2136.000000,1.386214
2137.000000,1.369927
2138.000000,1.379586
2139.000000,1.384208
2140.000000,1.367759
2141.000000,1.383210
2142.000000,1.375499
2143.000000,1.359615
2144.000000,1.337557
2145.000000,1.340391
2146.000000,1.360973
2147.000000,1.361387
2148.000000,1.390936
2149.000000,1.384781
2150.000000,1.376433
2151.000000,1.373842
2152.000000,1.371847
2153.000000,1.367501
2154.000000,1.365179
2155.000000,1.375380
2156.000000,1.392627
2157.000000,1.400520
2158.000000,1.320787
2159.000000,1.310469
2160.000000,1.328423
2161.000000,1.334610
2162.000000,1.340137
2163.000000,1.400825
2164.000000,1.398381
2165.000000,1.404037
2166.000000,1.395126
2167.000000,1.403581
2168.000000,1.386929
2169.000000,1.390243
2170.000000,1.397210
2171.000000,1.341761
2172.000000,1.321883
2173.000000,1.327058
2174.000000,1.317930
2175.000000,1.345429
2176.000000,1.350516
2177.000000,1.352984
2178.000000,1.337798
2179.000000,1.378860
2180.000000,1.323049
2181.000000,1.300170
2182.000000,1.302015
2183.000000,1.361441
2184.000000,1.319635
2185.000000,1.319487
2186.000000,1.320406
2187.000000,1.335974
2188.000000,1.341068
2189.000000,1.408654
2190.000000,1.352013
2191.000000,1.344771
2192.000000,1.391649
2193.000000,1.336523
2194.000000,1.381844
2195.000000,1.355030
2196.000000,1.347542
2197.000000,1.314085
2198.000000,1.315601
2199.000000,1.309802
2200.000000,1.325818
2201.000000,1.314123
2202.000000,1.342642
2203.000000,1.321457
2204.000000,1.321454
2205.000000,1.319911
2206.000000,1.327669
2207.000000,1.338169
2208.000000,1.318994
2209.000000,1.311111
2210.000000,1.324392
2211.000000,1.319129
2212.000000,1.323078
2213.000000,1.325003
2214.000000,1.313020
2215.000000,1.293288
2216.000000,1.284048
2217.000000,1.289559
2218.000000,1.300416
2219.000000,1.298127
2220.000000,1.294697
2221.000000,1.297483
2222.000000,1.333818
2223.000000,1.327116
2224.000000,1.329650
2225.000000,1.387136
2226.000000,1.353403
2227.000000,1.352541
2228.000000,1.338816
2229.000000,1.322972
2230.000000,1.344458
2231.000000,1.333544
2232.000000,1.325665
2233.000000,1.301313
2234.000000,1.300110
2235.000000,1.287834
2236.000000,1.286449
2237.000000,1.275087
2238.000000,1.317526
2239.000000,1.336588
2240.000000,1.317541
2241.000000,1.310378
2242.000000,1.317185
2243.000000,1.323538
2244.000000,1.324934
2245.000000,1.331146
2246.000000,1.331509
2247.000000,1.388803
2248.000000,1.325877
2249.000000,1.311489
2250.000000,1.299770
2251.000000,1.302016
2252.000000,1.310965
2253.000000,1.330213
2254.000000,1.326375
2255.000000,1.331515
2256.000000,1.323801
2257.000000,1.334838
2258.000000,1.330665
2259.000000,1.325855
2260.000000,1.298526
2261.000000,1.301596
2262.000000,1.301576
2263.000000,1.327748
2264.000000,1.324981
2265.000000,1.318186
2266.000000,1.360700
2267.000000,1.301405
2268.000000,1.297438
2269.000000,1.288254
2270.000000,1.330131
2271.000000,1.356798
2272.000000,1.362163
2273.000000,1.342201
2274.000000,1.344695
2275.000000,1.304029
2276.000000,1.315922
2277.000000,1.303142
2278.000000,1.294814
2279.000000,1.309684
2280.000000,1.314039
2281.000000,1.333260
2282.000000,1.342997
2283.000000,1.341209
2284.000000,1.325367
2285.000000,1.293587
2286.000000,1.331313
2287.000000,1.342814
