1584
1585
1587
1588
1592
1593
1594
1595
1598
1599
1600
1601
1603
1604
1609
1610
1611
1612
1615
1616
1617
1618
1620
1622
1623
1624
1625
1626
1629
1630
1631
1632
1635
1636
1638
1639
1641
1642
1643
1644
1645
1646
1648
1649
1650
1653
1654
1659
1660
1661
1662
1664
1665
1668
1669
1670
1671
1672
1675
1676
1677
1678
1680
1682
1683
1684
1685
1686
1688
1689
1691
1692
1696
1697
1698
1699
1700
1702
1703
1705
1709
1710
1711
1713
1714
1716
1717
1718
1722
1723
1724
1726
1727
1729
1730
1731
1758
1759
1761
1762
1766
1767
1768
1769
1772
1773
1774
1775
1777
1778
1783
1784
1785
1786
1789
1790
1791
1792
1794
1796
1797
1798
1799
1800
1803
1804
1805
1806
1809
1810
1812
1813
1815
1816
1817
1818
1819
1820
1822
1823
1824
1827
1828
1833
1834
1835
1836
1838
1839
1842
1843
1844
1845
1846
1849
1850
1851
1852
1854
1856
1857
1858
1859
1860
1862
1863
1865
1866
1870
1871
1872
1873
1874
1876
1877
1879
1883
1884
1885
1887
1888
1890
1891
1892
1896
1897
1898
1900
1901
1903
1904
1905
