CHARGE=0 GNORM=0.1 STEP=36 POINT=10 BONDS GEO-OK VECTORS DENSITY 
Ethane.MOP
                                                                                
  C    0.000000  0    0.000000  0    0.000000  0    0   0   0
  C    1.475006  1    0.000000  0    0.000000  0    1   0   0
 Cl    1.755020  1  108.200684  1    0.000000  0    1   2   0
 Cl    1.755020  1  108.200684  1  238.814743 -1    1   2   3
 Cl    1.755005  1  108.200684  1  121.185257  1    1   2   3
 Cl    1.754974  1  108.200684  1  178.902420  1    2   1   3
 Cl    1.754974  1  108.200684  1   61.261444  1    2   1   3
 Cl    1.754974  1  108.200684  1  300.076187  1    2   1   3

